1432850684,s1-eth1,0.00,0.00,0.00,0,0,0.00,0.00,0.00,0,0,0.00,0.00,0,0
1432850684,s1-eth2,0.00,0.00,0.00,0,0,0.00,0.00,0.00,0,0,0.00,0.00,0,0
1432850684,s1-eth3,0.00,0.00,0.00,0,0,0.00,0.00,0.00,0,0,0.00,0.00,0,0
1432850684,s0,0.00,0.00,0.00,0,0,0.00,0.00,0.00,0,0,0.00,0.00,0,0
1432850684,eth0,0.00,0.00,0.00,0,0,0.00,0.00,0.00,0,0,0.00,0.00,0,0
1432850684,lo,0.00,0.00,0.00,0,0,0.00,0.00,0.00,0,0,0.00,0.00,0,0
1432850684,s1,0.00,0.00,0.00,0,0,0.00,0.00,0.00,0,0,0.00,0.00,0,0
1432850684,s0-eth1,0.00,0.00,0.00,0,0,0.00,0.00,0.00,0,0,0.00,0.00,0,0
1432850684,s0-eth2,0.00,0.00,0.00,0,0,0.00,0.00,0.00,0,0,0.00,0.00,0,0
1432850684,s0-eth3,0.00,0.00,0.00,0,0,0.00,0.00,0.00,0,0,0.00,0.00,0,0
1432850684,total,0.00,0.00,0.00,0,0,0.00,0.00,0.00,0,0,0.00,0.00,0,0
1432850684,s1-eth1,0.00,187560.00,187560.00,18756,0,0.00,180.00,180.00,18,0,0.00,0.00,0,0
1432850684,s1-eth2,0.00,0.00,0.00,0,0,0.00,0.00,0.00,0,0,0.00,0.00,0,0
1432850684,s1-eth3,187560.00,0.00,187560.00,0,18756,180.00,0.00,180.00,0,18,0.00,0.00,0,0
1432850684,s0,0.00,0.00,0.00,0,0,0.00,0.00,0.00,0,0,0.00,0.00,0,0
1432850684,eth0,0.00,0.00,0.00,0,0,0.00,0.00,0.00,0,0,0.00,0.00,0,0
1432850684,lo,0.00,0.00,0.00,0,0,0.00,0.00,0.00,0,0,0.00,0.00,0,0
1432850684,s1,0.00,0.00,0.00,0,0,0.00,0.00,0.00,0,0,0.00,0.00,0,0
1432850684,s0-eth1,187560.00,0.00,187560.00,0,18756,180.00,0.00,180.00,0,18,0.00,0.00,0,0
1432850684,s0-eth2,0.00,0.00,0.00,0,0,0.00,0.00,0.00,0,0,0.00,0.00,0,0
1432850684,s0-eth3,0.00,1875600.00,1875600.00,187560,0,0.00,1800.00,1800.00,180,0,0.00,0.00,0,0
1432850684,total,375120.00,2063160.00,2438280.00,206316,37512,360.00,1980.00,2340.00,198,36,0.00,0.00,0,0
1432850684,s1-eth1,0.00,187560.00,187560.00,18756,0,0.00,180.00,180.00,18,0,0.00,0.00,0,0
1432850684,s1-eth2,0.00,0.00,0.00,0,0,0.00,0.00,0.00,0,0,0.00,0.00,0,0
1432850684,s1-eth3,187560.00,0.00,187560.00,0,18756,180.00,0.00,180.00,0,18,0.00,0.00,0,0
1432850684,s0,0.00,0.00,0.00,0,0,0.00,0.00,0.00,0,0,0.00,0.00,0,0
1432850684,eth0,0.00,0.00,0.00,0,0,0.00,0.00,0.00,0,0,0.00,0.00,0,0
1432850684,lo,0.00,0.00,0.00,0,0,0.00,0.00,0.00,0,0,0.00,0.00,0,0
1432850684,s1,0.00,0.00,0.00,0,0,0.00,0.00,0.00,0,0,0.00,0.00,0,0
1432850684,s0-eth1,187560.00,0.00,187560.00,0,18756,180.00,0.00,180.00,0,18,0.00,0.00,0,0
1432850684,s0-eth2,0.00,0.00,0.00,0,0,0.00,0.00,0.00,0,0,0.00,0.00,0,0
1432850684,s0-eth3,0.00,1886020.00,1886020.00,188602,0,0.00,1810.00,1810.00,181,0,0.00,0.00,0,0
1432850684,total,375120.00,2073580.00,2448700.00,207358,37512,360.00,1990.00,2350.00,199,36,0.00,0.00,0,0
1432850684,s1-eth1,0.00,187560.00,187560.00,18756,0,0.00,180.00,180.00,18,0,0.00,0.00,0,0
1432850684,s1-eth2,0.00,0.00,0.00,0,0,0.00,0.00,0.00,0,0,0.00,0.00,0,0
1432850684,s1-eth3,187560.00,0.00,187560.00,0,18756,180.00,0.00,180.00,0,18,0.00,0.00,0,0
1432850684,s0,0.00,0.00,0.00,0,0,0.00,0.00,0.00,0,0,0.00,0.00,0,0
1432850684,eth0,0.00,0.00,0.00,0,0,0.00,0.00,0.00,0,0,0.00,0.00,0,0
1432850684,lo,0.00,0.00,0.00,0,0,0.00,0.00,0.00,0,0,0.00,0.00,0,0
1432850684,s1,0.00,0.00,0.00,0,0,0.00,0.00,0.00,0,0,0.00,0.00,0,0
1432850684,s0-eth1,187560.00,0.00,187560.00,0,18756,180.00,0.00,180.00,0,18,0.00,0.00,0,0
1432850684,s0-eth2,0.00,0.00,0.00,0,0,0.00,0.00,0.00,0,0,0.00,0.00,0,0
1432850684,s0-eth3,0.00,1875600.00,1875600.00,187560,0,0.00,1800.00,1800.00,180,0,0.00,0.00,0,0
1432850684,total,375120.00,2063160.00,2438280.00,206316,37512,360.00,1980.00,2340.00,198,36,0.00,0.00,0,0
1432850684,s1-eth1,0.00,187560.00,187560.00,18756,0,0.00,180.00,180.00,18,0,0.00,0.00,0,0
1432850684,s1-eth2,0.00,0.00,0.00,0,0,0.00,0.00,0.00,0,0,0.00,0.00,0,0
1432850684,s1-eth3,187560.00,0.00,187560.00,0,18756,180.00,0.00,180.00,0,18,0.00,0.00,0,0
1432850684,s0,0.00,0.00,0.00,0,0,0.00,0.00,0.00,0,0,0.00,0.00,0,0
1432850684,eth0,0.00,0.00,0.00,0,0,0.00,0.00,0.00,0,0,0.00,0.00,0,0
1432850684,lo,0.00,0.00,0.00,0,0,0.00,0.00,0.00,0,0,0.00,0.00,0,0
1432850684,s1,0.00,0.00,0.00,0,0,0.00,0.00,0.00,0,0,0.00,0.00,0,0
1432850684,s0-eth1,187560.00,0.00,187560.00,0,18756,180.00,0.00,180.00,0,18,0.00,0.00,0,0
1432850684,s0-eth2,0.00,0.00,0.00,0,0,0.00,0.00,0.00,0,0,0.00,0.00,0,0
1432850684,s0-eth3,0.00,666880.00,666880.00,66688,0,0.00,640.00,640.00,64,0,0.00,0.00,0,0
1432850684,total,375120.00,854440.00,1229560.00,85444,37512,360.00,820.00,1180.00,82,36,0.00,0.00,0,0
1432850685,s1-eth1,0.00,134118.81,134118.81,13546,0,0.00,128.71,128.71,13,0,0.00,0.00,0,0
1432850685,s1-eth2,0.00,0.00,0.00,0,0,0.00,0.00,0.00,0,0,0.00,0.00,0,0
1432850685,s1-eth3,134118.81,0.00,134118.81,0,13546,128.71,0.00,128.71,0,13,0.00,0.00,0,0
1432850685,s0,0.00,0.00,0.00,0,0,0.00,0.00,0.00,0,0,0.00,0.00,0,0
1432850685,eth0,0.00,0.00,0.00,0,0,0.00,0.00,0.00,0,0,0.00,0.00,0,0
1432850685,lo,0.00,0.00,0.00,0,0,0.00,0.00,0.00,0,0,0.00,0.00,0,0
1432850685,s1,0.00,0.00,0.00,0,0,0.00,0.00,0.00,0,0,0.00,0.00,0,0
1432850685,s0-eth1,134118.81,0.00,134118.81,0,13546,128.71,0.00,128.71,0,13,0.00,0.00,0,0
1432850685,s0-eth2,0.00,0.00,0.00,0,0,0.00,0.00,0.00,0,0,0.00,0.00,0,0
1432850685,s0-eth3,0.00,0.00,0.00,0,0,0.00,0.00,0.00,0,0,0.00,0.00,0,0
1432850685,total,268237.62,134118.81,402356.44,13546,27092,257.43,128.71,386.14,13,26,0.00,0.00,0,0
1432850685,s1-eth1,0.00,52100.00,52100.00,5210,0,0.00,50.00,50.00,5,0,0.00,0.00,0,0
1432850685,s1-eth2,0.00,0.00,0.00,0,0,0.00,0.00,0.00,0,0,0.00,0.00,0,0
1432850685,s1-eth3,52100.00,0.00,52100.00,0,5210,50.00,0.00,50.00,0,5,0.00,0.00,0,0
1432850685,s0,0.00,0.00,0.00,0,0,0.00,0.00,0.00,0,0,0.00,0.00,0,0
1432850685,eth0,0.00,0.00,0.00,0,0,0.00,0.00,0.00,0,0,0.00,0.00,0,0
1432850685,lo,0.00,0.00,0.00,0,0,0.00,0.00,0.00,0,0,0.00,0.00,0,0
1432850685,s1,0.00,0.00,0.00,0,0,0.00,0.00,0.00,0,0,0.00,0.00,0,0
1432850685,s0-eth1,52100.00,0.00,52100.00,0,5210,50.00,0.00,50.00,0,5,0.00,0.00,0,0
1432850685,s0-eth2,0.00,0.00,0.00,0,0,0.00,0.00,0.00,0,0,0.00,0.00,0,0
1432850685,s0-eth3,0.00,354280.00,354280.00,35428,0,0.00,340.00,340.00,34,0,0.00,0.00,0,0
1432850685,total,104200.00,406380.00,510580.00,40638,10420,100.00,390.00,490.00,39,10,0.00,0.00,0,0
1432850685,s1-eth1,0.00,187560.00,187560.00,18756,0,0.00,180.00,180.00,18,0,0.00,0.00,0,0
1432850685,s1-eth2,0.00,0.00,0.00,0,0,0.00,0.00,0.00,0,0,0.00,0.00,0,0
1432850685,s1-eth3,187560.00,0.00,187560.00,0,18756,180.00,0.00,180.00,0,18,0.00,0.00,0,0
1432850685,s0,0.00,0.00,0.00,0,0,0.00,0.00,0.00,0,0,0.00,0.00,0,0
1432850685,eth0,0.00,0.00,0.00,0,0,0.00,0.00,0.00,0,0,0.00,0.00,0,0
1432850685,lo,0.00,0.00,0.00,0,0,0.00,0.00,0.00,0,0,0.00,0.00,0,0
1432850685,s1,0.00,0.00,0.00,0,0,0.00,0.00,0.00,0,0,0.00,0.00,0,0
1432850685,s0-eth1,187560.00,0.00,187560.00,0,18756,180.00,0.00,180.00,0,18,0.00,0.00,0,0
1432850685,s0-eth2,0.00,0.00,0.00,0,0,0.00,0.00,0.00,0,0,0.00,0.00,0,0
1432850685,s0-eth3,0.00,1886020.00,1886020.00,188602,0,0.00,1810.00,1810.00,181,0,0.00,0.00,0,0
1432850685,total,375120.00,2073580.00,2448700.00,207358,37512,360.00,1990.00,2350.00,199,36,0.00,0.00,0,0
1432850685,s1-eth1,0.00,187560.00,187560.00,18756,0,0.00,180.00,180.00,18,0,0.00,0.00,0,0
1432850685,s1-eth2,0.00,0.00,0.00,0,0,0.00,0.00,0.00,0,0,0.00,0.00,0,0
1432850685,s1-eth3,187560.00,0.00,187560.00,0,18756,180.00,0.00,180.00,0,18,0.00,0.00,0,0
1432850685,s0,0.00,0.00,0.00,0,0,0.00,0.00,0.00,0,0,0.00,0.00,0,0
1432850685,eth0,0.00,0.00,0.00,0,0,0.00,0.00,0.00,0,0,0.00,0.00,0,0
1432850685,lo,0.00,0.00,0.00,0,0,0.00,0.00,0.00,0,0,0.00,0.00,0,0
1432850685,s1,0.00,0.00,0.00,0,0,0.00,0.00,0.00,0,0,0.00,0.00,0,0
1432850685,s0-eth1,187560.00,0.00,187560.00,0,18756,180.00,0.00,180.00,0,18,0.00,0.00,0,0
1432850685,s0-eth2,0.00,0.00,0.00,0,0,0.00,0.00,0.00,0,0,0.00,0.00,0,0
1432850685,s0-eth3,0.00,1875600.00,1875600.00,187560,0,0.00,1800.00,1800.00,180,0,0.00,0.00,0,0
1432850685,total,375120.00,2063160.00,2438280.00,206316,37512,360.00,1980.00,2340.00,198,36,0.00,0.00,0,0
1432850685,s1-eth1,0.00,187560.00,187560.00,18756,0,0.00,180.00,180.00,18,0,0.00,0.00,0,0
1432850685,s1-eth2,0.00,0.00,0.00,0,0,0.00,0.00,0.00,0,0,0.00,0.00,0,0
1432850685,s1-eth3,187560.00,0.00,187560.00,0,18756,180.00,0.00,180.00,0,18,0.00,0.00,0,0
1432850685,s0,0.00,0.00,0.00,0,0,0.00,0.00,0.00,0,0,0.00,0.00,0,0
1432850685,eth0,0.00,0.00,0.00,0,0,0.00,0.00,0.00,0,0,0.00,0.00,0,0
1432850685,lo,0.00,0.00,0.00,0,0,0.00,0.00,0.00,0,0,0.00,0.00,0,0
1432850685,s1,0.00,0.00,0.00,0,0,0.00,0.00,0.00,0,0,0.00,0.00,0,0
1432850685,s0-eth1,187560.00,0.00,187560.00,0,18756,180.00,0.00,180.00,0,18,0.00,0.00,0,0
1432850685,s0-eth2,0.00,0.00,0.00,0,0,0.00,0.00,0.00,0,0,0.00,0.00,0,0
1432850685,s0-eth3,0.00,1886020.00,1886020.00,188602,0,0.00,1810.00,1810.00,181,0,0.00,0.00,0,0
1432850685,total,375120.00,2073580.00,2448700.00,207358,37512,360.00,1990.00,2350.00,199,36,0.00,0.00,0,0
1432850685,s1-eth1,0.00,187560.00,187560.00,18756,0,0.00,180.00,180.00,18,0,0.00,0.00,0,0
1432850685,s1-eth2,0.00,0.00,0.00,0,0,0.00,0.00,0.00,0,0,0.00,0.00,0,0
1432850685,s1-eth3,187560.00,0.00,187560.00,0,18756,180.00,0.00,180.00,0,18,0.00,0.00,0,0
1432850685,s0,0.00,0.00,0.00,0,0,0.00,0.00,0.00,0,0,0.00,0.00,0,0
1432850685,eth0,0.00,0.00,0.00,0,0,0.00,0.00,0.00,0,0,0.00,0.00,0,0
1432850685,lo,0.00,0.00,0.00,0,0,0.00,0.00,0.00,0,0,0.00,0.00,0,0
1432850685,s1,0.00,0.00,0.00,0,0,0.00,0.00,0.00,0,0,0.00,0.00,0,0
1432850685,s0-eth1,187560.00,0.00,187560.00,0,18756,180.00,0.00,180.00,0,18,0.00,0.00,0,0
1432850685,s0-eth2,0.00,0.00,0.00,0,0,0.00,0.00,0.00,0,0,0.00,0.00,0,0
1432850685,s0-eth3,0.00,1875600.00,1875600.00,187560,0,0.00,1800.00,1800.00,180,0,0.00,0.00,0,0
1432850685,total,375120.00,2063160.00,2438280.00,206316,37512,360.00,1980.00,2340.00,198,36,0.00,0.00,0,0
1432850685,s1-eth1,0.00,187560.00,187560.00,18756,0,0.00,180.00,180.00,18,0,0.00,0.00,0,0
1432850685,s1-eth2,0.00,0.00,0.00,0,0,0.00,0.00,0.00,0,0,0.00,0.00,0,0
1432850685,s1-eth3,187560.00,0.00,187560.00,0,18756,180.00,0.00,180.00,0,18,0.00,0.00,0,0
1432850685,s0,0.00,0.00,0.00,0,0,0.00,0.00,0.00,0,0,0.00,0.00,0,0
1432850685,eth0,0.00,0.00,0.00,0,0,0.00,0.00,0.00,0,0,0.00,0.00,0,0
1432850685,lo,0.00,0.00,0.00,0,0,0.00,0.00,0.00,0,0,0.00,0.00,0,0
1432850685,s1,0.00,0.00,0.00,0,0,0.00,0.00,0.00,0,0,0.00,0.00,0,0
1432850685,s0-eth1,187560.00,0.00,187560.00,0,18756,180.00,0.00,180.00,0,18,0.00,0.00,0,0
1432850685,s0-eth2,0.00,0.00,0.00,0,0,0.00,0.00,0.00,0,0,0.00,0.00,0,0
1432850685,s0-eth3,0.00,1886020.00,1886020.00,188602,0,0.00,1810.00,1810.00,181,0,0.00,0.00,0,0
1432850685,total,375120.00,2073580.00,2448700.00,207358,37512,360.00,1990.00,2350.00,199,36,0.00,0.00,0,0
1432850685,s1-eth1,0.00,187560.00,187560.00,18756,0,0.00,180.00,180.00,18,0,0.00,0.00,0,0
1432850685,s1-eth2,0.00,0.00,0.00,0,0,0.00,0.00,0.00,0,0,0.00,0.00,0,0
1432850685,s1-eth3,187560.00,0.00,187560.00,0,18756,180.00,0.00,180.00,0,18,0.00,0.00,0,0
1432850685,s0,0.00,0.00,0.00,0,0,0.00,0.00,0.00,0,0,0.00,0.00,0,0
1432850685,eth0,0.00,0.00,0.00,0,0,0.00,0.00,0.00,0,0,0.00,0.00,0,0
1432850685,lo,0.00,0.00,0.00,0,0,0.00,0.00,0.00,0,0,0.00,0.00,0,0
1432850685,s1,0.00,0.00,0.00,0,0,0.00,0.00,0.00,0,0,0.00,0.00,0,0
1432850685,s0-eth1,187560.00,0.00,187560.00,0,18756,180.00,0.00,180.00,0,18,0.00,0.00,0,0
1432850685,s0-eth2,0.00,0.00,0.00,0,0,0.00,0.00,0.00,0,0,0.00,0.00,0,0
1432850685,s0-eth3,0.00,1198300.00,1198300.00,119830,0,0.00,1150.00,1150.00,115,0,0.00,0.00,0,0
1432850685,total,375120.00,1385860.00,1760980.00,138586,37512,360.00,1330.00,1690.00,133,36,0.00,0.00,0,0
1432850685,s1-eth1,0.00,187560.00,187560.00,18756,0,0.00,180.00,180.00,18,0,0.00,0.00,0,0
1432850685,s1-eth2,0.00,0.00,0.00,0,0,0.00,0.00,0.00,0,0,0.00,0.00,0,0
1432850685,s1-eth3,187560.00,0.00,187560.00,0,18756,180.00,0.00,180.00,0,18,0.00,0.00,0,0
1432850685,s0,0.00,0.00,0.00,0,0,0.00,0.00,0.00,0,0,0.00,0.00,0,0
1432850685,eth0,0.00,0.00,0.00,0,0,0.00,0.00,0.00,0,0,0.00,0.00,0,0
1432850685,lo,0.00,0.00,0.00,0,0,0.00,0.00,0.00,0,0,0.00,0.00,0,0
1432850685,s1,0.00,0.00,0.00,0,0,0.00,0.00,0.00,0,0,0.00,0.00,0,0
1432850685,s0-eth1,187560.00,0.00,187560.00,0,18756,180.00,0.00,180.00,0,18,0.00,0.00,0,0
1432850685,s0-eth2,0.00,0.00,0.00,0,0,0.00,0.00,0.00,0,0,0.00,0.00,0,0
1432850685,s0-eth3,0.00,0.00,0.00,0,0,0.00,0.00,0.00,0,0,0.00,0.00,0,0
1432850685,total,375120.00,187560.00,562680.00,18756,37512,360.00,180.00,540.00,18,36,0.00,0.00,0,0
1432850685,s1-eth1,0.00,0.00,0.00,0,0,0.00,0.00,0.00,0,0,0.00,0.00,0,0
1432850685,s1-eth2,0.00,0.00,0.00,0,0,0.00,0.00,0.00,0,0,0.00,0.00,0,0
1432850685,s1-eth3,0.00,0.00,0.00,0,0,0.00,0.00,0.00,0,0,0.00,0.00,0,0
1432850685,s0,0.00,0.00,0.00,0,0,0.00,0.00,0.00,0,0,0.00,0.00,0,0
1432850685,eth0,0.00,0.00,0.00,0,0,0.00,0.00,0.00,0,0,0.00,0.00,0,0
1432850685,lo,0.00,0.00,0.00,0,0,0.00,0.00,0.00,0,0,0.00,0.00,0,0
1432850685,s1,0.00,0.00,0.00,0,0,0.00,0.00,0.00,0,0,0.00,0.00,0,0
1432850685,s0-eth1,0.00,0.00,0.00,0,0,0.00,0.00,0.00,0,0,0.00,0.00,0,0
1432850685,s0-eth2,0.00,0.00,0.00,0,0,0.00,0.00,0.00,0,0,0.00,0.00,0,0
1432850685,s0-eth3,0.00,0.00,0.00,0,0,0.00,0.00,0.00,0,0,0.00,0.00,0,0
1432850685,total,0.00,0.00,0.00,0,0,0.00,0.00,0.00,0,0,0.00,0.00,0,0
1432850686,s1-eth1,0.00,185702.98,185702.98,18756,0,0.00,178.22,178.22,18,0,0.00,0.00,0,0
1432850686,s1-eth2,0.00,0.00,0.00,0,0,0.00,0.00,0.00,0,0,0.00,0.00,0,0
1432850686,s1-eth3,175386.14,0.00,175386.14,0,17714,168.32,0.00,168.32,0,17,0.00,0.00,0,0
1432850686,s0,0.00,0.00,0.00,0,0,0.00,0.00,0.00,0,0,0.00,0.00,0,0
1432850686,eth0,0.00,0.00,0.00,0,0,0.00,0.00,0.00,0,0,0.00,0.00,0,0
1432850686,lo,0.00,0.00,0.00,0,0,0.00,0.00,0.00,0,0,0.00,0.00,0,0
1432850686,s1,0.00,0.00,0.00,0,0,0.00,0.00,0.00,0,0,0.00,0.00,0,0
1432850686,s0-eth1,185702.98,0.00,185702.98,0,18756,178.22,0.00,178.22,0,18,0.00,0.00,0,0
1432850686,s0-eth2,0.00,0.00,0.00,0,0,0.00,0.00,0.00,0,0,0.00,0.00,0,0
1432850686,s0-eth3,0.00,1681643.62,1681643.62,169846,0,0.00,1613.86,1613.86,163,0,0.00,0.00,0,0
1432850686,total,361089.12,1867346.62,2228435.75,188602,36470,346.53,1792.08,2138.61,181,35,0.00,0.00,0,0
1432850686,s1-eth1,0.00,187560.00,187560.00,18756,0,0.00,180.00,180.00,18,0,0.00,0.00,0,0
1432850686,s1-eth2,0.00,0.00,0.00,0,0,0.00,0.00,0.00,0,0,0.00,0.00,0,0
1432850686,s1-eth3,187560.00,0.00,187560.00,0,18756,180.00,0.00,180.00,0,18,0.00,0.00,0,0
1432850686,s0,0.00,0.00,0.00,0,0,0.00,0.00,0.00,0,0,0.00,0.00,0,0
1432850686,eth0,0.00,0.00,0.00,0,0,0.00,0.00,0.00,0,0,0.00,0.00,0,0
1432850686,lo,0.00,0.00,0.00,0,0,0.00,0.00,0.00,0,0,0.00,0.00,0,0
1432850686,s1,0.00,0.00,0.00,0,0,0.00,0.00,0.00,0,0,0.00,0.00,0,0
1432850686,s0-eth1,187560.00,0.00,187560.00,0,18756,180.00,0.00,180.00,0,18,0.00,0.00,0,0
1432850686,s0-eth2,0.00,0.00,0.00,0,0,0.00,0.00,0.00,0,0,0.00,0.00,0,0
1432850686,s0-eth3,0.00,1875600.00,1875600.00,187560,0,0.00,1800.00,1800.00,180,0,0.00,0.00,0,0
1432850686,total,375120.00,2063160.00,2438280.00,206316,37512,360.00,1980.00,2340.00,198,36,0.00,0.00,0,0
1432850686,s1-eth1,0.00,187560.00,187560.00,18756,0,0.00,180.00,180.00,18,0,0.00,0.00,0,0
1432850686,s1-eth2,0.00,0.00,0.00,0,0,0.00,0.00,0.00,0,0,0.00,0.00,0,0
1432850686,s1-eth3,187560.00,0.00,187560.00,0,18756,180.00,0.00,180.00,0,18,0.00,0.00,0,0
1432850686,s0,0.00,0.00,0.00,0,0,0.00,0.00,0.00,0,0,0.00,0.00,0,0
1432850686,eth0,0.00,0.00,0.00,0,0,0.00,0.00,0.00,0,0,0.00,0.00,0,0
1432850686,lo,0.00,0.00,0.00,0,0,0.00,0.00,0.00,0,0,0.00,0.00,0,0
1432850686,s1,0.00,0.00,0.00,0,0,0.00,0.00,0.00,0,0,0.00,0.00,0,0
1432850686,s0-eth1,187560.00,0.00,187560.00,0,18756,180.00,0.00,180.00,0,18,0.00,0.00,0,0
1432850686,s0-eth2,0.00,0.00,0.00,0,0,0.00,0.00,0.00,0,0,0.00,0.00,0,0
1432850686,s0-eth3,0.00,1886020.00,1886020.00,188602,0,0.00,1810.00,1810.00,181,0,0.00,0.00,0,0
1432850686,total,375120.00,2073580.00,2448700.00,207358,37512,360.00,1990.00,2350.00,199,36,0.00,0.00,0,0
1432850686,s1-eth1,0.00,187560.00,187560.00,18756,0,0.00,180.00,180.00,18,0,0.00,0.00,0,0
1432850686,s1-eth2,0.00,0.00,0.00,0,0,0.00,0.00,0.00,0,0,0.00,0.00,0,0
1432850686,s1-eth3,197980.00,0.00,197980.00,0,19798,190.00,0.00,190.00,0,19,0.00,0.00,0,0
1432850686,s0,0.00,0.00,0.00,0,0,0.00,0.00,0.00,0,0,0.00,0.00,0,0
1432850686,eth0,0.00,0.00,0.00,0,0,0.00,0.00,0.00,0,0,0.00,0.00,0,0
1432850686,lo,0.00,0.00,0.00,0,0,0.00,0.00,0.00,0,0,0.00,0.00,0,0
1432850686,s1,0.00,0.00,0.00,0,0,0.00,0.00,0.00,0,0,0.00,0.00,0,0
1432850686,s0-eth1,187560.00,0.00,187560.00,0,18756,180.00,0.00,180.00,0,18,0.00,0.00,0,0
1432850686,s0-eth2,0.00,0.00,0.00,0,0,0.00,0.00,0.00,0,0,0.00,0.00,0,0
1432850686,s0-eth3,0.00,1875600.00,1875600.00,187560,0,0.00,1800.00,1800.00,180,0,0.00,0.00,0,0
1432850686,total,385540.00,2063160.00,2448700.00,206316,38554,370.00,1980.00,2350.00,198,37,0.00,0.00,0,0
1432850686,s1-eth1,0.00,187560.00,187560.00,18756,0,0.00,180.00,180.00,18,0,0.00,0.00,0,0
1432850686,s1-eth2,0.00,0.00,0.00,0,0,0.00,0.00,0.00,0,0,0.00,0.00,0,0
1432850686,s1-eth3,187560.00,0.00,187560.00,0,18756,180.00,0.00,180.00,0,18,0.00,0.00,0,0
1432850686,s0,0.00,0.00,0.00,0,0,0.00,0.00,0.00,0,0,0.00,0.00,0,0
1432850686,eth0,0.00,0.00,0.00,0,0,0.00,0.00,0.00,0,0,0.00,0.00,0,0
1432850686,lo,0.00,0.00,0.00,0,0,0.00,0.00,0.00,0,0,0.00,0.00,0,0
1432850686,s1,0.00,0.00,0.00,0,0,0.00,0.00,0.00,0,0,0.00,0.00,0,0
1432850686,s0-eth1,187560.00,0.00,187560.00,0,18756,180.00,0.00,180.00,0,18,0.00,0.00,0,0
1432850686,s0-eth2,0.00,0.00,0.00,0,0,0.00,0.00,0.00,0,0,0.00,0.00,0,0
1432850686,s0-eth3,0.00,1886020.00,1886020.00,188602,0,0.00,1810.00,1810.00,181,0,0.00,0.00,0,0
1432850686,total,375120.00,2073580.00,2448700.00,207358,37512,360.00,1990.00,2350.00,199,36,0.00,0.00,0,0
1432850686,s1-eth1,0.00,187560.00,187560.00,18756,0,0.00,180.00,180.00,18,0,0.00,0.00,0,0
1432850686,s1-eth2,0.00,0.00,0.00,0,0,0.00,0.00,0.00,0,0,0.00,0.00,0,0
1432850686,s1-eth3,187560.00,0.00,187560.00,0,18756,180.00,0.00,180.00,0,18,0.00,0.00,0,0
1432850686,s0,0.00,0.00,0.00,0,0,0.00,0.00,0.00,0,0,0.00,0.00,0,0
1432850686,eth0,0.00,0.00,0.00,0,0,0.00,0.00,0.00,0,0,0.00,0.00,0,0
1432850686,lo,0.00,0.00,0.00,0,0,0.00,0.00,0.00,0,0,0.00,0.00,0,0
1432850686,s1,0.00,0.00,0.00,0,0,0.00,0.00,0.00,0,0,0.00,0.00,0,0
1432850686,s0-eth1,187560.00,0.00,187560.00,0,18756,180.00,0.00,180.00,0,18,0.00,0.00,0,0
1432850686,s0-eth2,0.00,0.00,0.00,0,0,0.00,0.00,0.00,0,0,0.00,0.00,0,0
1432850686,s0-eth3,0.00,1740140.00,1740140.00,174014,0,0.00,1670.00,1670.00,167,0,0.00,0.00,0,0
1432850686,total,375120.00,1927700.00,2302820.00,192770,37512,360.00,1850.00,2210.00,185,36,0.00,0.00,0,0
1432850686,s1-eth1,0.00,187560.00,187560.00,18756,0,0.00,180.00,180.00,18,0,0.00,0.00,0,0
1432850686,s1-eth2,0.00,0.00,0.00,0,0,0.00,0.00,0.00,0,0,0.00,0.00,0,0
1432850686,s1-eth3,187560.00,0.00,187560.00,0,18756,180.00,0.00,180.00,0,18,0.00,0.00,0,0
1432850686,s0,0.00,0.00,0.00,0,0,0.00,0.00,0.00,0,0,0.00,0.00,0,0
1432850686,eth0,0.00,0.00,0.00,0,0,0.00,0.00,0.00,0,0,0.00,0.00,0,0
1432850686,lo,0.00,0.00,0.00,0,0,0.00,0.00,0.00,0,0,0.00,0.00,0,0
1432850686,s1,0.00,0.00,0.00,0,0,0.00,0.00,0.00,0,0,0.00,0.00,0,0
1432850686,s0-eth1,187560.00,0.00,187560.00,0,18756,180.00,0.00,180.00,0,18,0.00,0.00,0,0
1432850686,s0-eth2,0.00,0.00,0.00,0,0,0.00,0.00,0.00,0,0,0.00,0.00,0,0
1432850686,s0-eth3,0.00,0.00,0.00,0,0,0.00,0.00,0.00,0,0,0.00,0.00,0,0
1432850686,total,375120.00,187560.00,562680.00,18756,37512,360.00,180.00,540.00,18,36,0.00,0.00,0,0
1432850686,s1-eth1,0.00,52100.00,52100.00,5210,0,0.00,50.00,50.00,5,0,0.00,0.00,0,0
1432850686,s1-eth2,0.00,0.00,0.00,0,0,0.00,0.00,0.00,0,0,0.00,0.00,0,0
1432850686,s1-eth3,52100.00,0.00,52100.00,0,5210,50.00,0.00,50.00,0,5,0.00,0.00,0,0
1432850686,s0,0.00,0.00,0.00,0,0,0.00,0.00,0.00,0,0,0.00,0.00,0,0
1432850686,eth0,0.00,0.00,0.00,0,0,0.00,0.00,0.00,0,0,0.00,0.00,0,0
1432850686,lo,0.00,0.00,0.00,0,0,0.00,0.00,0.00,0,0,0.00,0.00,0,0
1432850686,s1,0.00,0.00,0.00,0,0,0.00,0.00,0.00,0,0,0.00,0.00,0,0
1432850686,s0-eth1,52100.00,0.00,52100.00,0,5210,50.00,0.00,50.00,0,5,0.00,0.00,0,0
1432850686,s0-eth2,0.00,0.00,0.00,0,0,0.00,0.00,0.00,0,0,0.00,0.00,0,0
1432850686,s0-eth3,0.00,0.00,0.00,0,0,0.00,0.00,0.00,0,0,0.00,0.00,0,0
1432850686,total,104200.00,52100.00,156300.00,5210,10420,100.00,50.00,150.00,5,10,0.00,0.00,0,0
1432850686,s1-eth1,0.00,135460.00,135460.00,13546,0,0.00,130.00,130.00,13,0,0.00,0.00,0,0
1432850686,s1-eth2,0.00,0.00,0.00,0,0,0.00,0.00,0.00,0,0,0.00,0.00,0,0
1432850686,s1-eth3,125040.00,0.00,125040.00,0,12504,120.00,0.00,120.00,0,12,0.00,0.00,0,0
1432850686,s0,0.00,0.00,0.00,0,0,0.00,0.00,0.00,0,0,0.00,0.00,0,0
1432850686,eth0,0.00,0.00,0.00,0,0,0.00,0.00,0.00,0,0,0.00,0.00,0,0
1432850686,lo,0.00,0.00,0.00,0,0,0.00,0.00,0.00,0,0,0.00,0.00,0,0
1432850686,s1,0.00,0.00,0.00,0,0,0.00,0.00,0.00,0,0,0.00,0.00,0,0
1432850686,s0-eth1,135460.00,0.00,135460.00,0,13546,130.00,0.00,130.00,0,13,0.00,0.00,0,0
1432850686,s0-eth2,0.00,0.00,0.00,0,0,0.00,0.00,0.00,0,0,0.00,0.00,0,0
1432850686,s0-eth3,0.00,1156620.00,1156620.00,115662,0,0.00,1110.00,1110.00,111,0,0.00,0.00,0,0
1432850686,total,260500.00,1292080.00,1552580.00,129208,26050,250.00,1240.00,1490.00,124,25,0.00,0.00,0,0
1432850686,s1-eth1,0.00,187560.00,187560.00,18756,0,0.00,180.00,180.00,18,0,0.00,0.00,0,0
1432850686,s1-eth2,0.00,0.00,0.00,0,0,0.00,0.00,0.00,0,0,0.00,0.00,0,0
1432850686,s1-eth3,187560.00,0.00,187560.00,0,18756,180.00,0.00,180.00,0,18,0.00,0.00,0,0
1432850686,s0,0.00,0.00,0.00,0,0,0.00,0.00,0.00,0,0,0.00,0.00,0,0
1432850686,eth0,0.00,0.00,0.00,0,0,0.00,0.00,0.00,0,0,0.00,0.00,0,0
1432850686,lo,0.00,0.00,0.00,0,0,0.00,0.00,0.00,0,0,0.00,0.00,0,0
1432850686,s1,0.00,0.00,0.00,0,0,0.00,0.00,0.00,0,0,0.00,0.00,0,0
1432850686,s0-eth1,187560.00,0.00,187560.00,0,18756,180.00,0.00,180.00,0,18,0.00,0.00,0,0
1432850686,s0-eth2,0.00,0.00,0.00,0,0,0.00,0.00,0.00,0,0,0.00,0.00,0,0
1432850686,s0-eth3,0.00,1886020.00,1886020.00,188602,0,0.00,1810.00,1810.00,181,0,0.00,0.00,0,0
1432850686,total,375120.00,2073580.00,2448700.00,207358,37512,360.00,1990.00,2350.00,199,36,0.00,0.00,0,0
1432850687,s1-eth1,0.00,185702.98,185702.98,18756,0,0.00,178.22,178.22,18,0,0.00,0.00,0,0
1432850687,s1-eth2,0.00,0.00,0.00,0,0,0.00,0.00,0.00,0,0,0.00,0.00,0,0
1432850687,s1-eth3,185702.98,0.00,185702.98,0,18756,178.22,0.00,178.22,0,18,0.00,0.00,0,0
1432850687,s0,0.00,0.00,0.00,0,0,0.00,0.00,0.00,0,0,0.00,0.00,0,0
1432850687,eth0,0.00,0.00,0.00,0,0,0.00,0.00,0.00,0,0,0.00,0.00,0,0
1432850687,lo,0.00,0.00,0.00,0,0,0.00,0.00,0.00,0,0,0.00,0.00,0,0
1432850687,s1,0.00,0.00,0.00,0,0,0.00,0.00,0.00,0,0,0.00,0.00,0,0
1432850687,s0-eth1,185702.98,0.00,185702.98,0,18756,178.22,0.00,178.22,0,18,0.00,0.00,0,0
1432850687,s0-eth2,0.00,0.00,0.00,0,0,0.00,0.00,0.00,0,0,0.00,0.00,0,0
1432850687,s0-eth3,0.00,1857029.75,1857029.75,187560,0,0.00,1782.18,1782.18,180,0,0.00,0.00,0,0
1432850687,total,371405.97,2042732.75,2414138.75,206316,37512,356.44,1960.40,2316.83,198,36,0.00,0.00,0,0
1432850687,s1-eth1,0.00,187560.00,187560.00,18756,0,0.00,180.00,180.00,18,0,0.00,0.00,0,0
1432850687,s1-eth2,0.00,0.00,0.00,0,0,0.00,0.00,0.00,0,0,0.00,0.00,0,0
1432850687,s1-eth3,187560.00,0.00,187560.00,0,18756,180.00,0.00,180.00,0,18,0.00,0.00,0,0
1432850687,s0,0.00,0.00,0.00,0,0,0.00,0.00,0.00,0,0,0.00,0.00,0,0
1432850687,eth0,0.00,0.00,0.00,0,0,0.00,0.00,0.00,0,0,0.00,0.00,0,0
1432850687,lo,0.00,0.00,0.00,0,0,0.00,0.00,0.00,0,0,0.00,0.00,0,0
1432850687,s1,0.00,0.00,0.00,0,0,0.00,0.00,0.00,0,0,0.00,0.00,0,0
1432850687,s0-eth1,187560.00,0.00,187560.00,0,18756,180.00,0.00,180.00,0,18,0.00,0.00,0,0
1432850687,s0-eth2,0.00,0.00,0.00,0,0,0.00,0.00,0.00,0,0,0.00,0.00,0,0
1432850687,s0-eth3,0.00,1886020.00,1886020.00,188602,0,0.00,1810.00,1810.00,181,0,0.00,0.00,0,0
1432850687,total,375120.00,2073580.00,2448700.00,207358,37512,360.00,1990.00,2350.00,199,36,0.00,0.00,0,0
1432850687,s1-eth1,0.00,187560.00,187560.00,18756,0,0.00,180.00,180.00,18,0,0.00,0.00,0,0
1432850687,s1-eth2,0.00,0.00,0.00,0,0,0.00,0.00,0.00,0,0,0.00,0.00,0,0
1432850687,s1-eth3,187560.00,0.00,187560.00,0,18756,180.00,0.00,180.00,0,18,0.00,0.00,0,0
1432850687,s0,0.00,0.00,0.00,0,0,0.00,0.00,0.00,0,0,0.00,0.00,0,0
1432850687,eth0,0.00,0.00,0.00,0,0,0.00,0.00,0.00,0,0,0.00,0.00,0,0
1432850687,lo,0.00,0.00,0.00,0,0,0.00,0.00,0.00,0,0,0.00,0.00,0,0
1432850687,s1,0.00,0.00,0.00,0,0,0.00,0.00,0.00,0,0,0.00,0.00,0,0
1432850687,s0-eth1,187560.00,0.00,187560.00,0,18756,180.00,0.00,180.00,0,18,0.00,0.00,0,0
1432850687,s0-eth2,0.00,0.00,0.00,0,0,0.00,0.00,0.00,0,0,0.00,0.00,0,0
1432850687,s0-eth3,0.00,1875600.00,1875600.00,187560,0,0.00,1800.00,1800.00,180,0,0.00,0.00,0,0
1432850687,total,375120.00,2063160.00,2438280.00,206316,37512,360.00,1980.00,2340.00,198,36,0.00,0.00,0,0
1432850687,s1-eth1,0.00,187560.00,187560.00,18756,0,0.00,180.00,180.00,18,0,0.00,0.00,0,0
1432850687,s1-eth2,0.00,0.00,0.00,0,0,0.00,0.00,0.00,0,0,0.00,0.00,0,0
1432850687,s1-eth3,187560.00,0.00,187560.00,0,18756,180.00,0.00,180.00,0,18,0.00,0.00,0,0
1432850687,s0,0.00,0.00,0.00,0,0,0.00,0.00,0.00,0,0,0.00,0.00,0,0
1432850687,eth0,0.00,0.00,0.00,0,0,0.00,0.00,0.00,0,0,0.00,0.00,0,0
1432850687,lo,0.00,0.00,0.00,0,0,0.00,0.00,0.00,0,0,0.00,0.00,0,0
1432850687,s1,0.00,0.00,0.00,0,0,0.00,0.00,0.00,0,0,0.00,0.00,0,0
1432850687,s0-eth1,187560.00,0.00,187560.00,0,18756,180.00,0.00,180.00,0,18,0.00,0.00,0,0
1432850687,s0-eth2,0.00,0.00,0.00,0,0,0.00,0.00,0.00,0,0,0.00,0.00,0,0
1432850687,s0-eth3,0.00,1875600.00,1875600.00,187560,0,0.00,1800.00,1800.00,180,0,0.00,0.00,0,0
1432850687,total,375120.00,2063160.00,2438280.00,206316,37512,360.00,1980.00,2340.00,198,36,0.00,0.00,0,0
1432850687,s1-eth1,0.00,187560.00,187560.00,18756,0,0.00,180.00,180.00,18,0,0.00,0.00,0,0
1432850687,s1-eth2,0.00,0.00,0.00,0,0,0.00,0.00,0.00,0,0,0.00,0.00,0,0
1432850687,s1-eth3,187560.00,0.00,187560.00,0,18756,180.00,0.00,180.00,0,18,0.00,0.00,0,0
1432850687,s0,0.00,0.00,0.00,0,0,0.00,0.00,0.00,0,0,0.00,0.00,0,0
1432850687,eth0,0.00,0.00,0.00,0,0,0.00,0.00,0.00,0,0,0.00,0.00,0,0
1432850687,lo,0.00,0.00,0.00,0,0,0.00,0.00,0.00,0,0,0.00,0.00,0,0
1432850687,s1,0.00,0.00,0.00,0,0,0.00,0.00,0.00,0,0,0.00,0.00,0,0
1432850687,s0-eth1,187560.00,0.00,187560.00,0,18756,180.00,0.00,180.00,0,18,0.00,0.00,0,0
1432850687,s0-eth2,0.00,0.00,0.00,0,0,0.00,0.00,0.00,0,0,0.00,0.00,0,0
1432850687,s0-eth3,0.00,406380.00,406380.00,40638,0,0.00,390.00,390.00,39,0,0.00,0.00,0,0
1432850687,total,375120.00,593940.00,969060.00,59394,37512,360.00,570.00,930.00,57,36,0.00,0.00,0,0
1432850687,s1-eth1,0.00,104200.00,104200.00,10420,0,0.00,100.00,100.00,10,0,0.00,0.00,0,0
1432850687,s1-eth2,0.00,0.00,0.00,0,0,0.00,0.00,0.00,0,0,0.00,0.00,0,0
1432850687,s1-eth3,114620.00,0.00,114620.00,0,11462,110.00,0.00,110.00,0,11,0.00,0.00,0,0
1432850687,s0,0.00,0.00,0.00,0,0,0.00,0.00,0.00,0,0,0.00,0.00,0,0
1432850687,eth0,0.00,0.00,0.00,0,0,0.00,0.00,0.00,0,0,0.00,0.00,0,0
1432850687,lo,0.00,0.00,0.00,0,0,0.00,0.00,0.00,0,0,0.00,0.00,0,0
1432850687,s1,0.00,0.00,0.00,0,0,0.00,0.00,0.00,0,0,0.00,0.00,0,0
1432850687,s0-eth1,104200.00,0.00,104200.00,0,10420,100.00,0.00,100.00,0,10,0.00,0.00,0,0
1432850687,s0-eth2,0.00,0.00,0.00,0,0,0.00,0.00,0.00,0,0,0.00,0.00,0,0
1432850687,s0-eth3,0.00,0.00,0.00,0,0,0.00,0.00,0.00,0,0,0.00,0.00,0,0
1432850687,total,218820.00,104200.00,323020.00,10420,21882,210.00,100.00,310.00,10,21,0.00,0.00,0,0
1432850687,s1-eth1,0.00,72940.00,72940.00,7294,0,0.00,70.00,70.00,7,0,0.00,0.00,0,0
1432850687,s1-eth2,0.00,0.00,0.00,0,0,0.00,0.00,0.00,0,0,0.00,0.00,0,0
1432850687,s1-eth3,72940.00,0.00,72940.00,0,7294,70.00,0.00,70.00,0,7,0.00,0.00,0,0
1432850687,s0,0.00,0.00,0.00,0,0,0.00,0.00,0.00,0,0,0.00,0.00,0,0
1432850687,eth0,0.00,0.00,0.00,0,0,0.00,0.00,0.00,0,0,0.00,0.00,0,0
1432850687,lo,0.00,0.00,0.00,0,0,0.00,0.00,0.00,0,0,0.00,0.00,0,0
1432850687,s1,0.00,0.00,0.00,0,0,0.00,0.00,0.00,0,0,0.00,0.00,0,0
1432850687,s0-eth1,72940.00,0.00,72940.00,0,7294,70.00,0.00,70.00,0,7,0.00,0.00,0,0
1432850687,s0-eth2,0.00,0.00,0.00,0,0,0.00,0.00,0.00,0,0,0.00,0.00,0,0
1432850687,s0-eth3,0.00,625200.00,625200.00,62520,0,0.00,600.00,600.00,60,0,0.00,0.00,0,0
1432850687,total,145880.00,698140.00,844020.00,69814,14588,140.00,670.00,810.00,67,14,0.00,0.00,0,0
1432850687,s1-eth1,0.00,187560.00,187560.00,18756,0,0.00,180.00,180.00,18,0,0.00,0.00,0,0
1432850687,s1-eth2,0.00,0.00,0.00,0,0,0.00,0.00,0.00,0,0,0.00,0.00,0,0
1432850687,s1-eth3,187560.00,0.00,187560.00,0,18756,180.00,0.00,180.00,0,18,0.00,0.00,0,0
1432850687,s0,0.00,0.00,0.00,0,0,0.00,0.00,0.00,0,0,0.00,0.00,0,0
1432850687,eth0,0.00,0.00,0.00,0,0,0.00,0.00,0.00,0,0,0.00,0.00,0,0
1432850687,lo,0.00,0.00,0.00,0,0,0.00,0.00,0.00,0,0,0.00,0.00,0,0
1432850687,s1,0.00,0.00,0.00,0,0,0.00,0.00,0.00,0,0,0.00,0.00,0,0
1432850687,s0-eth1,187560.00,0.00,187560.00,0,18756,180.00,0.00,180.00,0,18,0.00,0.00,0,0
1432850687,s0-eth2,0.00,0.00,0.00,0,0,0.00,0.00,0.00,0,0,0.00,0.00,0,0
1432850687,s0-eth3,0.00,1875600.00,1875600.00,187560,0,0.00,1800.00,1800.00,180,0,0.00,0.00,0,0
1432850687,total,375120.00,2063160.00,2438280.00,206316,37512,360.00,1980.00,2340.00,198,36,0.00,0.00,0,0
1432850687,s1-eth1,0.00,197980.00,197980.00,19798,0,0.00,190.00,190.00,19,0,0.00,0.00,0,0
1432850687,s1-eth2,0.00,0.00,0.00,0,0,0.00,0.00,0.00,0,0,0.00,0.00,0,0
1432850687,s1-eth3,187560.00,0.00,187560.00,0,18756,180.00,0.00,180.00,0,18,0.00,0.00,0,0
1432850687,s0,0.00,0.00,0.00,0,0,0.00,0.00,0.00,0,0,0.00,0.00,0,0
1432850687,eth0,0.00,0.00,0.00,0,0,0.00,0.00,0.00,0,0,0.00,0.00,0,0
1432850687,lo,0.00,0.00,0.00,0,0,0.00,0.00,0.00,0,0,0.00,0.00,0,0
1432850687,s1,0.00,0.00,0.00,0,0,0.00,0.00,0.00,0,0,0.00,0.00,0,0
1432850687,s0-eth1,197980.00,0.00,197980.00,0,19798,190.00,0.00,190.00,0,19,0.00,0.00,0,0
1432850687,s0-eth2,0.00,0.00,0.00,0,0,0.00,0.00,0.00,0,0,0.00,0.00,0,0
1432850687,s0-eth3,0.00,1886020.00,1886020.00,188602,0,0.00,1810.00,1810.00,181,0,0.00,0.00,0,0
1432850687,total,385540.00,2084000.00,2469540.00,208400,38554,370.00,2000.00,2370.00,200,37,0.00,0.00,0,0
1432850687,s1-eth1,0.00,187560.00,187560.00,18756,0,0.00,180.00,180.00,18,0,0.00,0.00,0,0
1432850687,s1-eth2,0.00,0.00,0.00,0,0,0.00,0.00,0.00,0,0,0.00,0.00,0,0
1432850687,s1-eth3,187560.00,0.00,187560.00,0,18756,180.00,0.00,180.00,0,18,0.00,0.00,0,0
1432850687,s0,0.00,0.00,0.00,0,0,0.00,0.00,0.00,0,0,0.00,0.00,0,0
1432850687,eth0,0.00,0.00,0.00,0,0,0.00,0.00,0.00,0,0,0.00,0.00,0,0
1432850687,lo,0.00,0.00,0.00,0,0,0.00,0.00,0.00,0,0,0.00,0.00,0,0
1432850687,s1,0.00,0.00,0.00,0,0,0.00,0.00,0.00,0,0,0.00,0.00,0,0
1432850687,s0-eth1,187560.00,0.00,187560.00,0,18756,180.00,0.00,180.00,0,18,0.00,0.00,0,0
1432850687,s0-eth2,0.00,0.00,0.00,0,0,0.00,0.00,0.00,0,0,0.00,0.00,0,0
1432850687,s0-eth3,0.00,1875600.00,1875600.00,187560,0,0.00,1800.00,1800.00,180,0,0.00,0.00,0,0
1432850687,total,375120.00,2063160.00,2438280.00,206316,37512,360.00,1980.00,2340.00,198,36,0.00,0.00,0,0
1432850688,s1-eth1,0.00,185702.98,185702.98,18756,0,0.00,178.22,178.22,18,0,0.00,0.00,0,0
1432850688,s1-eth2,0.00,0.00,0.00,0,0,0.00,0.00,0.00,0,0,0.00,0.00,0,0
1432850688,s1-eth3,185702.98,0.00,185702.98,0,18756,178.22,0.00,178.22,0,18,0.00,0.00,0,0
1432850688,s0,0.00,0.00,0.00,0,0,0.00,0.00,0.00,0,0,0.00,0.00,0,0
1432850688,eth0,0.00,0.00,0.00,0,0,0.00,0.00,0.00,0,0,0.00,0.00,0,0
1432850688,lo,0.00,0.00,0.00,0,0,0.00,0.00,0.00,0,0,0.00,0.00,0,0
1432850688,s1,0.00,0.00,0.00,0,0,0.00,0.00,0.00,0,0,0.00,0.00,0,0
1432850688,s0-eth1,185702.98,0.00,185702.98,0,18756,178.22,0.00,178.22,0,18,0.00,0.00,0,0
1432850688,s0-eth2,0.00,0.00,0.00,0,0,0.00,0.00,0.00,0,0,0.00,0.00,0,0
1432850688,s0-eth3,0.00,1857029.75,1857029.75,187560,0,0.00,1782.18,1782.18,180,0,0.00,0.00,0,0
1432850688,total,371405.97,2042732.75,2414138.75,206316,37512,356.44,1960.40,2316.83,198,36,0.00,0.00,0,0
1432850688,s1-eth1,0.00,187560.00,187560.00,18756,0,0.00,180.00,180.00,18,0,0.00,0.00,0,0
1432850688,s1-eth2,0.00,0.00,0.00,0,0,0.00,0.00,0.00,0,0,0.00,0.00,0,0
1432850688,s1-eth3,187560.00,0.00,187560.00,0,18756,180.00,0.00,180.00,0,18,0.00,0.00,0,0
1432850688,s0,0.00,0.00,0.00,0,0,0.00,0.00,0.00,0,0,0.00,0.00,0,0
1432850688,eth0,0.00,0.00,0.00,0,0,0.00,0.00,0.00,0,0,0.00,0.00,0,0
1432850688,lo,0.00,0.00,0.00,0,0,0.00,0.00,0.00,0,0,0.00,0.00,0,0
1432850688,s1,0.00,0.00,0.00,0,0,0.00,0.00,0.00,0,0,0.00,0.00,0,0
1432850688,s0-eth1,187560.00,0.00,187560.00,0,18756,180.00,0.00,180.00,0,18,0.00,0.00,0,0
1432850688,s0-eth2,0.00,0.00,0.00,0,0,0.00,0.00,0.00,0,0,0.00,0.00,0,0
1432850688,s0-eth3,0.00,1886020.00,1886020.00,188602,0,0.00,1810.00,1810.00,181,0,0.00,0.00,0,0
1432850688,total,375120.00,2073580.00,2448700.00,207358,37512,360.00,1990.00,2350.00,199,36,0.00,0.00,0,0
1432850688,s1-eth1,0.00,187560.00,187560.00,18756,0,0.00,180.00,180.00,18,0,0.00,0.00,0,0
1432850688,s1-eth2,0.00,0.00,0.00,0,0,0.00,0.00,0.00,0,0,0.00,0.00,0,0
1432850688,s1-eth3,187560.00,0.00,187560.00,0,18756,180.00,0.00,180.00,0,18,0.00,0.00,0,0
1432850688,s0,0.00,0.00,0.00,0,0,0.00,0.00,0.00,0,0,0.00,0.00,0,0
1432850688,eth0,0.00,0.00,0.00,0,0,0.00,0.00,0.00,0,0,0.00,0.00,0,0
1432850688,lo,0.00,0.00,0.00,0,0,0.00,0.00,0.00,0,0,0.00,0.00,0,0
1432850688,s1,0.00,0.00,0.00,0,0,0.00,0.00,0.00,0,0,0.00,0.00,0,0
1432850688,s0-eth1,187560.00,0.00,187560.00,0,18756,180.00,0.00,180.00,0,18,0.00,0.00,0,0
1432850688,s0-eth2,0.00,0.00,0.00,0,0,0.00,0.00,0.00,0,0,0.00,0.00,0,0
1432850688,s0-eth3,0.00,937800.00,937800.00,93780,0,0.00,900.00,900.00,90,0,0.00,0.00,0,0
1432850688,total,375120.00,1125360.00,1500480.00,112536,37512,360.00,1080.00,1440.00,108,36,0.00,0.00,0,0
1432850688,s1-eth1,0.00,156300.00,156300.00,15630,0,0.00,150.00,150.00,15,0,0.00,0.00,0,0
1432850688,s1-eth2,0.00,0.00,0.00,0,0,0.00,0.00,0.00,0,0,0.00,0.00,0,0
1432850688,s1-eth3,166720.00,0.00,166720.00,0,16672,160.00,0.00,160.00,0,16,0.00,0.00,0,0
1432850688,s0,0.00,0.00,0.00,0,0,0.00,0.00,0.00,0,0,0.00,0.00,0,0
1432850688,eth0,0.00,0.00,0.00,0,0,0.00,0.00,0.00,0,0,0.00,0.00,0,0
1432850688,lo,0.00,0.00,0.00,0,0,0.00,0.00,0.00,0,0,0.00,0.00,0,0
1432850688,s1,0.00,0.00,0.00,0,0,0.00,0.00,0.00,0,0,0.00,0.00,0,0
1432850688,s0-eth1,156300.00,0.00,156300.00,0,15630,150.00,0.00,150.00,0,15,0.00,0.00,0,0
1432850688,s0-eth2,0.00,0.00,0.00,0,0,0.00,0.00,0.00,0,0,0.00,0.00,0,0
1432850688,s0-eth3,0.00,0.00,0.00,0,0,0.00,0.00,0.00,0,0,0.00,0.00,0,0
1432850688,total,323020.00,156300.00,479320.00,15630,32302,310.00,150.00,460.00,15,31,0.00,0.00,0,0
1432850688,s1-eth1,0.00,20840.00,20840.00,2084,0,0.00,20.00,20.00,2,0,0.00,0.00,0,0
1432850688,s1-eth2,0.00,0.00,0.00,0,0,0.00,0.00,0.00,0,0,0.00,0.00,0,0
1432850688,s1-eth3,0.00,0.00,0.00,0,0,0.00,0.00,0.00,0,0,0.00,0.00,0,0
1432850688,s0,0.00,0.00,0.00,0,0,0.00,0.00,0.00,0,0,0.00,0.00,0,0
1432850688,eth0,0.00,0.00,0.00,0,0,0.00,0.00,0.00,0,0,0.00,0.00,0,0
1432850688,lo,0.00,0.00,0.00,0,0,0.00,0.00,0.00,0,0,0.00,0.00,0,0
1432850688,s1,0.00,0.00,0.00,0,0,0.00,0.00,0.00,0,0,0.00,0.00,0,0
1432850688,s0-eth1,20840.00,0.00,20840.00,0,2084,20.00,0.00,20.00,0,2,0.00,0.00,0,0
1432850688,s0-eth2,0.00,0.00,0.00,0,0,0.00,0.00,0.00,0,0,0.00,0.00,0,0
1432850688,s0-eth3,0.00,83360.00,83360.00,8336,0,0.00,80.00,80.00,8,0,0.00,0.00,0,0
1432850688,total,20840.00,104200.00,125040.00,10420,2084,20.00,100.00,120.00,10,2,0.00,0.00,0,0
1432850688,s1-eth1,0.00,187560.00,187560.00,18756,0,0.00,180.00,180.00,18,0,0.00,0.00,0,0
1432850688,s1-eth2,0.00,0.00,0.00,0,0,0.00,0.00,0.00,0,0,0.00,0.00,0,0
1432850688,s1-eth3,208400.00,0.00,208400.00,0,20840,200.00,0.00,200.00,0,20,0.00,0.00,0,0
1432850688,s0,0.00,0.00,0.00,0,0,0.00,0.00,0.00,0,0,0.00,0.00,0,0
1432850688,eth0,0.00,0.00,0.00,0,0,0.00,0.00,0.00,0,0,0.00,0.00,0,0
1432850688,lo,0.00,0.00,0.00,0,0,0.00,0.00,0.00,0,0,0.00,0.00,0,0
1432850688,s1,0.00,0.00,0.00,0,0,0.00,0.00,0.00,0,0,0.00,0.00,0,0
1432850688,s0-eth1,187560.00,0.00,187560.00,0,18756,180.00,0.00,180.00,0,18,0.00,0.00,0,0
1432850688,s0-eth2,0.00,0.00,0.00,0,0,0.00,0.00,0.00,0,0,0.00,0.00,0,0
1432850688,s0-eth3,0.00,1886020.00,1886020.00,188602,0,0.00,1810.00,1810.00,181,0,0.00,0.00,0,0
1432850688,total,395960.00,2073580.00,2469540.00,207358,39596,380.00,1990.00,2370.00,199,38,0.00,0.00,0,0
1432850688,s1-eth1,0.00,187560.00,187560.00,18756,0,0.00,180.00,180.00,18,0,0.00,0.00,0,0
1432850688,s1-eth2,0.00,0.00,0.00,0,0,0.00,0.00,0.00,0,0,0.00,0.00,0,0
1432850688,s1-eth3,187560.00,0.00,187560.00,0,18756,180.00,0.00,180.00,0,18,0.00,0.00,0,0
1432850688,s0,0.00,0.00,0.00,0,0,0.00,0.00,0.00,0,0,0.00,0.00,0,0
1432850688,eth0,0.00,0.00,0.00,0,0,0.00,0.00,0.00,0,0,0.00,0.00,0,0
1432850688,lo,0.00,0.00,0.00,0,0,0.00,0.00,0.00,0,0,0.00,0.00,0,0
1432850688,s1,0.00,0.00,0.00,0,0,0.00,0.00,0.00,0,0,0.00,0.00,0,0
1432850688,s0-eth1,187560.00,0.00,187560.00,0,18756,180.00,0.00,180.00,0,18,0.00,0.00,0,0
1432850688,s0-eth2,0.00,0.00,0.00,0,0,0.00,0.00,0.00,0,0,0.00,0.00,0,0
1432850688,s0-eth3,0.00,1875600.00,1875600.00,187560,0,0.00,1800.00,1800.00,180,0,0.00,0.00,0,0
1432850688,total,375120.00,2063160.00,2438280.00,206316,37512,360.00,1980.00,2340.00,198,36,0.00,0.00,0,0
1432850688,s1-eth1,0.00,187560.00,187560.00,18756,0,0.00,180.00,180.00,18,0,0.00,0.00,0,0
1432850688,s1-eth2,0.00,0.00,0.00,0,0,0.00,0.00,0.00,0,0,0.00,0.00,0,0
1432850688,s1-eth3,187560.00,0.00,187560.00,0,18756,180.00,0.00,180.00,0,18,0.00,0.00,0,0
1432850688,s0,0.00,0.00,0.00,0,0,0.00,0.00,0.00,0,0,0.00,0.00,0,0
1432850688,eth0,0.00,0.00,0.00,0,0,0.00,0.00,0.00,0,0,0.00,0.00,0,0
1432850688,lo,0.00,0.00,0.00,0,0,0.00,0.00,0.00,0,0,0.00,0.00,0,0
1432850688,s1,0.00,0.00,0.00,0,0,0.00,0.00,0.00,0,0,0.00,0.00,0,0
1432850688,s0-eth1,187560.00,0.00,187560.00,0,18756,180.00,0.00,180.00,0,18,0.00,0.00,0,0
1432850688,s0-eth2,0.00,0.00,0.00,0,0,0.00,0.00,0.00,0,0,0.00,0.00,0,0
1432850688,s0-eth3,0.00,1875600.00,1875600.00,187560,0,0.00,1800.00,1800.00,180,0,0.00,0.00,0,0
1432850688,total,375120.00,2063160.00,2438280.00,206316,37512,360.00,1980.00,2340.00,198,36,0.00,0.00,0,0
1432850688,s1-eth1,0.00,187560.00,187560.00,18756,0,0.00,180.00,180.00,18,0,0.00,0.00,0,0
1432850688,s1-eth2,0.00,0.00,0.00,0,0,0.00,0.00,0.00,0,0,0.00,0.00,0,0
1432850688,s1-eth3,187560.00,0.00,187560.00,0,18756,180.00,0.00,180.00,0,18,0.00,0.00,0,0
1432850688,s0,0.00,0.00,0.00,0,0,0.00,0.00,0.00,0,0,0.00,0.00,0,0
1432850688,eth0,0.00,0.00,0.00,0,0,0.00,0.00,0.00,0,0,0.00,0.00,0,0
1432850688,lo,0.00,0.00,0.00,0,0,0.00,0.00,0.00,0,0,0.00,0.00,0,0
1432850688,s1,0.00,0.00,0.00,0,0,0.00,0.00,0.00,0,0,0.00,0.00,0,0
1432850688,s0-eth1,187560.00,0.00,187560.00,0,18756,180.00,0.00,180.00,0,18,0.00,0.00,0,0
1432850688,s0-eth2,0.00,0.00,0.00,0,0,0.00,0.00,0.00,0,0,0.00,0.00,0,0
1432850688,s0-eth3,0.00,1886020.00,1886020.00,188602,0,0.00,1810.00,1810.00,181,0,0.00,0.00,0,0
1432850688,total,375120.00,2073580.00,2448700.00,207358,37512,360.00,1990.00,2350.00,199,36,0.00,0.00,0,0
1432850688,s1-eth1,0.00,187560.00,187560.00,18756,0,0.00,180.00,180.00,18,0,0.00,0.00,0,0
1432850688,s1-eth2,0.00,0.00,0.00,0,0,0.00,0.00,0.00,0,0,0.00,0.00,0,0
1432850688,s1-eth3,187560.00,0.00,187560.00,0,18756,180.00,0.00,180.00,0,18,0.00,0.00,0,0
1432850688,s0,0.00,0.00,0.00,0,0,0.00,0.00,0.00,0,0,0.00,0.00,0,0
1432850688,eth0,0.00,0.00,0.00,0,0,0.00,0.00,0.00,0,0,0.00,0.00,0,0
1432850688,lo,0.00,0.00,0.00,0,0,0.00,0.00,0.00,0,0,0.00,0.00,0,0
1432850688,s1,0.00,0.00,0.00,0,0,0.00,0.00,0.00,0,0,0.00,0.00,0,0
1432850688,s0-eth1,187560.00,0.00,187560.00,0,18756,180.00,0.00,180.00,0,18,0.00,0.00,0,0
1432850688,s0-eth2,0.00,0.00,0.00,0,0,0.00,0.00,0.00,0,0,0.00,0.00,0,0
1432850688,s0-eth3,0.00,1875600.00,1875600.00,187560,0,0.00,1800.00,1800.00,180,0,0.00,0.00,0,0
1432850688,total,375120.00,2063160.00,2438280.00,206316,37512,360.00,1980.00,2340.00,198,36,0.00,0.00,0,0
1432850689,s1-eth1,0.00,196019.81,196019.81,19798,0,0.00,188.12,188.12,19,0,0.00,0.00,0,0
1432850689,s1-eth2,0.00,0.00,0.00,0,0,0.00,0.00,0.00,0,0,0.00,0.00,0,0
1432850689,s1-eth3,185702.98,0.00,185702.98,0,18756,178.22,0.00,178.22,0,18,0.00,0.00,0,0
1432850689,s0,0.00,0.00,0.00,0,0,0.00,0.00,0.00,0,0,0.00,0.00,0,0
1432850689,eth0,0.00,0.00,0.00,0,0,0.00,0.00,0.00,0,0,0.00,0.00,0,0
1432850689,lo,0.00,0.00,0.00,0,0,0.00,0.00,0.00,0,0,0.00,0.00,0,0
1432850689,s1,0.00,0.00,0.00,0,0,0.00,0.00,0.00,0,0,0.00,0.00,0,0
1432850689,s0-eth1,196019.81,0.00,196019.81,0,19798,188.12,0.00,188.12,0,19,0.00,0.00,0,0
1432850689,s0-eth2,0.00,0.00,0.00,0,0,0.00,0.00,0.00,0,0,0.00,0.00,0,0
1432850689,s0-eth3,0.00,1464990.12,1464990.12,147964,0,0.00,1405.94,1405.94,142,0,0.00,0.00,0,0
1432850689,total,381722.78,1661010.00,2042732.75,167762,38554,366.34,1594.06,1960.40,161,37,0.00,0.00,0,0
1432850689,s1-eth1,0.00,187560.00,187560.00,18756,0,0.00,180.00,180.00,18,0,0.00,0.00,0,0
1432850689,s1-eth2,0.00,0.00,0.00,0,0,0.00,0.00,0.00,0,0,0.00,0.00,0,0
1432850689,s1-eth3,187560.00,0.00,187560.00,0,18756,180.00,0.00,180.00,0,18,0.00,0.00,0,0
1432850689,s0,0.00,0.00,0.00,0,0,0.00,0.00,0.00,0,0,0.00,0.00,0,0
1432850689,eth0,0.00,0.00,0.00,0,0,0.00,0.00,0.00,0,0,0.00,0.00,0,0
1432850689,lo,0.00,0.00,0.00,0,0,0.00,0.00,0.00,0,0,0.00,0.00,0,0
1432850689,s1,0.00,0.00,0.00,0,0,0.00,0.00,0.00,0,0,0.00,0.00,0,0
1432850689,s0-eth1,187560.00,0.00,187560.00,0,18756,180.00,0.00,180.00,0,18,0.00,0.00,0,0
1432850689,s0-eth2,0.00,0.00,0.00,0,0,0.00,0.00,0.00,0,0,0.00,0.00,0,0
1432850689,s0-eth3,0.00,0.00,0.00,0,0,0.00,0.00,0.00,0,0,0.00,0.00,0,0
1432850689,total,375120.00,187560.00,562680.00,18756,37512,360.00,180.00,540.00,18,36,0.00,0.00,0,0
1432850689,s1-eth1,0.00,20840.00,20840.00,2084,0,0.00,20.00,20.00,2,0,0.00,0.00,0,0
1432850689,s1-eth2,0.00,0.00,0.00,0,0,0.00,0.00,0.00,0,0,0.00,0.00,0,0
1432850689,s1-eth3,31260.00,0.00,31260.00,0,3126,30.00,0.00,30.00,0,3,0.00,0.00,0,0
1432850689,s0,0.00,0.00,0.00,0,0,0.00,0.00,0.00,0,0,0.00,0.00,0,0
1432850689,eth0,0.00,0.00,0.00,0,0,0.00,0.00,0.00,0,0,0.00,0.00,0,0
1432850689,lo,3440.00,3440.00,6880.00,344,344,60.00,60.00,120.00,6,6,0.00,0.00,0,0
1432850689,s1,0.00,0.00,0.00,0,0,0.00,0.00,0.00,0,0,0.00,0.00,0,0
1432850689,s0-eth1,20840.00,0.00,20840.00,0,2084,20.00,0.00,20.00,0,2,0.00,0.00,0,0
1432850689,s0-eth2,0.00,0.00,0.00,0,0,0.00,0.00,0.00,0,0,0.00,0.00,0,0
1432850689,s0-eth3,0.00,0.00,0.00,0,0,0.00,0.00,0.00,0,0,0.00,0.00,0,0
1432850689,total,55540.00,24280.00,79820.00,2428,5554,110.00,80.00,190.00,8,11,0.00,0.00,0,0
1432850689,s1-eth1,0.00,156300.00,156300.00,15630,0,0.00,150.00,150.00,15,0,0.00,0.00,0,0
1432850689,s1-eth2,0.00,0.00,0.00,0,0,0.00,0.00,0.00,0,0,0.00,0.00,0,0
1432850689,s1-eth3,156300.00,0.00,156300.00,0,15630,150.00,0.00,150.00,0,15,0.00,0.00,0,0
1432850689,s0,0.00,0.00,0.00,0,0,0.00,0.00,0.00,0,0,0.00,0.00,0,0
1432850689,eth0,0.00,0.00,0.00,0,0,0.00,0.00,0.00,0,0,0.00,0.00,0,0
1432850689,lo,0.00,0.00,0.00,0,0,0.00,0.00,0.00,0,0,0.00,0.00,0,0
1432850689,s1,0.00,0.00,0.00,0,0,0.00,0.00,0.00,0,0,0.00,0.00,0,0
1432850689,s0-eth1,156300.00,0.00,156300.00,0,15630,150.00,0.00,150.00,0,15,0.00,0.00,0,0
1432850689,s0-eth2,0.00,0.00,0.00,0,0,0.00,0.00,0.00,0,0,0.00,0.00,0,0
1432850689,s0-eth3,0.00,1427540.00,1427540.00,142754,0,0.00,1370.00,1370.00,137,0,0.00,0.00,0,0
1432850689,total,312600.00,1583840.00,1896440.00,158384,31260,300.00,1520.00,1820.00,152,30,0.00,0.00,0,0
1432850689,s1-eth1,0.00,187560.00,187560.00,18756,0,0.00,180.00,180.00,18,0,0.00,0.00,0,0
1432850689,s1-eth2,0.00,0.00,0.00,0,0,0.00,0.00,0.00,0,0,0.00,0.00,0,0
1432850689,s1-eth3,187560.00,0.00,187560.00,0,18756,180.00,0.00,180.00,0,18,0.00,0.00,0,0
1432850689,s0,0.00,0.00,0.00,0,0,0.00,0.00,0.00,0,0,0.00,0.00,0,0
1432850689,eth0,0.00,0.00,0.00,0,0,0.00,0.00,0.00,0,0,0.00,0.00,0,0
1432850689,lo,0.00,0.00,0.00,0,0,0.00,0.00,0.00,0,0,0.00,0.00,0,0
1432850689,s1,0.00,0.00,0.00,0,0,0.00,0.00,0.00,0,0,0.00,0.00,0,0
1432850689,s0-eth1,187560.00,0.00,187560.00,0,18756,180.00,0.00,180.00,0,18,0.00,0.00,0,0
1432850689,s0-eth2,0.00,0.00,0.00,0,0,0.00,0.00,0.00,0,0,0.00,0.00,0,0
1432850689,s0-eth3,0.00,1875600.00,1875600.00,187560,0,0.00,1800.00,1800.00,180,0,0.00,0.00,0,0
1432850689,total,375120.00,2063160.00,2438280.00,206316,37512,360.00,1980.00,2340.00,198,36,0.00,0.00,0,0
1432850689,s1-eth1,0.00,187560.00,187560.00,18756,0,0.00,180.00,180.00,18,0,0.00,0.00,0,0
1432850689,s1-eth2,0.00,0.00,0.00,0,0,0.00,0.00,0.00,0,0,0.00,0.00,0,0
1432850689,s1-eth3,187560.00,0.00,187560.00,0,18756,180.00,0.00,180.00,0,18,0.00,0.00,0,0
1432850689,s0,0.00,0.00,0.00,0,0,0.00,0.00,0.00,0,0,0.00,0.00,0,0
1432850689,eth0,0.00,0.00,0.00,0,0,0.00,0.00,0.00,0,0,0.00,0.00,0,0
1432850689,lo,0.00,0.00,0.00,0,0,0.00,0.00,0.00,0,0,0.00,0.00,0,0
1432850689,s1,0.00,0.00,0.00,0,0,0.00,0.00,0.00,0,0,0.00,0.00,0,0
1432850689,s0-eth1,187560.00,0.00,187560.00,0,18756,180.00,0.00,180.00,0,18,0.00,0.00,0,0
1432850689,s0-eth2,0.00,0.00,0.00,0,0,0.00,0.00,0.00,0,0,0.00,0.00,0,0
1432850689,s0-eth3,0.00,1886020.00,1886020.00,188602,0,0.00,1810.00,1810.00,181,0,0.00,0.00,0,0
1432850689,total,375120.00,2073580.00,2448700.00,207358,37512,360.00,1990.00,2350.00,199,36,0.00,0.00,0,0
1432850689,s1-eth1,0.00,187560.00,187560.00,18756,0,0.00,180.00,180.00,18,0,0.00,0.00,0,0
1432850689,s1-eth2,0.00,0.00,0.00,0,0,0.00,0.00,0.00,0,0,0.00,0.00,0,0
1432850689,s1-eth3,187560.00,0.00,187560.00,0,18756,180.00,0.00,180.00,0,18,0.00,0.00,0,0
1432850689,s0,0.00,0.00,0.00,0,0,0.00,0.00,0.00,0,0,0.00,0.00,0,0
1432850689,eth0,0.00,0.00,0.00,0,0,0.00,0.00,0.00,0,0,0.00,0.00,0,0
1432850689,lo,0.00,0.00,0.00,0,0,0.00,0.00,0.00,0,0,0.00,0.00,0,0
1432850689,s1,0.00,0.00,0.00,0,0,0.00,0.00,0.00,0,0,0.00,0.00,0,0
1432850689,s0-eth1,187560.00,0.00,187560.00,0,18756,180.00,0.00,180.00,0,18,0.00,0.00,0,0
1432850689,s0-eth2,0.00,0.00,0.00,0,0,0.00,0.00,0.00,0,0,0.00,0.00,0,0
1432850689,s0-eth3,0.00,1875600.00,1875600.00,187560,0,0.00,1800.00,1800.00,180,0,0.00,0.00,0,0
1432850689,total,375120.00,2063160.00,2438280.00,206316,37512,360.00,1980.00,2340.00,198,36,0.00,0.00,0,0
1432850689,s1-eth1,0.00,187560.00,187560.00,18756,0,0.00,180.00,180.00,18,0,0.00,0.00,0,0
1432850689,s1-eth2,0.00,0.00,0.00,0,0,0.00,0.00,0.00,0,0,0.00,0.00,0,0
1432850689,s1-eth3,187560.00,0.00,187560.00,0,18756,180.00,0.00,180.00,0,18,0.00,0.00,0,0
1432850689,s0,0.00,0.00,0.00,0,0,0.00,0.00,0.00,0,0,0.00,0.00,0,0
1432850689,eth0,0.00,0.00,0.00,0,0,0.00,0.00,0.00,0,0,0.00,0.00,0,0
1432850689,lo,0.00,0.00,0.00,0,0,0.00,0.00,0.00,0,0,0.00,0.00,0,0
1432850689,s1,0.00,0.00,0.00,0,0,0.00,0.00,0.00,0,0,0.00,0.00,0,0
1432850689,s0-eth1,187560.00,0.00,187560.00,0,18756,180.00,0.00,180.00,0,18,0.00,0.00,0,0
1432850689,s0-eth2,0.00,0.00,0.00,0,0,0.00,0.00,0.00,0,0,0.00,0.00,0,0
1432850689,s0-eth3,0.00,1886020.00,1886020.00,188602,0,0.00,1810.00,1810.00,181,0,0.00,0.00,0,0
1432850689,total,375120.00,2073580.00,2448700.00,207358,37512,360.00,1990.00,2350.00,199,36,0.00,0.00,0,0
1432850689,s1-eth1,0.00,187560.00,187560.00,18756,0,0.00,180.00,180.00,18,0,0.00,0.00,0,0
1432850689,s1-eth2,0.00,0.00,0.00,0,0,0.00,0.00,0.00,0,0,0.00,0.00,0,0
1432850689,s1-eth3,187560.00,0.00,187560.00,0,18756,180.00,0.00,180.00,0,18,0.00,0.00,0,0
1432850689,s0,0.00,0.00,0.00,0,0,0.00,0.00,0.00,0,0,0.00,0.00,0,0
1432850689,eth0,0.00,0.00,0.00,0,0,0.00,0.00,0.00,0,0,0.00,0.00,0,0
1432850689,lo,0.00,0.00,0.00,0,0,0.00,0.00,0.00,0,0,0.00,0.00,0,0
1432850689,s1,0.00,0.00,0.00,0,0,0.00,0.00,0.00,0,0,0.00,0.00,0,0
1432850689,s0-eth1,187560.00,0.00,187560.00,0,18756,180.00,0.00,180.00,0,18,0.00,0.00,0,0
1432850689,s0-eth2,0.00,0.00,0.00,0,0,0.00,0.00,0.00,0,0,0.00,0.00,0,0
1432850689,s0-eth3,0.00,1875600.00,1875600.00,187560,0,0.00,1800.00,1800.00,180,0,0.00,0.00,0,0
1432850689,total,375120.00,2063160.00,2438280.00,206316,37512,360.00,1980.00,2340.00,198,36,0.00,0.00,0,0
1432850689,s1-eth1,0.00,187560.00,187560.00,18756,0,0.00,180.00,180.00,18,0,0.00,0.00,0,0
1432850689,s1-eth2,0.00,0.00,0.00,0,0,0.00,0.00,0.00,0,0,0.00,0.00,0,0
1432850689,s1-eth3,187560.00,0.00,187560.00,0,18756,180.00,0.00,180.00,0,18,0.00,0.00,0,0
1432850689,s0,0.00,0.00,0.00,0,0,0.00,0.00,0.00,0,0,0.00,0.00,0,0
1432850689,eth0,0.00,0.00,0.00,0,0,0.00,0.00,0.00,0,0,0.00,0.00,0,0
1432850689,lo,0.00,0.00,0.00,0,0,0.00,0.00,0.00,0,0,0.00,0.00,0,0
1432850689,s1,0.00,0.00,0.00,0,0,0.00,0.00,0.00,0,0,0.00,0.00,0,0
1432850689,s0-eth1,187560.00,0.00,187560.00,0,18756,180.00,0.00,180.00,0,18,0.00,0.00,0,0
1432850689,s0-eth2,0.00,0.00,0.00,0,0,0.00,0.00,0.00,0,0,0.00,0.00,0,0
1432850689,s0-eth3,0.00,135460.00,135460.00,13546,0,0.00,130.00,130.00,13,0,0.00,0.00,0,0
1432850689,total,375120.00,323020.00,698140.00,32302,37512,360.00,310.00,670.00,31,36,0.00,0.00,0,0
1432850690,s1-eth1,0.00,82534.66,82534.66,8336,0,0.00,79.21,79.21,8,0,0.00,0.00,0,0
1432850690,s1-eth2,0.00,0.00,0.00,0,0,0.00,0.00,0.00,0,0,0.00,0.00,0,0
1432850690,s1-eth3,82534.66,0.00,82534.66,0,8336,79.21,0.00,79.21,0,8,0.00,0.00,0,0
1432850690,s0,0.00,0.00,0.00,0,0,0.00,0.00,0.00,0,0,0.00,0.00,0,0
1432850690,eth0,0.00,0.00,0.00,0,0,0.00,0.00,0.00,0,0,0.00,0.00,0,0
1432850690,lo,0.00,0.00,0.00,0,0,0.00,0.00,0.00,0,0,0.00,0.00,0,0
1432850690,s1,0.00,0.00,0.00,0,0,0.00,0.00,0.00,0,0,0.00,0.00,0,0
1432850690,s0-eth1,82534.66,0.00,82534.66,0,8336,79.21,0.00,79.21,0,8,0.00,0.00,0,0
1432850690,s0-eth2,0.00,0.00,0.00,0,0,0.00,0.00,0.00,0,0,0.00,0.00,0,0
1432850690,s0-eth3,0.00,0.00,0.00,0,0,0.00,0.00,0.00,0,0,0.00,0.00,0,0
1432850690,total,165069.31,82534.66,247603.97,8336,16672,158.42,79.21,237.62,8,16,0.00,0.00,0,0
1432850690,s1-eth1,0.00,104200.00,104200.00,10420,0,0.00,100.00,100.00,10,0,0.00,0.00,0,0
1432850690,s1-eth2,0.00,0.00,0.00,0,0,0.00,0.00,0.00,0,0,0.00,0.00,0,0
1432850690,s1-eth3,104200.00,0.00,104200.00,0,10420,100.00,0.00,100.00,0,10,0.00,0.00,0,0
1432850690,s0,0.00,0.00,0.00,0,0,0.00,0.00,0.00,0,0,0.00,0.00,0,0
1432850690,eth0,0.00,0.00,0.00,0,0,0.00,0.00,0.00,0,0,0.00,0.00,0,0
1432850690,lo,0.00,0.00,0.00,0,0,0.00,0.00,0.00,0,0,0.00,0.00,0,0
1432850690,s1,0.00,0.00,0.00,0,0,0.00,0.00,0.00,0,0,0.00,0.00,0,0
1432850690,s0-eth1,104200.00,0.00,104200.00,0,10420,100.00,0.00,100.00,0,10,0.00,0.00,0,0
1432850690,s0-eth2,0.00,0.00,0.00,0,0,0.00,0.00,0.00,0,0,0.00,0.00,0,0
1432850690,s0-eth3,0.00,885700.00,885700.00,88570,0,0.00,850.00,850.00,85,0,0.00,0.00,0,0
1432850690,total,208400.00,989900.00,1198300.00,98990,20840,200.00,950.00,1150.00,95,20,0.00,0.00,0,0
1432850690,s1-eth1,0.00,187560.00,187560.00,18756,0,0.00,180.00,180.00,18,0,0.00,0.00,0,0
1432850690,s1-eth2,0.00,0.00,0.00,0,0,0.00,0.00,0.00,0,0,0.00,0.00,0,0
1432850690,s1-eth3,187560.00,0.00,187560.00,0,18756,180.00,0.00,180.00,0,18,0.00,0.00,0,0
1432850690,s0,0.00,0.00,0.00,0,0,0.00,0.00,0.00,0,0,0.00,0.00,0,0
1432850690,eth0,0.00,0.00,0.00,0,0,0.00,0.00,0.00,0,0,0.00,0.00,0,0
1432850690,lo,0.00,0.00,0.00,0,0,0.00,0.00,0.00,0,0,0.00,0.00,0,0
1432850690,s1,0.00,0.00,0.00,0,0,0.00,0.00,0.00,0,0,0.00,0.00,0,0
1432850690,s0-eth1,187560.00,0.00,187560.00,0,18756,180.00,0.00,180.00,0,18,0.00,0.00,0,0
1432850690,s0-eth2,0.00,0.00,0.00,0,0,0.00,0.00,0.00,0,0,0.00,0.00,0,0
1432850690,s0-eth3,0.00,1886020.00,1886020.00,188602,0,0.00,1810.00,1810.00,181,0,0.00,0.00,0,0
1432850690,total,375120.00,2073580.00,2448700.00,207358,37512,360.00,1990.00,2350.00,199,36,0.00,0.00,0,0
1432850690,s1-eth1,0.00,187560.00,187560.00,18756,0,0.00,180.00,180.00,18,0,0.00,0.00,0,0
1432850690,s1-eth2,0.00,0.00,0.00,0,0,0.00,0.00,0.00,0,0,0.00,0.00,0,0
1432850690,s1-eth3,187560.00,0.00,187560.00,0,18756,180.00,0.00,180.00,0,18,0.00,0.00,0,0
1432850690,s0,0.00,0.00,0.00,0,0,0.00,0.00,0.00,0,0,0.00,0.00,0,0
1432850690,eth0,0.00,0.00,0.00,0,0,0.00,0.00,0.00,0,0,0.00,0.00,0,0
1432850690,lo,0.00,0.00,0.00,0,0,0.00,0.00,0.00,0,0,0.00,0.00,0,0
1432850690,s1,0.00,0.00,0.00,0,0,0.00,0.00,0.00,0,0,0.00,0.00,0,0
1432850690,s0-eth1,187560.00,0.00,187560.00,0,18756,180.00,0.00,180.00,0,18,0.00,0.00,0,0
1432850690,s0-eth2,0.00,0.00,0.00,0,0,0.00,0.00,0.00,0,0,0.00,0.00,0,0
1432850690,s0-eth3,0.00,1875600.00,1875600.00,187560,0,0.00,1800.00,1800.00,180,0,0.00,0.00,0,0
1432850690,total,375120.00,2063160.00,2438280.00,206316,37512,360.00,1980.00,2340.00,198,36,0.00,0.00,0,0
1432850690,s1-eth1,0.00,187560.00,187560.00,18756,0,0.00,180.00,180.00,18,0,0.00,0.00,0,0
1432850690,s1-eth2,0.00,0.00,0.00,0,0,0.00,0.00,0.00,0,0,0.00,0.00,0,0
1432850690,s1-eth3,187560.00,0.00,187560.00,0,18756,180.00,0.00,180.00,0,18,0.00,0.00,0,0
1432850690,s0,0.00,0.00,0.00,0,0,0.00,0.00,0.00,0,0,0.00,0.00,0,0
1432850690,eth0,0.00,0.00,0.00,0,0,0.00,0.00,0.00,0,0,0.00,0.00,0,0
1432850690,lo,0.00,0.00,0.00,0,0,0.00,0.00,0.00,0,0,0.00,0.00,0,0
1432850690,s1,0.00,0.00,0.00,0,0,0.00,0.00,0.00,0,0,0.00,0.00,0,0
1432850690,s0-eth1,187560.00,0.00,187560.00,0,18756,180.00,0.00,180.00,0,18,0.00,0.00,0,0
1432850690,s0-eth2,0.00,0.00,0.00,0,0,0.00,0.00,0.00,0,0,0.00,0.00,0,0
1432850690,s0-eth3,0.00,1875600.00,1875600.00,187560,0,0.00,1800.00,1800.00,180,0,0.00,0.00,0,0
1432850690,total,375120.00,2063160.00,2438280.00,206316,37512,360.00,1980.00,2340.00,198,36,0.00,0.00,0,0
1432850690,s1-eth1,0.00,187560.00,187560.00,18756,0,0.00,180.00,180.00,18,0,0.00,0.00,0,0
1432850690,s1-eth2,0.00,0.00,0.00,0,0,0.00,0.00,0.00,0,0,0.00,0.00,0,0
1432850690,s1-eth3,187560.00,0.00,187560.00,0,18756,180.00,0.00,180.00,0,18,0.00,0.00,0,0
1432850690,s0,0.00,0.00,0.00,0,0,0.00,0.00,0.00,0,0,0.00,0.00,0,0
1432850690,eth0,0.00,0.00,0.00,0,0,0.00,0.00,0.00,0,0,0.00,0.00,0,0
1432850690,lo,0.00,0.00,0.00,0,0,0.00,0.00,0.00,0,0,0.00,0.00,0,0
1432850690,s1,0.00,0.00,0.00,0,0,0.00,0.00,0.00,0,0,0.00,0.00,0,0
1432850690,s0-eth1,187560.00,0.00,187560.00,0,18756,180.00,0.00,180.00,0,18,0.00,0.00,0,0
1432850690,s0-eth2,0.00,0.00,0.00,0,0,0.00,0.00,0.00,0,0,0.00,0.00,0,0
1432850690,s0-eth3,0.00,1886020.00,1886020.00,188602,0,0.00,1810.00,1810.00,181,0,0.00,0.00,0,0
1432850690,total,375120.00,2073580.00,2448700.00,207358,37512,360.00,1990.00,2350.00,199,36,0.00,0.00,0,0
1432850690,s1-eth1,0.00,187560.00,187560.00,18756,0,0.00,180.00,180.00,18,0,0.00,0.00,0,0
1432850690,s1-eth2,0.00,0.00,0.00,0,0,0.00,0.00,0.00,0,0,0.00,0.00,0,0
1432850690,s1-eth3,187560.00,0.00,187560.00,0,18756,180.00,0.00,180.00,0,18,0.00,0.00,0,0
1432850690,s0,0.00,0.00,0.00,0,0,0.00,0.00,0.00,0,0,0.00,0.00,0,0
1432850690,eth0,0.00,0.00,0.00,0,0,0.00,0.00,0.00,0,0,0.00,0.00,0,0
1432850690,lo,0.00,0.00,0.00,0,0,0.00,0.00,0.00,0,0,0.00,0.00,0,0
1432850690,s1,0.00,0.00,0.00,0,0,0.00,0.00,0.00,0,0,0.00,0.00,0,0
1432850690,s0-eth1,187560.00,0.00,187560.00,0,18756,180.00,0.00,180.00,0,18,0.00,0.00,0,0
1432850690,s0-eth2,0.00,0.00,0.00,0,0,0.00,0.00,0.00,0,0,0.00,0.00,0,0
1432850690,s0-eth3,0.00,1875600.00,1875600.00,187560,0,0.00,1800.00,1800.00,180,0,0.00,0.00,0,0
1432850690,total,375120.00,2063160.00,2438280.00,206316,37512,360.00,1980.00,2340.00,198,36,0.00,0.00,0,0
1432850690,s1-eth1,0.00,187560.00,187560.00,18756,0,0.00,180.00,180.00,18,0,0.00,0.00,0,0
1432850690,s1-eth2,0.00,0.00,0.00,0,0,0.00,0.00,0.00,0,0,0.00,0.00,0,0
1432850690,s1-eth3,187560.00,0.00,187560.00,0,18756,180.00,0.00,180.00,0,18,0.00,0.00,0,0
1432850690,s0,0.00,0.00,0.00,0,0,0.00,0.00,0.00,0,0,0.00,0.00,0,0
1432850690,eth0,0.00,0.00,0.00,0,0,0.00,0.00,0.00,0,0,0.00,0.00,0,0
1432850690,lo,0.00,0.00,0.00,0,0,0.00,0.00,0.00,0,0,0.00,0.00,0,0
1432850690,s1,0.00,0.00,0.00,0,0,0.00,0.00,0.00,0,0,0.00,0.00,0,0
1432850690,s0-eth1,187560.00,0.00,187560.00,0,18756,180.00,0.00,180.00,0,18,0.00,0.00,0,0
1432850690,s0-eth2,0.00,0.00,0.00,0,0,0.00,0.00,0.00,0,0,0.00,0.00,0,0
1432850690,s0-eth3,0.00,677300.00,677300.00,67730,0,0.00,650.00,650.00,65,0,0.00,0.00,0,0
1432850690,total,375120.00,864860.00,1239980.00,86486,37512,360.00,830.00,1190.00,83,36,0.00,0.00,0,0
1432850690,s1-eth1,0.00,135460.00,135460.00,13546,0,0.00,130.00,130.00,13,0,0.00,0.00,0,0
1432850690,s1-eth2,0.00,0.00,0.00,0,0,0.00,0.00,0.00,0,0,0.00,0.00,0,0
1432850690,s1-eth3,135460.00,0.00,135460.00,0,13546,130.00,0.00,130.00,0,13,0.00,0.00,0,0
1432850690,s0,0.00,0.00,0.00,0,0,0.00,0.00,0.00,0,0,0.00,0.00,0,0
1432850690,eth0,0.00,0.00,0.00,0,0,0.00,0.00,0.00,0,0,0.00,0.00,0,0
1432850690,lo,0.00,0.00,0.00,0,0,0.00,0.00,0.00,0,0,0.00,0.00,0,0
1432850690,s1,0.00,0.00,0.00,0,0,0.00,0.00,0.00,0,0,0.00,0.00,0,0
1432850690,s0-eth1,135460.00,0.00,135460.00,0,13546,130.00,0.00,130.00,0,13,0.00,0.00,0,0
1432850690,s0-eth2,0.00,0.00,0.00,0,0,0.00,0.00,0.00,0,0,0.00,0.00,0,0
1432850690,s0-eth3,0.00,0.00,0.00,0,0,0.00,0.00,0.00,0,0,0.00,0.00,0,0
1432850690,total,270920.00,135460.00,406380.00,13546,27092,260.00,130.00,390.00,13,26,0.00,0.00,0,0
1432850690,s1-eth1,0.00,52100.00,52100.00,5210,0,0.00,50.00,50.00,5,0,0.00,0.00,0,0
1432850690,s1-eth2,0.00,0.00,0.00,0,0,0.00,0.00,0.00,0,0,0.00,0.00,0,0
1432850690,s1-eth3,41680.00,0.00,41680.00,0,4168,40.00,0.00,40.00,0,4,0.00,0.00,0,0
1432850690,s0,0.00,0.00,0.00,0,0,0.00,0.00,0.00,0,0,0.00,0.00,0,0
1432850690,eth0,0.00,0.00,0.00,0,0,0.00,0.00,0.00,0,0,0.00,0.00,0,0
1432850690,lo,0.00,0.00,0.00,0,0,0.00,0.00,0.00,0,0,0.00,0.00,0,0
1432850690,s1,0.00,0.00,0.00,0,0,0.00,0.00,0.00,0,0,0.00,0.00,0,0
1432850690,s0-eth1,52100.00,0.00,52100.00,0,5210,50.00,0.00,50.00,0,5,0.00,0.00,0,0
1432850690,s0-eth2,0.00,0.00,0.00,0,0,0.00,0.00,0.00,0,0,0.00,0.00,0,0
1432850690,s0-eth3,0.00,354280.00,354280.00,35428,0,0.00,340.00,340.00,34,0,0.00,0.00,0,0
1432850690,total,93780.00,406380.00,500160.00,40638,9378,90.00,390.00,480.00,39,9,0.00,0.00,0,0
1432850691,s1-eth1,0.00,185702.98,185702.98,18756,0,0.00,178.22,178.22,18,0,0.00,0.00,0,0
1432850691,s1-eth2,0.00,0.00,0.00,0,0,0.00,0.00,0.00,0,0,0.00,0.00,0,0
1432850691,s1-eth3,185702.98,0.00,185702.98,0,18756,178.22,0.00,178.22,0,18,0.00,0.00,0,0
1432850691,s0,0.00,0.00,0.00,0,0,0.00,0.00,0.00,0,0,0.00,0.00,0,0
1432850691,eth0,0.00,0.00,0.00,0,0,0.00,0.00,0.00,0,0,0.00,0.00,0,0
1432850691,lo,0.00,0.00,0.00,0,0,0.00,0.00,0.00,0,0,0.00,0.00,0,0
1432850691,s1,0.00,0.00,0.00,0,0,0.00,0.00,0.00,0,0,0.00,0.00,0,0
1432850691,s0-eth1,185702.98,0.00,185702.98,0,18756,178.22,0.00,178.22,0,18,0.00,0.00,0,0
1432850691,s0-eth2,0.00,0.00,0.00,0,0,0.00,0.00,0.00,0,0,0.00,0.00,0,0
1432850691,s0-eth3,0.00,1857029.75,1857029.75,187560,0,0.00,1782.18,1782.18,180,0,0.00,0.00,0,0
1432850691,total,371405.97,2042732.75,2414138.75,206316,37512,356.44,1960.40,2316.83,198,36,0.00,0.00,0,0
1432850691,s1-eth1,0.00,187560.00,187560.00,18756,0,0.00,180.00,180.00,18,0,0.00,0.00,0,0
1432850691,s1-eth2,0.00,0.00,0.00,0,0,0.00,0.00,0.00,0,0,0.00,0.00,0,0
1432850691,s1-eth3,197980.00,0.00,197980.00,0,19798,190.00,0.00,190.00,0,19,0.00,0.00,0,0
1432850691,s0,0.00,0.00,0.00,0,0,0.00,0.00,0.00,0,0,0.00,0.00,0,0
1432850691,eth0,0.00,0.00,0.00,0,0,0.00,0.00,0.00,0,0,0.00,0.00,0,0
1432850691,lo,0.00,0.00,0.00,0,0,0.00,0.00,0.00,0,0,0.00,0.00,0,0
1432850691,s1,0.00,0.00,0.00,0,0,0.00,0.00,0.00,0,0,0.00,0.00,0,0
1432850691,s0-eth1,187560.00,0.00,187560.00,0,18756,180.00,0.00,180.00,0,18,0.00,0.00,0,0
1432850691,s0-eth2,0.00,0.00,0.00,0,0,0.00,0.00,0.00,0,0,0.00,0.00,0,0
1432850691,s0-eth3,0.00,1886020.00,1886020.00,188602,0,0.00,1810.00,1810.00,181,0,0.00,0.00,0,0
1432850691,total,385540.00,2073580.00,2459120.00,207358,38554,370.00,1990.00,2360.00,199,37,0.00,0.00,0,0
1432850691,s1-eth1,0.00,187560.00,187560.00,18756,0,0.00,180.00,180.00,18,0,0.00,0.00,0,0
1432850691,s1-eth2,0.00,0.00,0.00,0,0,0.00,0.00,0.00,0,0,0.00,0.00,0,0
1432850691,s1-eth3,187560.00,0.00,187560.00,0,18756,180.00,0.00,180.00,0,18,0.00,0.00,0,0
1432850691,s0,0.00,0.00,0.00,0,0,0.00,0.00,0.00,0,0,0.00,0.00,0,0
1432850691,eth0,0.00,0.00,0.00,0,0,0.00,0.00,0.00,0,0,0.00,0.00,0,0
1432850691,lo,0.00,0.00,0.00,0,0,0.00,0.00,0.00,0,0,0.00,0.00,0,0
1432850691,s1,0.00,0.00,0.00,0,0,0.00,0.00,0.00,0,0,0.00,0.00,0,0
1432850691,s0-eth1,187560.00,0.00,187560.00,0,18756,180.00,0.00,180.00,0,18,0.00,0.00,0,0
1432850691,s0-eth2,0.00,0.00,0.00,0,0,0.00,0.00,0.00,0,0,0.00,0.00,0,0
1432850691,s0-eth3,0.00,1875600.00,1875600.00,187560,0,0.00,1800.00,1800.00,180,0,0.00,0.00,0,0
1432850691,total,375120.00,2063160.00,2438280.00,206316,37512,360.00,1980.00,2340.00,198,36,0.00,0.00,0,0
1432850691,s1-eth1,0.00,187560.00,187560.00,18756,0,0.00,180.00,180.00,18,0,0.00,0.00,0,0
1432850691,s1-eth2,0.00,0.00,0.00,0,0,0.00,0.00,0.00,0,0,0.00,0.00,0,0
1432850691,s1-eth3,187560.00,0.00,187560.00,0,18756,180.00,0.00,180.00,0,18,0.00,0.00,0,0
1432850691,s0,0.00,0.00,0.00,0,0,0.00,0.00,0.00,0,0,0.00,0.00,0,0
1432850691,eth0,0.00,0.00,0.00,0,0,0.00,0.00,0.00,0,0,0.00,0.00,0,0
1432850691,lo,0.00,0.00,0.00,0,0,0.00,0.00,0.00,0,0,0.00,0.00,0,0
1432850691,s1,0.00,0.00,0.00,0,0,0.00,0.00,0.00,0,0,0.00,0.00,0,0
1432850691,s0-eth1,187560.00,0.00,187560.00,0,18756,180.00,0.00,180.00,0,18,0.00,0.00,0,0
1432850691,s0-eth2,0.00,0.00,0.00,0,0,0.00,0.00,0.00,0,0,0.00,0.00,0,0
1432850691,s0-eth3,0.00,1875600.00,1875600.00,187560,0,0.00,1800.00,1800.00,180,0,0.00,0.00,0,0
1432850691,total,375120.00,2063160.00,2438280.00,206316,37512,360.00,1980.00,2340.00,198,36,0.00,0.00,0,0
1432850691,s1-eth1,0.00,187560.00,187560.00,18756,0,0.00,180.00,180.00,18,0,0.00,0.00,0,0
1432850691,s1-eth2,0.00,0.00,0.00,0,0,0.00,0.00,0.00,0,0,0.00,0.00,0,0
1432850691,s1-eth3,187560.00,0.00,187560.00,0,18756,180.00,0.00,180.00,0,18,0.00,0.00,0,0
1432850691,s0,0.00,0.00,0.00,0,0,0.00,0.00,0.00,0,0,0.00,0.00,0,0
1432850691,eth0,0.00,0.00,0.00,0,0,0.00,0.00,0.00,0,0,0.00,0.00,0,0
1432850691,lo,0.00,0.00,0.00,0,0,0.00,0.00,0.00,0,0,0.00,0.00,0,0
1432850691,s1,0.00,0.00,0.00,0,0,0.00,0.00,0.00,0,0,0.00,0.00,0,0
1432850691,s0-eth1,187560.00,0.00,187560.00,0,18756,180.00,0.00,180.00,0,18,0.00,0.00,0,0
1432850691,s0-eth2,0.00,0.00,0.00,0,0,0.00,0.00,0.00,0,0,0.00,0.00,0,0
1432850691,s0-eth3,0.00,1886020.00,1886020.00,188602,0,0.00,1810.00,1810.00,181,0,0.00,0.00,0,0
1432850691,total,375120.00,2073580.00,2448700.00,207358,37512,360.00,1990.00,2350.00,199,36,0.00,0.00,0,0
1432850691,s1-eth1,0.00,187560.00,187560.00,18756,0,0.00,180.00,180.00,18,0,0.00,0.00,0,0
1432850691,s1-eth2,0.00,0.00,0.00,0,0,0.00,0.00,0.00,0,0,0.00,0.00,0,0
1432850691,s1-eth3,187560.00,0.00,187560.00,0,18756,180.00,0.00,180.00,0,18,0.00,0.00,0,0
1432850691,s0,0.00,0.00,0.00,0,0,0.00,0.00,0.00,0,0,0.00,0.00,0,0
1432850691,eth0,0.00,0.00,0.00,0,0,0.00,0.00,0.00,0,0,0.00,0.00,0,0
1432850691,lo,0.00,0.00,0.00,0,0,0.00,0.00,0.00,0,0,0.00,0.00,0,0
1432850691,s1,0.00,0.00,0.00,0,0,0.00,0.00,0.00,0,0,0.00,0.00,0,0
1432850691,s0-eth1,187560.00,0.00,187560.00,0,18756,180.00,0.00,180.00,0,18,0.00,0.00,0,0
1432850691,s0-eth2,0.00,0.00,0.00,0,0,0.00,0.00,0.00,0,0,0.00,0.00,0,0
1432850691,s0-eth3,0.00,1208720.00,1208720.00,120872,0,0.00,1160.00,1160.00,116,0,0.00,0.00,0,0
1432850691,total,375120.00,1396280.00,1771400.00,139628,37512,360.00,1340.00,1700.00,134,36,0.00,0.00,0,0
1432850691,s1-eth1,0.00,187560.00,187560.00,18756,0,0.00,180.00,180.00,18,0,0.00,0.00,0,0
1432850691,s1-eth2,0.00,0.00,0.00,0,0,0.00,0.00,0.00,0,0,0.00,0.00,0,0
1432850691,s1-eth3,187560.00,0.00,187560.00,0,18756,180.00,0.00,180.00,0,18,0.00,0.00,0,0
1432850691,s0,0.00,0.00,0.00,0,0,0.00,0.00,0.00,0,0,0.00,0.00,0,0
1432850691,eth0,0.00,0.00,0.00,0,0,0.00,0.00,0.00,0,0,0.00,0.00,0,0
1432850691,lo,0.00,0.00,0.00,0,0,0.00,0.00,0.00,0,0,0.00,0.00,0,0
1432850691,s1,0.00,0.00,0.00,0,0,0.00,0.00,0.00,0,0,0.00,0.00,0,0
1432850691,s0-eth1,187560.00,0.00,187560.00,0,18756,180.00,0.00,180.00,0,18,0.00,0.00,0,0
1432850691,s0-eth2,0.00,0.00,0.00,0,0,0.00,0.00,0.00,0,0,0.00,0.00,0,0
1432850691,s0-eth3,0.00,0.00,0.00,0,0,0.00,0.00,0.00,0,0,0.00,0.00,0,0
1432850691,total,375120.00,187560.00,562680.00,18756,37512,360.00,180.00,540.00,18,36,0.00,0.00,0,0
1432850691,s1-eth1,0.00,0.00,0.00,0,0,0.00,0.00,0.00,0,0,0.00,0.00,0,0
1432850691,s1-eth2,0.00,0.00,0.00,0,0,0.00,0.00,0.00,0,0,0.00,0.00,0,0
1432850691,s1-eth3,0.00,0.00,0.00,0,0,0.00,0.00,0.00,0,0,0.00,0.00,0,0
1432850691,s0,0.00,0.00,0.00,0,0,0.00,0.00,0.00,0,0,0.00,0.00,0,0
1432850691,eth0,0.00,0.00,0.00,0,0,0.00,0.00,0.00,0,0,0.00,0.00,0,0
1432850691,lo,0.00,0.00,0.00,0,0,0.00,0.00,0.00,0,0,0.00,0.00,0,0
1432850691,s1,0.00,0.00,0.00,0,0,0.00,0.00,0.00,0,0,0.00,0.00,0,0
1432850691,s0-eth1,0.00,0.00,0.00,0,0,0.00,0.00,0.00,0,0,0.00,0.00,0,0
1432850691,s0-eth2,0.00,0.00,0.00,0,0,0.00,0.00,0.00,0,0,0.00,0.00,0,0
1432850691,s0-eth3,0.00,0.00,0.00,0,0,0.00,0.00,0.00,0,0,0.00,0.00,0,0
1432850691,total,0.00,0.00,0.00,0,0,0.00,0.00,0.00,0,0,0.00,0.00,0,0
1432850691,s1-eth1,0.00,187560.00,187560.00,18756,0,0.00,180.00,180.00,18,0,0.00,0.00,0,0
1432850691,s1-eth2,0.00,0.00,0.00,0,0,0.00,0.00,0.00,0,0,0.00,0.00,0,0
1432850691,s1-eth3,177140.00,0.00,177140.00,0,17714,170.00,0.00,170.00,0,17,0.00,0.00,0,0
1432850691,s0,0.00,0.00,0.00,0,0,0.00,0.00,0.00,0,0,0.00,0.00,0,0
1432850691,eth0,0.00,0.00,0.00,0,0,0.00,0.00,0.00,0,0,0.00,0.00,0,0
1432850691,lo,0.00,0.00,0.00,0,0,0.00,0.00,0.00,0,0,0.00,0.00,0,0
1432850691,s1,0.00,0.00,0.00,0,0,0.00,0.00,0.00,0,0,0.00,0.00,0,0
1432850691,s0-eth1,187560.00,0.00,187560.00,0,18756,180.00,0.00,180.00,0,18,0.00,0.00,0,0
1432850691,s0-eth2,0.00,0.00,0.00,0,0,0.00,0.00,0.00,0,0,0.00,0.00,0,0
1432850691,s0-eth3,0.00,1698460.00,1698460.00,169846,0,0.00,1630.00,1630.00,163,0,0.00,0.00,0,0
1432850691,total,364700.00,1886020.00,2250720.00,188602,36470,350.00,1810.00,2160.00,181,35,0.00,0.00,0,0
1432850691,s1-eth1,0.00,187560.00,187560.00,18756,0,0.00,180.00,180.00,18,0,0.00,0.00,0,0
1432850691,s1-eth2,0.00,0.00,0.00,0,0,0.00,0.00,0.00,0,0,0.00,0.00,0,0
1432850691,s1-eth3,187560.00,0.00,187560.00,0,18756,180.00,0.00,180.00,0,18,0.00,0.00,0,0
1432850691,s0,0.00,0.00,0.00,0,0,0.00,0.00,0.00,0,0,0.00,0.00,0,0
1432850691,eth0,0.00,0.00,0.00,0,0,0.00,0.00,0.00,0,0,0.00,0.00,0,0
1432850691,lo,0.00,0.00,0.00,0,0,0.00,0.00,0.00,0,0,0.00,0.00,0,0
1432850691,s1,0.00,0.00,0.00,0,0,0.00,0.00,0.00,0,0,0.00,0.00,0,0
1432850691,s0-eth1,187560.00,0.00,187560.00,0,18756,180.00,0.00,180.00,0,18,0.00,0.00,0,0
1432850691,s0-eth2,0.00,0.00,0.00,0,0,0.00,0.00,0.00,0,0,0.00,0.00,0,0
1432850691,s0-eth3,0.00,1886020.00,1886020.00,188602,0,0.00,1810.00,1810.00,181,0,0.00,0.00,0,0
1432850691,total,375120.00,2073580.00,2448700.00,207358,37512,360.00,1990.00,2350.00,199,36,0.00,0.00,0,0
1432850692,s1-eth1,0.00,185702.98,185702.98,18756,0,0.00,178.22,178.22,18,0,0.00,0.00,0,0
1432850692,s1-eth2,0.00,0.00,0.00,0,0,0.00,0.00,0.00,0,0,0.00,0.00,0,0
1432850692,s1-eth3,196019.81,0.00,196019.81,0,19798,188.12,0.00,188.12,0,19,0.00,0.00,0,0
1432850692,s0,0.00,0.00,0.00,0,0,0.00,0.00,0.00,0,0,0.00,0.00,0,0
1432850692,eth0,0.00,0.00,0.00,0,0,0.00,0.00,0.00,0,0,0.00,0.00,0,0
1432850692,lo,0.00,0.00,0.00,0,0,0.00,0.00,0.00,0,0,0.00,0.00,0,0
1432850692,s1,0.00,0.00,0.00,0,0,0.00,0.00,0.00,0,0,0.00,0.00,0,0
1432850692,s0-eth1,185702.98,0.00,185702.98,0,18756,178.22,0.00,178.22,0,18,0.00,0.00,0,0
1432850692,s0-eth2,0.00,0.00,0.00,0,0,0.00,0.00,0.00,0,0,0.00,0.00,0,0
1432850692,s0-eth3,0.00,1857029.75,1857029.75,187560,0,0.00,1782.18,1782.18,180,0,0.00,0.00,0,0
1432850692,total,381722.78,2042732.75,2424455.50,206316,38554,366.34,1960.40,2326.73,198,37,0.00,0.00,0,0
1432850692,s1-eth1,0.00,187560.00,187560.00,18756,0,0.00,180.00,180.00,18,0,0.00,0.00,0,0
1432850692,s1-eth2,0.00,0.00,0.00,0,0,0.00,0.00,0.00,0,0,0.00,0.00,0,0
1432850692,s1-eth3,187560.00,0.00,187560.00,0,18756,180.00,0.00,180.00,0,18,0.00,0.00,0,0
1432850692,s0,0.00,0.00,0.00,0,0,0.00,0.00,0.00,0,0,0.00,0.00,0,0
1432850692,eth0,0.00,0.00,0.00,0,0,0.00,0.00,0.00,0,0,0.00,0.00,0,0
1432850692,lo,0.00,0.00,0.00,0,0,0.00,0.00,0.00,0,0,0.00,0.00,0,0
1432850692,s1,0.00,0.00,0.00,0,0,0.00,0.00,0.00,0,0,0.00,0.00,0,0
1432850692,s0-eth1,187560.00,0.00,187560.00,0,18756,180.00,0.00,180.00,0,18,0.00,0.00,0,0
1432850692,s0-eth2,0.00,0.00,0.00,0,0,0.00,0.00,0.00,0,0,0.00,0.00,0,0
1432850692,s0-eth3,0.00,1886020.00,1886020.00,188602,0,0.00,1810.00,1810.00,181,0,0.00,0.00,0,0
1432850692,total,375120.00,2073580.00,2448700.00,207358,37512,360.00,1990.00,2350.00,199,36,0.00,0.00,0,0
1432850692,s1-eth1,0.00,187560.00,187560.00,18756,0,0.00,180.00,180.00,18,0,0.00,0.00,0,0
1432850692,s1-eth2,0.00,0.00,0.00,0,0,0.00,0.00,0.00,0,0,0.00,0.00,0,0
1432850692,s1-eth3,187560.00,0.00,187560.00,0,18756,180.00,0.00,180.00,0,18,0.00,0.00,0,0
1432850692,s0,0.00,0.00,0.00,0,0,0.00,0.00,0.00,0,0,0.00,0.00,0,0
1432850692,eth0,0.00,0.00,0.00,0,0,0.00,0.00,0.00,0,0,0.00,0.00,0,0
1432850692,lo,0.00,0.00,0.00,0,0,0.00,0.00,0.00,0,0,0.00,0.00,0,0
1432850692,s1,0.00,0.00,0.00,0,0,0.00,0.00,0.00,0,0,0.00,0.00,0,0
1432850692,s0-eth1,187560.00,0.00,187560.00,0,18756,180.00,0.00,180.00,0,18,0.00,0.00,0,0
1432850692,s0-eth2,0.00,0.00,0.00,0,0,0.00,0.00,0.00,0,0,0.00,0.00,0,0
1432850692,s0-eth3,0.00,1886020.00,1886020.00,188602,0,0.00,1810.00,1810.00,181,0,0.00,0.00,0,0
1432850692,total,375120.00,2073580.00,2448700.00,207358,37512,360.00,1990.00,2350.00,199,36,0.00,0.00,0,0
1432850692,s1-eth1,0.00,187560.00,187560.00,18756,0,0.00,180.00,180.00,18,0,0.00,0.00,0,0
1432850692,s1-eth2,0.00,0.00,0.00,0,0,0.00,0.00,0.00,0,0,0.00,0.00,0,0
1432850692,s1-eth3,187560.00,0.00,187560.00,0,18756,180.00,0.00,180.00,0,18,0.00,0.00,0,0
1432850692,s0,0.00,0.00,0.00,0,0,0.00,0.00,0.00,0,0,0.00,0.00,0,0
1432850692,eth0,0.00,0.00,0.00,0,0,0.00,0.00,0.00,0,0,0.00,0.00,0,0
1432850692,lo,0.00,0.00,0.00,0,0,0.00,0.00,0.00,0,0,0.00,0.00,0,0
1432850692,s1,0.00,0.00,0.00,0,0,0.00,0.00,0.00,0,0,0.00,0.00,0,0
1432850692,s0-eth1,187560.00,0.00,187560.00,0,18756,180.00,0.00,180.00,0,18,0.00,0.00,0,0
1432850692,s0-eth2,0.00,0.00,0.00,0,0,0.00,0.00,0.00,0,0,0.00,0.00,0,0
1432850692,s0-eth3,0.00,1729720.00,1729720.00,172972,0,0.00,1660.00,1660.00,166,0,0.00,0.00,0,0
1432850692,total,375120.00,1917280.00,2292400.00,191728,37512,360.00,1840.00,2200.00,184,36,0.00,0.00,0,0
1432850692,s1-eth1,0.00,187560.00,187560.00,18756,0,0.00,180.00,180.00,18,0,0.00,0.00,0,0
1432850692,s1-eth2,0.00,0.00,0.00,0,0,0.00,0.00,0.00,0,0,0.00,0.00,0,0
1432850692,s1-eth3,187560.00,0.00,187560.00,0,18756,180.00,0.00,180.00,0,18,0.00,0.00,0,0
1432850692,s0,0.00,0.00,0.00,0,0,0.00,0.00,0.00,0,0,0.00,0.00,0,0
1432850692,eth0,0.00,0.00,0.00,0,0,0.00,0.00,0.00,0,0,0.00,0.00,0,0
1432850692,lo,0.00,0.00,0.00,0,0,0.00,0.00,0.00,0,0,0.00,0.00,0,0
1432850692,s1,0.00,0.00,0.00,0,0,0.00,0.00,0.00,0,0,0.00,0.00,0,0
1432850692,s0-eth1,187560.00,0.00,187560.00,0,18756,180.00,0.00,180.00,0,18,0.00,0.00,0,0
1432850692,s0-eth2,0.00,0.00,0.00,0,0,0.00,0.00,0.00,0,0,0.00,0.00,0,0
1432850692,s0-eth3,0.00,0.00,0.00,0,0,0.00,0.00,0.00,0,0,0.00,0.00,0,0
1432850692,total,375120.00,187560.00,562680.00,18756,37512,360.00,180.00,540.00,18,36,0.00,0.00,0,0
1432850692,s1-eth1,0.00,52100.00,52100.00,5210,0,0.00,50.00,50.00,5,0,0.00,0.00,0,0
1432850692,s1-eth2,0.00,0.00,0.00,0,0,0.00,0.00,0.00,0,0,0.00,0.00,0,0
1432850692,s1-eth3,52100.00,0.00,52100.00,0,5210,50.00,0.00,50.00,0,5,0.00,0.00,0,0
1432850692,s0,0.00,0.00,0.00,0,0,0.00,0.00,0.00,0,0,0.00,0.00,0,0
1432850692,eth0,0.00,0.00,0.00,0,0,0.00,0.00,0.00,0,0,0.00,0.00,0,0
1432850692,lo,0.00,0.00,0.00,0,0,0.00,0.00,0.00,0,0,0.00,0.00,0,0
1432850692,s1,0.00,0.00,0.00,0,0,0.00,0.00,0.00,0,0,0.00,0.00,0,0
1432850692,s0-eth1,52100.00,0.00,52100.00,0,5210,50.00,0.00,50.00,0,5,0.00,0.00,0,0
1432850692,s0-eth2,0.00,0.00,0.00,0,0,0.00,0.00,0.00,0,0,0.00,0.00,0,0
1432850692,s0-eth3,0.00,0.00,0.00,0,0,0.00,0.00,0.00,0,0,0.00,0.00,0,0
1432850692,total,104200.00,52100.00,156300.00,5210,10420,100.00,50.00,150.00,5,10,0.00,0.00,0,0
1432850692,s1-eth1,0.00,135460.00,135460.00,13546,0,0.00,130.00,130.00,13,0,0.00,0.00,0,0
1432850692,s1-eth2,0.00,0.00,0.00,0,0,0.00,0.00,0.00,0,0,0.00,0.00,0,0
1432850692,s1-eth3,125040.00,0.00,125040.00,0,12504,120.00,0.00,120.00,0,12,0.00,0.00,0,0
1432850692,s0,0.00,0.00,0.00,0,0,0.00,0.00,0.00,0,0,0.00,0.00,0,0
1432850692,eth0,0.00,0.00,0.00,0,0,0.00,0.00,0.00,0,0,0.00,0.00,0,0
1432850692,lo,0.00,0.00,0.00,0,0,0.00,0.00,0.00,0,0,0.00,0.00,0,0
1432850692,s1,0.00,0.00,0.00,0,0,0.00,0.00,0.00,0,0,0.00,0.00,0,0
1432850692,s0-eth1,135460.00,0.00,135460.00,0,13546,130.00,0.00,130.00,0,13,0.00,0.00,0,0
1432850692,s0-eth2,0.00,0.00,0.00,0,0,0.00,0.00,0.00,0,0,0.00,0.00,0,0
1432850692,s0-eth3,0.00,1167040.00,1167040.00,116704,0,0.00,1120.00,1120.00,112,0,0.00,0.00,0,0
1432850692,total,260500.00,1302500.00,1563000.00,130250,26050,250.00,1250.00,1500.00,125,25,0.00,0.00,0,0
1432850692,s1-eth1,0.00,187560.00,187560.00,18756,0,0.00,180.00,180.00,18,0,0.00,0.00,0,0
1432850692,s1-eth2,0.00,0.00,0.00,0,0,0.00,0.00,0.00,0,0,0.00,0.00,0,0
1432850692,s1-eth3,187560.00,0.00,187560.00,0,18756,180.00,0.00,180.00,0,18,0.00,0.00,0,0
1432850692,s0,0.00,0.00,0.00,0,0,0.00,0.00,0.00,0,0,0.00,0.00,0,0
1432850692,eth0,0.00,0.00,0.00,0,0,0.00,0.00,0.00,0,0,0.00,0.00,0,0
1432850692,lo,0.00,0.00,0.00,0,0,0.00,0.00,0.00,0,0,0.00,0.00,0,0
1432850692,s1,0.00,0.00,0.00,0,0,0.00,0.00,0.00,0,0,0.00,0.00,0,0
1432850692,s0-eth1,187560.00,0.00,187560.00,0,18756,180.00,0.00,180.00,0,18,0.00,0.00,0,0
1432850692,s0-eth2,0.00,0.00,0.00,0,0,0.00,0.00,0.00,0,0,0.00,0.00,0,0
1432850692,s0-eth3,0.00,1886020.00,1886020.00,188602,0,0.00,1810.00,1810.00,181,0,0.00,0.00,0,0
1432850692,total,375120.00,2073580.00,2448700.00,207358,37512,360.00,1990.00,2350.00,199,36,0.00,0.00,0,0
1432850692,s1-eth1,0.00,187560.00,187560.00,18756,0,0.00,180.00,180.00,18,0,0.00,0.00,0,0
1432850692,s1-eth2,0.00,0.00,0.00,0,0,0.00,0.00,0.00,0,0,0.00,0.00,0,0
1432850692,s1-eth3,187560.00,0.00,187560.00,0,18756,180.00,0.00,180.00,0,18,0.00,0.00,0,0
1432850692,s0,0.00,0.00,0.00,0,0,0.00,0.00,0.00,0,0,0.00,0.00,0,0
1432850692,eth0,0.00,0.00,0.00,0,0,0.00,0.00,0.00,0,0,0.00,0.00,0,0
1432850692,lo,0.00,0.00,0.00,0,0,0.00,0.00,0.00,0,0,0.00,0.00,0,0
1432850692,s1,0.00,0.00,0.00,0,0,0.00,0.00,0.00,0,0,0.00,0.00,0,0
1432850692,s0-eth1,187560.00,0.00,187560.00,0,18756,180.00,0.00,180.00,0,18,0.00,0.00,0,0
1432850692,s0-eth2,0.00,0.00,0.00,0,0,0.00,0.00,0.00,0,0,0.00,0.00,0,0
1432850692,s0-eth3,0.00,1875600.00,1875600.00,187560,0,0.00,1800.00,1800.00,180,0,0.00,0.00,0,0
1432850692,total,375120.00,2063160.00,2438280.00,206316,37512,360.00,1980.00,2340.00,198,36,0.00,0.00,0,0
1432850692,s1-eth1,0.00,187560.00,187560.00,18756,0,0.00,180.00,180.00,18,0,0.00,0.00,0,0
1432850692,s1-eth2,0.00,0.00,0.00,0,0,0.00,0.00,0.00,0,0,0.00,0.00,0,0
1432850692,s1-eth3,187560.00,0.00,187560.00,0,18756,180.00,0.00,180.00,0,18,0.00,0.00,0,0
1432850692,s0,0.00,0.00,0.00,0,0,0.00,0.00,0.00,0,0,0.00,0.00,0,0
1432850692,eth0,0.00,0.00,0.00,0,0,0.00,0.00,0.00,0,0,0.00,0.00,0,0
1432850692,lo,0.00,0.00,0.00,0,0,0.00,0.00,0.00,0,0,0.00,0.00,0,0
1432850692,s1,0.00,0.00,0.00,0,0,0.00,0.00,0.00,0,0,0.00,0.00,0,0
1432850692,s0-eth1,187560.00,0.00,187560.00,0,18756,180.00,0.00,180.00,0,18,0.00,0.00,0,0
1432850692,s0-eth2,0.00,0.00,0.00,0,0,0.00,0.00,0.00,0,0,0.00,0.00,0,0
1432850692,s0-eth3,0.00,1886020.00,1886020.00,188602,0,0.00,1810.00,1810.00,181,0,0.00,0.00,0,0
1432850692,total,375120.00,2073580.00,2448700.00,207358,37512,360.00,1990.00,2350.00,199,36,0.00,0.00,0,0
1432850693,s1-eth1,0.00,185702.98,185702.98,18756,0,0.00,178.22,178.22,18,0,0.00,0.00,0,0
1432850693,s1-eth2,0.00,0.00,0.00,0,0,0.00,0.00,0.00,0,0,0.00,0.00,0,0
1432850693,s1-eth3,196019.81,0.00,196019.81,0,19798,188.12,0.00,188.12,0,19,0.00,0.00,0,0
1432850693,s0,0.00,0.00,0.00,0,0,0.00,0.00,0.00,0,0,0.00,0.00,0,0
1432850693,eth0,0.00,0.00,0.00,0,0,0.00,0.00,0.00,0,0,0.00,0.00,0,0
1432850693,lo,0.00,0.00,0.00,0,0,0.00,0.00,0.00,0,0,0.00,0.00,0,0
1432850693,s1,0.00,0.00,0.00,0,0,0.00,0.00,0.00,0,0,0.00,0.00,0,0
1432850693,s0-eth1,185702.98,0.00,185702.98,0,18756,178.22,0.00,178.22,0,18,0.00,0.00,0,0
1432850693,s0-eth2,0.00,0.00,0.00,0,0,0.00,0.00,0.00,0,0,0.00,0.00,0,0
1432850693,s0-eth3,0.00,1857029.75,1857029.75,187560,0,0.00,1782.18,1782.18,180,0,0.00,0.00,0,0
1432850693,total,381722.78,2042732.75,2424455.50,206316,38554,366.34,1960.40,2326.73,198,37,0.00,0.00,0,0
1432850693,s1-eth1,0.00,187560.00,187560.00,18756,0,0.00,180.00,180.00,18,0,0.00,0.00,0,0
1432850693,s1-eth2,0.00,0.00,0.00,0,0,0.00,0.00,0.00,0,0,0.00,0.00,0,0
1432850693,s1-eth3,187560.00,0.00,187560.00,0,18756,180.00,0.00,180.00,0,18,0.00,0.00,0,0
1432850693,s0,0.00,0.00,0.00,0,0,0.00,0.00,0.00,0,0,0.00,0.00,0,0
1432850693,eth0,0.00,0.00,0.00,0,0,0.00,0.00,0.00,0,0,0.00,0.00,0,0
1432850693,lo,0.00,0.00,0.00,0,0,0.00,0.00,0.00,0,0,0.00,0.00,0,0
1432850693,s1,0.00,0.00,0.00,0,0,0.00,0.00,0.00,0,0,0.00,0.00,0,0
1432850693,s0-eth1,187560.00,0.00,187560.00,0,18756,180.00,0.00,180.00,0,18,0.00,0.00,0,0
1432850693,s0-eth2,0.00,0.00,0.00,0,0,0.00,0.00,0.00,0,0,0.00,0.00,0,0
1432850693,s0-eth3,0.00,1886020.00,1886020.00,188602,0,0.00,1810.00,1810.00,181,0,0.00,0.00,0,0
1432850693,total,375120.00,2073580.00,2448700.00,207358,37512,360.00,1990.00,2350.00,199,36,0.00,0.00,0,0
1432850693,s1-eth1,0.00,187560.00,187560.00,18756,0,0.00,180.00,180.00,18,0,0.00,0.00,0,0
1432850693,s1-eth2,0.00,0.00,0.00,0,0,0.00,0.00,0.00,0,0,0.00,0.00,0,0
1432850693,s1-eth3,187560.00,0.00,187560.00,0,18756,180.00,0.00,180.00,0,18,0.00,0.00,0,0
1432850693,s0,0.00,0.00,0.00,0,0,0.00,0.00,0.00,0,0,0.00,0.00,0,0
1432850693,eth0,0.00,0.00,0.00,0,0,0.00,0.00,0.00,0,0,0.00,0.00,0,0
1432850693,lo,0.00,0.00,0.00,0,0,0.00,0.00,0.00,0,0,0.00,0.00,0,0
1432850693,s1,0.00,0.00,0.00,0,0,0.00,0.00,0.00,0,0,0.00,0.00,0,0
1432850693,s0-eth1,187560.00,0.00,187560.00,0,18756,180.00,0.00,180.00,0,18,0.00,0.00,0,0
1432850693,s0-eth2,0.00,0.00,0.00,0,0,0.00,0.00,0.00,0,0,0.00,0.00,0,0
1432850693,s0-eth3,0.00,385540.00,385540.00,38554,0,0.00,370.00,370.00,37,0,0.00,0.00,0,0
1432850693,total,375120.00,573100.00,948220.00,57310,37512,360.00,550.00,910.00,55,36,0.00,0.00,0,0
1432850693,s1-eth1,0.00,104200.00,104200.00,10420,0,0.00,100.00,100.00,10,0,0.00,0.00,0,0
1432850693,s1-eth2,0.00,0.00,0.00,0,0,0.00,0.00,0.00,0,0,0.00,0.00,0,0
1432850693,s1-eth3,104200.00,0.00,104200.00,0,10420,100.00,0.00,100.00,0,10,0.00,0.00,0,0
1432850693,s0,0.00,0.00,0.00,0,0,0.00,0.00,0.00,0,0,0.00,0.00,0,0
1432850693,eth0,0.00,0.00,0.00,0,0,0.00,0.00,0.00,0,0,0.00,0.00,0,0
1432850693,lo,0.00,0.00,0.00,0,0,0.00,0.00,0.00,0,0,0.00,0.00,0,0
1432850693,s1,0.00,0.00,0.00,0,0,0.00,0.00,0.00,0,0,0.00,0.00,0,0
1432850693,s0-eth1,104200.00,0.00,104200.00,0,10420,100.00,0.00,100.00,0,10,0.00,0.00,0,0
1432850693,s0-eth2,0.00,0.00,0.00,0,0,0.00,0.00,0.00,0,0,0.00,0.00,0,0
1432850693,s0-eth3,0.00,0.00,0.00,0,0,0.00,0.00,0.00,0,0,0.00,0.00,0,0
1432850693,total,208400.00,104200.00,312600.00,10420,20840,200.00,100.00,300.00,10,20,0.00,0.00,0,0
1432850693,s1-eth1,0.00,83360.00,83360.00,8336,0,0.00,80.00,80.00,8,0,0.00,0.00,0,0
1432850693,s1-eth2,0.00,0.00,0.00,0,0,0.00,0.00,0.00,0,0,0.00,0.00,0,0
1432850693,s1-eth3,72940.00,0.00,72940.00,0,7294,70.00,0.00,70.00,0,7,0.00,0.00,0,0
1432850693,s0,0.00,0.00,0.00,0,0,0.00,0.00,0.00,0,0,0.00,0.00,0,0
1432850693,eth0,0.00,0.00,0.00,0,0,0.00,0.00,0.00,0,0,0.00,0.00,0,0
1432850693,lo,0.00,0.00,0.00,0,0,0.00,0.00,0.00,0,0,0.00,0.00,0,0
1432850693,s1,0.00,0.00,0.00,0,0,0.00,0.00,0.00,0,0,0.00,0.00,0,0
1432850693,s0-eth1,83360.00,0.00,83360.00,0,8336,80.00,0.00,80.00,0,8,0.00,0.00,0,0
1432850693,s0-eth2,0.00,0.00,0.00,0,0,0.00,0.00,0.00,0,0,0.00,0.00,0,0
1432850693,s0-eth3,0.00,635620.00,635620.00,63562,0,0.00,610.00,610.00,61,0,0.00,0.00,0,0
1432850693,total,156300.00,718980.00,875280.00,71898,15630,150.00,690.00,840.00,69,15,0.00,0.00,0,0
1432850693,s1-eth1,0.00,187560.00,187560.00,18756,0,0.00,180.00,180.00,18,0,0.00,0.00,0,0
1432850693,s1-eth2,0.00,0.00,0.00,0,0,0.00,0.00,0.00,0,0,0.00,0.00,0,0
1432850693,s0,0.00,0.00,0.00,0,0,0.00,0.00,0.00,0,0,0.00,0.00,0,0
1432850693,eth0,7940.00,0.00,7940.00,0,794,70.00,0.00,70.00,0,7,0.00,0.00,0,0
1432850693,lo,3120.00,3120.00,6240.00,312,312,60.00,60.00,120.00,6,6,0.00,0.00,0,0
1432850693,s1,0.00,0.00,0.00,0,0,0.00,0.00,0.00,0,0,0.00,0.00,0,0
1432850693,s0-eth1,187560.00,0.00,187560.00,0,18756,180.00,0.00,180.00,0,18,0.00,0.00,0,0
1432850693,s0-eth2,0.00,0.00,0.00,0,0,0.00,0.00,0.00,0,0,0.00,0.00,0,0
1432850693,total,184467440737095516160.00,184467440737095516160.00,184467440737095516160.00,18446744073656912153,18446744073703006223,184467440737095450624.00,184467440737094991872.00,184467440737094926336.00,18446744073709501062,18446744073709545223,0.00,0.00,0,0
1432850693,eth0,4400.00,6600.00,11000.00,660,440,40.00,100.00,140.00,10,4,0.00,0.00,0,0
1432850693,lo,0.00,0.00,0.00,0,0,0.00,0.00,0.00,0,0,0.00,0.00,0,0
1432850693,s1,0.00,0.00,0.00,0,0,0.00,0.00,0.00,0,0,0.00,0.00,0,0
1432850693,total,184467440737095516160.00,184467440737095516160.00,184467440737095516160.00,18446744073702963561,18446744073702959213,184467440737095450624.00,184467440737095450624.00,184467440737095385088.00,18446744073709545132,18446744073709545074,0.00,0.00,0,0
1432850693,eth0,1500.00,1320.00,2820.00,132,150,10.00,20.00,30.00,2,1,0.00,0.00,0,0
1432850693,lo,0.00,0.00,0.00,0,0,0.00,0.00,0.00,0,0,0.00,0.00,0,0
1432850693,total,184467440737095516160.00,184467440737095516160.00,184467440737095516160.00,18446744073709548183,18446744073709551117,184467440737095516160.00,184467440737095516160.00,184467440737095516160.00,18446744073709551569,18446744073709551608,0.00,0.00,0,0
1432850693,eth0,0.00,0.00,0.00,0,0,0.00,0.00,0.00,0,0,0.00,0.00,0,0
1432850693,lo,0.00,0.00,0.00,0,0,0.00,0.00,0.00,0,0,0.00,0.00,0,0
1432850693,total,0.00,0.00,0.00,0,0,0.00,0.00,0.00,0,0,0.00,0.00,0,0
1432850693,eth0,0.00,0.00,0.00,0,0,0.00,0.00,0.00,0,0,0.00,0.00,0,0
1432850693,lo,0.00,0.00,0.00,0,0,0.00,0.00,0.00,0,0,0.00,0.00,0,0
1432850693,total,0.00,0.00,0.00,0,0,0.00,0.00,0.00,0,0,0.00,0.00,0,0
1432850694,eth0,0.00,0.00,0.00,0,0,0.00,0.00,0.00,0,0,0.00,0.00,0,0
1432850694,lo,0.00,0.00,0.00,0,0,0.00,0.00,0.00,0,0,0.00,0.00,0,0
1432850694,total,0.00,0.00,0.00,0,0,0.00,0.00,0.00,0,0,0.00,0.00,0,0
1432850694,eth0,0.00,0.00,0.00,0,0,0.00,0.00,0.00,0,0,0.00,0.00,0,0
1432850694,lo,0.00,0.00,0.00,0,0,0.00,0.00,0.00,0,0,0.00,0.00,0,0
1432850694,total,0.00,0.00,0.00,0,0,0.00,0.00,0.00,0,0,0.00,0.00,0,0
1432850694,eth0,0.00,0.00,0.00,0,0,0.00,0.00,0.00,0,0,0.00,0.00,0,0
1432850694,lo,0.00,0.00,0.00,0,0,0.00,0.00,0.00,0,0,0.00,0.00,0,0
1432850694,total,0.00,0.00,0.00,0,0,0.00,0.00,0.00,0,0,0.00,0.00,0,0
1432850694,eth0,0.00,0.00,0.00,0,0,0.00,0.00,0.00,0,0,0.00,0.00,0,0
1432850694,lo,0.00,0.00,0.00,0,0,0.00,0.00,0.00,0,0,0.00,0.00,0,0
1432850694,total,0.00,0.00,0.00,0,0,0.00,0.00,0.00,0,0,0.00,0.00,0,0
1432850694,eth0,0.00,0.00,0.00,0,0,0.00,0.00,0.00,0,0,0.00,0.00,0,0
1432850694,lo,0.00,0.00,0.00,0,0,0.00,0.00,0.00,0,0,0.00,0.00,0,0
1432850694,total,0.00,0.00,0.00,0,0,0.00,0.00,0.00,0,0,0.00,0.00,0,0
1432850694,eth0,0.00,0.00,0.00,0,0,0.00,0.00,0.00,0,0,0.00,0.00,0,0
1432850694,lo,0.00,0.00,0.00,0,0,0.00,0.00,0.00,0,0,0.00,0.00,0,0
1432850694,total,0.00,0.00,0.00,0,0,0.00,0.00,0.00,0,0,0.00,0.00,0,0
1432850694,eth0,0.00,0.00,0.00,0,0,0.00,0.00,0.00,0,0,0.00,0.00,0,0
1432850694,lo,0.00,0.00,0.00,0,0,0.00,0.00,0.00,0,0,0.00,0.00,0,0
1432850694,total,0.00,0.00,0.00,0,0,0.00,0.00,0.00,0,0,0.00,0.00,0,0
1432850694,eth0,0.00,0.00,0.00,0,0,0.00,0.00,0.00,0,0,0.00,0.00,0,0
1432850694,lo,0.00,0.00,0.00,0,0,0.00,0.00,0.00,0,0,0.00,0.00,0,0
1432850694,total,0.00,0.00,0.00,0,0,0.00,0.00,0.00,0,0,0.00,0.00,0,0
1432850694,eth0,0.00,0.0