1432849465,s1-eth1,0.00,0.00,0.00,0,0,0.00,0.00,0.00,0,0,0.00,0.00,0,0
1432849465,s1-eth2,0.00,0.00,0.00,0,0,0.00,0.00,0.00,0,0,0.00,0.00,0,0
1432849465,s1-eth3,0.00,0.00,0.00,0,0,0.00,0.00,0.00,0,0,0.00,0.00,0,0
1432849465,s0,0.00,0.00,0.00,0,0,0.00,0.00,0.00,0,0,0.00,0.00,0,0
1432849465,eth0,0.00,0.00,0.00,0,0,0.00,0.00,0.00,0,0,0.00,0.00,0,0
1432849465,lo,0.00,0.00,0.00,0,0,0.00,0.00,0.00,0,0,0.00,0.00,0,0
1432849465,s1,0.00,0.00,0.00,0,0,0.00,0.00,0.00,0,0,0.00,0.00,0,0
1432849465,s0-eth1,0.00,0.00,0.00,0,0,0.00,0.00,0.00,0,0,0.00,0.00,0,0
1432849465,s0-eth2,0.00,0.00,0.00,0,0,0.00,0.00,0.00,0,0,0.00,0.00,0,0
1432849465,s0-eth3,0.00,0.00,0.00,0,0,0.00,0.00,0.00,0,0,0.00,0.00,0,0
1432849465,total,0.00,0.00,0.00,0,0,0.00,0.00,0.00,0,0,0.00,0.00,0,0
1432849465,s1-eth1,0.00,187560.00,187560.00,18756,0,0.00,180.00,180.00,18,0,0.00,0.00,0,0
1432849465,s1-eth2,0.00,0.00,0.00,0,0,0.00,0.00,0.00,0,0,0.00,0.00,0,0
1432849465,s1-eth3,187560.00,0.00,187560.00,0,18756,180.00,0.00,180.00,0,18,0.00,0.00,0,0
1432849465,s0,0.00,0.00,0.00,0,0,0.00,0.00,0.00,0,0,0.00,0.00,0,0
1432849465,eth0,0.00,0.00,0.00,0,0,0.00,0.00,0.00,0,0,0.00,0.00,0,0
1432849465,lo,0.00,0.00,0.00,0,0,0.00,0.00,0.00,0,0,0.00,0.00,0,0
1432849465,s1,0.00,0.00,0.00,0,0,0.00,0.00,0.00,0,0,0.00,0.00,0,0
1432849465,s0-eth1,187560.00,0.00,187560.00,0,18756,180.00,0.00,180.00,0,18,0.00,0.00,0,0
1432849465,s0-eth2,0.00,0.00,0.00,0,0,0.00,0.00,0.00,0,0,0.00,0.00,0,0
1432849465,s0-eth3,0.00,1875600.00,1875600.00,187560,0,0.00,1800.00,1800.00,180,0,0.00,0.00,0,0
1432849465,total,375120.00,2063160.00,2438280.00,206316,37512,360.00,1980.00,2340.00,198,36,0.00,0.00,0,0
1432849465,s1-eth1,0.00,187560.00,187560.00,18756,0,0.00,180.00,180.00,18,0,0.00,0.00,0,0
1432849465,s1-eth2,0.00,0.00,0.00,0,0,0.00,0.00,0.00,0,0,0.00,0.00,0,0
1432849465,s1-eth3,187560.00,0.00,187560.00,0,18756,180.00,0.00,180.00,0,18,0.00,0.00,0,0
1432849465,s0,0.00,0.00,0.00,0,0,0.00,0.00,0.00,0,0,0.00,0.00,0,0
1432849465,eth0,0.00,0.00,0.00,0,0,0.00,0.00,0.00,0,0,0.00,0.00,0,0
1432849465,lo,0.00,0.00,0.00,0,0,0.00,0.00,0.00,0,0,0.00,0.00,0,0
1432849465,s1,0.00,0.00,0.00,0,0,0.00,0.00,0.00,0,0,0.00,0.00,0,0
1432849465,s0-eth1,187560.00,0.00,187560.00,0,18756,180.00,0.00,180.00,0,18,0.00,0.00,0,0
1432849465,s0-eth2,0.00,0.00,0.00,0,0,0.00,0.00,0.00,0,0,0.00,0.00,0,0
1432849465,s0-eth3,0.00,1875600.00,1875600.00,187560,0,0.00,1800.00,1800.00,180,0,0.00,0.00,0,0
1432849465,total,375120.00,2063160.00,2438280.00,206316,37512,360.00,1980.00,2340.00,198,36,0.00,0.00,0,0
1432849465,s1-eth1,0.00,187560.00,187560.00,18756,0,0.00,180.00,180.00,18,0,0.00,0.00,0,0
1432849465,s1-eth2,0.00,0.00,0.00,0,0,0.00,0.00,0.00,0,0,0.00,0.00,0,0
1432849465,s1-eth3,187560.00,0.00,187560.00,0,18756,180.00,0.00,180.00,0,18,0.00,0.00,0,0
1432849465,s0,0.00,0.00,0.00,0,0,0.00,0.00,0.00,0,0,0.00,0.00,0,0
1432849465,eth0,0.00,0.00,0.00,0,0,0.00,0.00,0.00,0,0,0.00,0.00,0,0
1432849465,lo,0.00,0.00,0.00,0,0,0.00,0.00,0.00,0,0,0.00,0.00,0,0
1432849465,s1,0.00,0.00,0.00,0,0,0.00,0.00,0.00,0,0,0.00,0.00,0,0
1432849465,s0-eth1,187560.00,0.00,187560.00,0,18756,180.00,0.00,180.00,0,18,0.00,0.00,0,0
1432849465,s0-eth2,0.00,0.00,0.00,0,0,0.00,0.00,0.00,0,0,0.00,0.00,0,0
1432849465,s0-eth3,0.00,1886020.00,1886020.00,188602,0,0.00,1810.00,1810.00,181,0,0.00,0.00,0,0
1432849465,total,375120.00,2073580.00,2448700.00,207358,37512,360.00,1990.00,2350.00,199,36,0.00,0.00,0,0
1432849465,s1-eth1,0.00,187560.00,187560.00,18756,0,0.00,180.00,180.00,18,0,0.00,0.00,0,0
1432849465,s1-eth2,0.00,0.00,0.00,0,0,0.00,0.00,0.00,0,0,0.00,0.00,0,0
1432849465,s1-eth3,187560.00,0.00,187560.00,0,18756,180.00,0.00,180.00,0,18,0.00,0.00,0,0
1432849465,s0,0.00,0.00,0.00,0,0,0.00,0.00,0.00,0,0,0.00,0.00,0,0
1432849465,eth0,0.00,0.00,0.00,0,0,0.00,0.00,0.00,0,0,0.00,0.00,0,0
1432849465,lo,0.00,0.00,0.00,0,0,0.00,0.00,0.00,0,0,0.00,0.00,0,0
1432849465,s1,0.00,0.00,0.00,0,0,0.00,0.00,0.00,0,0,0.00,0.00,0,0
1432849465,s0-eth1,187560.00,0.00,187560.00,0,18756,180.00,0.00,180.00,0,18,0.00,0.00,0,0
1432849465,s0-eth2,0.00,0.00,0.00,0,0,0.00,0.00,0.00,0,0,0.00,0.00,0,0
1432849465,s0-eth3,0.00,1886020.00,1886020.00,188602,0,0.00,1810.00,1810.00,181,0,0.00,0.00,0,0
1432849465,total,375120.00,2073580.00,2448700.00,207358,37512,360.00,1990.00,2350.00,199,36,0.00,0.00,0,0
1432849466,s1-eth1,0.00,185702.98,185702.98,18756,0,0.00,178.22,178.22,18,0,0.00,0.00,0,0
1432849466,s1-eth2,0.00,0.00,0.00,0,0,0.00,0.00,0.00,0,0,0.00,0.00,0,0
1432849466,s1-eth3,185702.98,0.00,185702.98,0,18756,178.22,0.00,178.22,0,18,0.00,0.00,0,0
1432849466,s0,0.00,0.00,0.00,0,0,0.00,0.00,0.00,0,0,0.00,0.00,0,0
1432849466,eth0,0.00,0.00,0.00,0,0,0.00,0.00,0.00,0,0,0.00,0.00,0,0
1432849466,lo,0.00,0.00,0.00,0,0,0.00,0.00,0.00,0,0,0.00,0.00,0,0
1432849466,s1,0.00,0.00,0.00,0,0,0.00,0.00,0.00,0,0,0.00,0.00,0,0
1432849466,s0-eth1,185702.98,0.00,185702.98,0,18756,178.22,0.00,178.22,0,18,0.00,0.00,0,0
1432849466,s0-eth2,0.00,0.00,0.00,0,0,0.00,0.00,0.00,0,0,0.00,0.00,0,0
1432849466,s0-eth3,0.00,1857029.75,1857029.75,187560,0,0.00,1782.18,1782.18,180,0,0.00,0.00,0,0
1432849466,total,371405.97,2042732.75,2414138.75,206316,37512,356.44,1960.40,2316.83,198,36,0.00,0.00,0,0
1432849466,s1-eth1,0.00,187560.00,187560.00,18756,0,0.00,180.00,180.00,18,0,0.00,0.00,0,0
1432849466,s1-eth2,0.00,0.00,0.00,0,0,0.00,0.00,0.00,0,0,0.00,0.00,0,0
1432849466,s1-eth3,187560.00,0.00,187560.00,0,18756,180.00,0.00,180.00,0,18,0.00,0.00,0,0
1432849466,s0,0.00,0.00,0.00,0,0,0.00,0.00,0.00,0,0,0.00,0.00,0,0
1432849466,eth0,0.00,0.00,0.00,0,0,0.00,0.00,0.00,0,0,0.00,0.00,0,0
1432849466,lo,0.00,0.00,0.00,0,0,0.00,0.00,0.00,0,0,0.00,0.00,0,0
1432849466,s1,0.00,0.00,0.00,0,0,0.00,0.00,0.00,0,0,0.00,0.00,0,0
1432849466,s0-eth1,187560.00,0.00,187560.00,0,18756,180.00,0.00,180.00,0,18,0.00,0.00,0,0
1432849466,s0-eth2,0.00,0.00,0.00,0,0,0.00,0.00,0.00,0,0,0.00,0.00,0,0
1432849466,s0-eth3,0.00,1875600.00,1875600.00,187560,0,0.00,1800.00,1800.00,180,0,0.00,0.00,0,0
1432849466,total,375120.00,2063160.00,2438280.00,206316,37512,360.00,1980.00,2340.00,198,36,0.00,0.00,0,0
1432849466,s1-eth1,0.00,187560.00,187560.00,18756,0,0.00,180.00,180.00,18,0,0.00,0.00,0,0
1432849466,s1-eth2,0.00,0.00,0.00,0,0,0.00,0.00,0.00,0,0,0.00,0.00,0,0
1432849466,s1-eth3,187560.00,0.00,187560.00,0,18756,180.00,0.00,180.00,0,18,0.00,0.00,0,0
1432849466,s0,0.00,0.00,0.00,0,0,0.00,0.00,0.00,0,0,0.00,0.00,0,0
1432849466,eth0,0.00,0.00,0.00,0,0,0.00,0.00,0.00,0,0,0.00,0.00,0,0
1432849466,lo,0.00,0.00,0.00,0,0,0.00,0.00,0.00,0,0,0.00,0.00,0,0
1432849466,s1,0.00,0.00,0.00,0,0,0.00,0.00,0.00,0,0,0.00,0.00,0,0
1432849466,s0-eth1,187560.00,0.00,187560.00,0,18756,180.00,0.00,180.00,0,18,0.00,0.00,0,0
1432849466,s0-eth2,0.00,0.00,0.00,0,0,0.00,0.00,0.00,0,0,0.00,0.00,0,0
1432849466,s0-eth3,0.00,1886020.00,1886020.00,188602,0,0.00,1810.00,1810.00,181,0,0.00,0.00,0,0
1432849466,total,375120.00,2073580.00,2448700.00,207358,37512,360.00,1990.00,2350.00,199,36,0.00,0.00,0,0
1432849466,s1-eth1,0.00,187560.00,187560.00,18756,0,0.00,180.00,180.00,18,0,0.00,0.00,0,0
1432849466,s1-eth2,0.00,0.00,0.00,0,0,0.00,0.00,0.00,0,0,0.00,0.00,0,0
1432849466,s1-eth3,187560.00,0.00,187560.00,0,18756,180.00,0.00,180.00,0,18,0.00,0.00,0,0
1432849466,s0,0.00,0.00,0.00,0,0,0.00,0.00,0.00,0,0,0.00,0.00,0,0
1432849466,eth0,0.00,0.00,0.00,0,0,0.00,0.00,0.00,0,0,0.00,0.00,0,0
1432849466,lo,0.00,0.00,0.00,0,0,0.00,0.00,0.00,0,0,0.00,0.00,0,0
1432849466,s1,0.00,0.00,0.00,0,0,0.00,0.00,0.00,0,0,0.00,0.00,0,0
1432849466,s0-eth1,187560.00,0.00,187560.00,0,18756,180.00,0.00,180.00,0,18,0.00,0.00,0,0
1432849466,s0-eth2,0.00,0.00,0.00,0,0,0.00,0.00,0.00,0,0,0.00,0.00,0,0
1432849466,s0-eth3,0.00,1875600.00,1875600.00,187560,0,0.00,1800.00,1800.00,180,0,0.00,0.00,0,0
1432849466,total,375120.00,2063160.00,2438280.00,206316,37512,360.00,1980.00,2340.00,198,36,0.00,0.00,0,0
1432849466,s1-eth1,0.00,197980.00,197980.00,19798,0,0.00,190.00,190.00,19,0,0.00,0.00,0,0
1432849466,s1-eth2,0.00,0.00,0.00,0,0,0.00,0.00,0.00,0,0,0.00,0.00,0,0
1432849466,s1-eth3,187560.00,0.00,187560.00,0,18756,180.00,0.00,180.00,0,18,0.00,0.00,0,0
1432849466,s0,0.00,0.00,0.00,0,0,0.00,0.00,0.00,0,0,0.00,0.00,0,0
1432849466,eth0,0.00,0.00,0.00,0,0,0.00,0.00,0.00,0,0,0.00,0.00,0,0
1432849466,lo,0.00,0.00,0.00,0,0,0.00,0.00,0.00,0,0,0.00,0.00,0,0
1432849466,s1,0.00,0.00,0.00,0,0,0.00,0.00,0.00,0,0,0.00,0.00,0,0
1432849466,s0-eth1,197980.00,0.00,197980.00,0,19798,190.00,0.00,190.00,0,19,0.00,0.00,0,0
1432849466,s0-eth2,0.00,0.00,0.00,0,0,0.00,0.00,0.00,0,0,0.00,0.00,0,0
1432849466,s0-eth3,0.00,1886020.00,1886020.00,188602,0,0.00,1810.00,1810.00,181,0,0.00,0.00,0,0
1432849466,total,385540.00,2084000.00,2469540.00,208400,38554,370.00,2000.00,2370.00,200,37,0.00,0.00,0,0
1432849466,s1-eth1,0.00,187560.00,187560.00,18756,0,0.00,180.00,180.00,18,0,0.00,0.00,0,0
1432849466,s1-eth2,0.00,0.00,0.00,0,0,0.00,0.00,0.00,0,0,0.00,0.00,0,0
1432849466,s1-eth3,187560.00,0.00,187560.00,0,18756,180.00,0.00,180.00,0,18,0.00,0.00,0,0
1432849466,s0,0.00,0.00,0.00,0,0,0.00,0.00,0.00,0,0,0.00,0.00,0,0
1432849466,eth0,0.00,0.00,0.00,0,0,0.00,0.00,0.00,0,0,0.00,0.00,0,0
1432849466,lo,0.00,0.00,0.00,0,0,0.00,0.00,0.00,0,0,0.00,0.00,0,0
1432849466,s1,0.00,0.00,0.00,0,0,0.00,0.00,0.00,0,0,0.00,0.00,0,0
1432849466,s0-eth1,187560.00,0.00,187560.00,0,18756,180.00,0.00,180.00,0,18,0.00,0.00,0,0
1432849466,s0-eth2,0.00,0.00,0.00,0,0,0.00,0.00,0.00,0,0,0.00,0.00,0,0
1432849466,s0-eth3,0.00,1875600.00,1875600.00,187560,0,0.00,1800.00,1800.00,180,0,0.00,0.00,0,0
1432849466,total,375120.00,2063160.00,2438280.00,206316,37512,360.00,1980.00,2340.00,198,36,0.00,0.00,0,0
1432849466,s1-eth1,0.00,187560.00,187560.00,18756,0,0.00,180.00,180.00,18,0,0.00,0.00,0,0
1432849466,s1-eth2,0.00,0.00,0.00,0,0,0.00,0.00,0.00,0,0,0.00,0.00,0,0
1432849466,s1-eth3,187560.00,0.00,187560.00,0,18756,180.00,0.00,180.00,0,18,0.00,0.00,0,0
1432849466,s0,0.00,0.00,0.00,0,0,0.00,0.00,0.00,0,0,0.00,0.00,0,0
1432849466,eth0,0.00,0.00,0.00,0,0,0.00,0.00,0.00,0,0,0.00,0.00,0,0
1432849466,lo,0.00,0.00,0.00,0,0,0.00,0.00,0.00,0,0,0.00,0.00,0,0
1432849466,s1,0.00,0.00,0.00,0,0,0.00,0.00,0.00,0,0,0.00,0.00,0,0
1432849466,s0-eth1,187560.00,0.00,187560.00,0,18756,180.00,0.00,180.00,0,18,0.00,0.00,0,0
1432849466,s0-eth2,0.00,0.00,0.00,0,0,0.00,0.00,0.00,0,0,0.00,0.00,0,0
1432849466,s0-eth3,0.00,1875600.00,1875600.00,187560,0,0.00,1800.00,1800.00,180,0,0.00,0.00,0,0
1432849466,total,375120.00,2063160.00,2438280.00,206316,37512,360.00,1980.00,2340.00,198,36,0.00,0.00,0,0
1432849466,s1-eth1,0.00,187560.00,187560.00,18756,0,0.00,180.00,180.00,18,0,0.00,0.00,0,0
1432849466,s1-eth2,0.00,0.00,0.00,0,0,0.00,0.00,0.00,0,0,0.00,0.00,0,0
1432849466,s1-eth3,187560.00,0.00,187560.00,0,18756,180.00,0.00,180.00,0,18,0.00,0.00,0,0
1432849466,s0,0.00,0.00,0.00,0,0,0.00,0.00,0.00,0,0,0.00,0.00,0,0
1432849466,eth0,0.00,0.00,0.00,0,0,0.00,0.00,0.00,0,0,0.00,0.00,0,0
1432849466,lo,0.00,0.00,0.00,0,0,0.00,0.00,0.00,0,0,0.00,0.00,0,0
1432849466,s1,0.00,0.00,0.00,0,0,0.00,0.00,0.00,0,0,0.00,0.00,0,0
1432849466,s0-eth1,187560.00,0.00,187560.00,0,18756,180.00,0.00,180.00,0,18,0.00,0.00,0,0
1432849466,s0-eth2,0.00,0.00,0.00,0,0,0.00,0.00,0.00,0,0,0.00,0.00,0,0
1432849466,s0-eth3,0.00,1886020.00,1886020.00,188602,0,0.00,1810.00,1810.00,181,0,0.00,0.00,0,0
1432849466,total,375120.00,2073580.00,2448700.00,207358,37512,360.00,1990.00,2350.00,199,36,0.00,0.00,0,0
1432849466,s1-eth1,0.00,187560.00,187560.00,18756,0,0.00,180.00,180.00,18,0,0.00,0.00,0,0
1432849466,s1-eth2,0.00,0.00,0.00,0,0,0.00,0.00,0.00,0,0,0.00,0.00,0,0
1432849466,s1-eth3,187560.00,0.00,187560.00,0,18756,180.00,0.00,180.00,0,18,0.00,0.00,0,0
1432849466,s0,0.00,0.00,0.00,0,0,0.00,0.00,0.00,0,0,0.00,0.00,0,0
1432849466,eth0,0.00,0.00,0.00,0,0,0.00,0.00,0.00,0,0,0.00,0.00,0,0
1432849466,lo,0.00,0.00,0.00,0,0,0.00,0.00,0.00,0,0,0.00,0.00,0,0
1432849466,s1,0.00,0.00,0.00,0,0,0.00,0.00,0.00,0,0,0.00,0.00,0,0
1432849466,s0-eth1,187560.00,0.00,187560.00,0,18756,180.00,0.00,180.00,0,18,0.00,0.00,0,0
1432849466,s0-eth2,0.00,0.00,0.00,0,0,0.00,0.00,0.00,0,0,0.00,0.00,0,0
1432849466,s0-eth3,0.00,1875600.00,1875600.00,187560,0,0.00,1800.00,1800.00,180,0,0.00,0.00,0,0
1432849466,total,375120.00,2063160.00,2438280.00,206316,37512,360.00,1980.00,2340.00,198,36,0.00,0.00,0,0
1432849466,s1-eth1,0.00,187560.00,187560.00,18756,0,0.00,180.00,180.00,18,0,0.00,0.00,0,0
1432849466,s1-eth2,0.00,0.00,0.00,0,0,0.00,0.00,0.00,0,0,0.00,0.00,0,0
1432849466,s1-eth3,187560.00,0.00,187560.00,0,18756,180.00,0.00,180.00,0,18,0.00,0.00,0,0
1432849466,s0,0.00,0.00,0.00,0,0,0.00,0.00,0.00,0,0,0.00,0.00,0,0
1432849466,eth0,0.00,0.00,0.00,0,0,0.00,0.00,0.00,0,0,0.00,0.00,0,0
1432849466,lo,0.00,0.00,0.00,0,0,0.00,0.00,0.00,0,0,0.00,0.00,0,0
1432849466,s1,0.00,0.00,0.00,0,0,0.00,0.00,0.00,0,0,0.00,0.00,0,0
1432849466,s0-eth1,187560.00,0.00,187560.00,0,18756,180.00,0.00,180.00,0,18,0.00,0.00,0,0
1432849466,s0-eth2,0.00,0.00,0.00,0,0,0.00,0.00,0.00,0,0,0.00,0.00,0,0
1432849466,s0-eth3,0.00,1886020.00,1886020.00,188602,0,0.00,1810.00,1810.00,181,0,0.00,0.00,0,0
1432849466,total,375120.00,2073580.00,2448700.00,207358,37512,360.00,1990.00,2350.00,199,36,0.00,0.00,0,0
1432849467,s1-eth1,0.00,185702.98,185702.98,18756,0,0.00,178.22,178.22,18,0,0.00,0.00,0,0
1432849467,s1-eth2,0.00,0.00,0.00,0,0,0.00,0.00,0.00,0,0,0.00,0.00,0,0
1432849467,s1-eth3,185702.98,0.00,185702.98,0,18756,178.22,0.00,178.22,0,18,0.00,0.00,0,0
1432849467,s0,0.00,0.00,0.00,0,0,0.00,0.00,0.00,0,0,0.00,0.00,0,0
1432849467,eth0,0.00,0.00,0.00,0,0,0.00,0.00,0.00,0,0,0.00,0.00,0,0
1432849467,lo,0.00,0.00,0.00,0,0,0.00,0.00,0.00,0,0,0.00,0.00,0,0
1432849467,s1,0.00,0.00,0.00,0,0,0.00,0.00,0.00,0,0,0.00,0.00,0,0
1432849467,s0-eth1,185702.98,0.00,185702.98,0,18756,178.22,0.00,178.22,0,18,0.00,0.00,0,0
1432849467,s0-eth2,0.00,0.00,0.00,0,0,0.00,0.00,0.00,0,0,0.00,0.00,0,0
1432849467,s0-eth3,0.00,1857029.75,1857029.75,187560,0,0.00,1782.18,1782.18,180,0,0.00,0.00,0,0
1432849467,total,371405.97,2042732.75,2414138.75,206316,37512,356.44,1960.40,2316.83,198,36,0.00,0.00,0,0
1432849467,s1-eth1,0.00,187560.00,187560.00,18756,0,0.00,180.00,180.00,18,0,0.00,0.00,0,0
1432849467,s1-eth2,0.00,0.00,0.00,0,0,0.00,0.00,0.00,0,0,0.00,0.00,0,0
1432849467,s1-eth3,187560.00,0.00,187560.00,0,18756,180.00,0.00,180.00,0,18,0.00,0.00,0,0
1432849467,s0,0.00,0.00,0.00,0,0,0.00,0.00,0.00,0,0,0.00,0.00,0,0
1432849467,eth0,0.00,0.00,0.00,0,0,0.00,0.00,0.00,0,0,0.00,0.00,0,0
1432849467,lo,0.00,0.00,0.00,0,0,0.00,0.00,0.00,0,0,0.00,0.00,0,0
1432849467,s1,0.00,0.00,0.00,0,0,0.00,0.00,0.00,0,0,0.00,0.00,0,0
1432849467,s0-eth1,187560.00,0.00,187560.00,0,18756,180.00,0.00,180.00,0,18,0.00,0.00,0,0
1432849467,s0-eth2,0.00,0.00,0.00,0,0,0.00,0.00,0.00,0,0,0.00,0.00,0,0
1432849467,s0-eth3,0.00,1875600.00,1875600.00,187560,0,0.00,1800.00,1800.00,180,0,0.00,0.00,0,0
1432849467,total,375120.00,2063160.00,2438280.00,206316,37512,360.00,1980.00,2340.00,198,36,0.00,0.00,0,0
1432849467,s1-eth1,0.00,187560.00,187560.00,18756,0,0.00,180.00,180.00,18,0,0.00,0.00,0,0
1432849467,s1-eth2,0.00,0.00,0.00,0,0,0.00,0.00,0.00,0,0,0.00,0.00,0,0
1432849467,s1-eth3,187560.00,0.00,187560.00,0,18756,180.00,0.00,180.00,0,18,0.00,0.00,0,0
1432849467,s0,0.00,0.00,0.00,0,0,0.00,0.00,0.00,0,0,0.00,0.00,0,0
1432849467,eth0,0.00,0.00,0.00,0,0,0.00,0.00,0.00,0,0,0.00,0.00,0,0
1432849467,lo,0.00,0.00,0.00,0,0,0.00,0.00,0.00,0,0,0.00,0.00,0,0
1432849467,s1,0.00,0.00,0.00,0,0,0.00,0.00,0.00,0,0,0.00,0.00,0,0
1432849467,s0-eth1,187560.00,0.00,187560.00,0,18756,180.00,0.00,180.00,0,18,0.00,0.00,0,0
1432849467,s0-eth2,0.00,0.00,0.00,0,0,0.00,0.00,0.00,0,0,0.00,0.00,0,0
1432849467,s0-eth3,0.00,1886020.00,1886020.00,188602,0,0.00,1810.00,1810.00,181,0,0.00,0.00,0,0
1432849467,total,375120.00,2073580.00,2448700.00,207358,37512,360.00,1990.00,2350.00,199,36,0.00,0.00,0,0
1432849467,s1-eth1,0.00,187560.00,187560.00,18756,0,0.00,180.00,180.00,18,0,0.00,0.00,0,0
1432849467,s1-eth2,0.00,0.00,0.00,0,0,0.00,0.00,0.00,0,0,0.00,0.00,0,0
1432849467,s1-eth3,197980.00,0.00,197980.00,0,19798,190.00,0.00,190.00,0,19,0.00,0.00,0,0
1432849467,s0,0.00,0.00,0.00,0,0,0.00,0.00,0.00,0,0,0.00,0.00,0,0
1432849467,eth0,0.00,0.00,0.00,0,0,0.00,0.00,0.00,0,0,0.00,0.00,0,0
1432849467,lo,0.00,0.00,0.00,0,0,0.00,0.00,0.00,0,0,0.00,0.00,0,0
1432849467,s1,0.00,0.00,0.00,0,0,0.00,0.00,0.00,0,0,0.00,0.00,0,0
1432849467,s0-eth1,187560.00,0.00,187560.00,0,18756,180.00,0.00,180.00,0,18,0.00,0.00,0,0
1432849467,s0-eth2,0.00,0.00,0.00,0,0,0.00,0.00,0.00,0,0,0.00,0.00,0,0
1432849467,s0-eth3,0.00,1875600.00,1875600.00,187560,0,0.00,1800.00,1800.00,180,0,0.00,0.00,0,0
1432849467,total,385540.00,2063160.00,2448700.00,206316,38554,370.00,1980.00,2350.00,198,37,0.00,0.00,0,0
1432849467,s1-eth1,0.00,187560.00,187560.00,18756,0,0.00,180.00,180.00,18,0,0.00,0.00,0,0
1432849467,s1-eth2,0.00,0.00,0.00,0,0,0.00,0.00,0.00,0,0,0.00,0.00,0,0
1432849467,s1-eth3,187560.00,0.00,187560.00,0,18756,180.00,0.00,180.00,0,18,0.00,0.00,0,0
1432849467,s0,0.00,0.00,0.00,0,0,0.00,0.00,0.00,0,0,0.00,0.00,0,0
1432849467,eth0,0.00,0.00,0.00,0,0,0.00,0.00,0.00,0,0,0.00,0.00,0,0
1432849467,lo,0.00,0.00,0.00,0,0,0.00,0.00,0.00,0,0,0.00,0.00,0,0
1432849467,s1,0.00,0.00,0.00,0,0,0.00,0.00,0.00,0,0,0.00,0.00,0,0
1432849467,s0-eth1,187560.00,0.00,187560.00,0,18756,180.00,0.00,180.00,0,18,0.00,0.00,0,0
1432849467,s0-eth2,0.00,0.00,0.00,0,0,0.00,0.00,0.00,0,0,0.00,0.00,0,0
1432849467,s0-eth3,0.00,1886020.00,1886020.00,188602,0,0.00,1810.00,1810.00,181,0,0.00,0.00,0,0
1432849467,total,375120.00,2073580.00,2448700.00,207358,37512,360.00,1990.00,2350.00,199,36,0.00,0.00,0,0
1432849467,s1-eth1,0.00,187560.00,187560.00,18756,0,0.00,180.00,180.00,18,0,0.00,0.00,0,0
1432849467,s1-eth2,0.00,0.00,0.00,0,0,0.00,0.00,0.00,0,0,0.00,0.00,0,0
1432849467,s1-eth3,187560.00,0.00,187560.00,0,18756,180.00,0.00,180.00,0,18,0.00,0.00,0,0
1432849467,s0,0.00,0.00,0.00,0,0,0.00,0.00,0.00,0,0,0.00,0.00,0,0
1432849467,eth0,0.00,0.00,0.00,0,0,0.00,0.00,0.00,0,0,0.00,0.00,0,0
1432849467,lo,0.00,0.00,0.00,0,0,0.00,0.00,0.00,0,0,0.00,0.00,0,0
1432849467,s1,0.00,0.00,0.00,0,0,0.00,0.00,0.00,0,0,0.00,0.00,0,0
1432849467,s0-eth1,187560.00,0.00,187560.00,0,18756,180.00,0.00,180.00,0,18,0.00,0.00,0,0
1432849467,s0-eth2,0.00,0.00,0.00,0,0,0.00,0.00,0.00,0,0,0.00,0.00,0,0
1432849467,s0-eth3,0.00,1875600.00,1875600.00,187560,0,0.00,1800.00,1800.00,180,0,0.00,0.00,0,0
1432849467,total,375120.00,2063160.00,2438280.00,206316,37512,360.00,1980.00,2340.00,198,36,0.00,0.00,0,0
1432849467,s1-eth1,0.00,187560.00,187560.00,18756,0,0.00,180.00,180.00,18,0,0.00,0.00,0,0
1432849467,s1-eth2,0.00,0.00,0.00,0,0,0.00,0.00,0.00,0,0,0.00,0.00,0,0
1432849467,s1-eth3,187560.00,0.00,187560.00,0,18756,180.00,0.00,180.00,0,18,0.00,0.00,0,0
1432849467,s0,0.00,0.00,0.00,0,0,0.00,0.00,0.00,0,0,0.00,0.00,0,0
1432849467,eth0,0.00,0.00,0.00,0,0,0.00,0.00,0.00,0,0,0.00,0.00,0,0
1432849467,lo,0.00,0.00,0.00,0,0,0.00,0.00,0.00,0,0,0.00,0.00,0,0
1432849467,s1,0.00,0.00,0.00,0,0,0.00,0.00,0.00,0,0,0.00,0.00,0,0
1432849467,s0-eth1,187560.00,0.00,187560.00,0,18756,180.00,0.00,180.00,0,18,0.00,0.00,0,0
1432849467,s0-eth2,0.00,0.00,0.00,0,0,0.00,0.00,0.00,0,0,0.00,0.00,0,0
1432849467,s0-eth3,0.00,1886020.00,1886020.00,188602,0,0.00,1810.00,1810.00,181,0,0.00,0.00,0,0
1432849467,total,375120.00,2073580.00,2448700.00,207358,37512,360.00,1990.00,2350.00,199,36,0.00,0.00,0,0
1432849467,s1-eth1,0.00,187560.00,187560.00,18756,0,0.00,180.00,180.00,18,0,0.00,0.00,0,0
1432849467,s1-eth2,0.00,0.00,0.00,0,0,0.00,0.00,0.00,0,0,0.00,0.00,0,0
1432849467,s1-eth3,187560.00,0.00,187560.00,0,18756,180.00,0.00,180.00,0,18,0.00,0.00,0,0
1432849467,s0,0.00,0.00,0.00,0,0,0.00,0.00,0.00,0,0,0.00,0.00,0,0
1432849467,eth0,0.00,0.00,0.00,0,0,0.00,0.00,0.00,0,0,0.00,0.00,0,0
1432849467,lo,0.00,0.00,0.00,0,0,0.00,0.00,0.00,0,0,0.00,0.00,0,0
1432849467,s1,0.00,0.00,0.00,0,0,0.00,0.00,0.00,0,0,0.00,0.00,0,0
1432849467,s0-eth1,187560.00,0.00,187560.00,0,18756,180.00,0.00,180.00,0,18,0.00,0.00,0,0
1432849467,s0-eth2,0.00,0.00,0.00,0,0,0.00,0.00,0.00,0,0,0.00,0.00,0,0
1432849467,s0-eth3,0.00,1875600.00,1875600.00,187560,0,0.00,1800.00,1800.00,180,0,0.00,0.00,0,0
1432849467,total,375120.00,2063160.00,2438280.00,206316,37512,360.00,1980.00,2340.00,198,36,0.00,0.00,0,0
1432849467,s1-eth1,0.00,187560.00,187560.00,18756,0,0.00,180.00,180.00,18,0,0.00,0.00,0,0
1432849467,s1-eth2,0.00,0.00,0.00,0,0,0.00,0.00,0.00,0,0,0.00,0.00,0,0
1432849467,s1-eth3,187560.00,0.00,187560.00,0,18756,180.00,0.00,180.00,0,18,0.00,0.00,0,0
1432849467,s0,0.00,0.00,0.00,0,0,0.00,0.00,0.00,0,0,0.00,0.00,0,0
1432849467,eth0,0.00,0.00,0.00,0,0,0.00,0.00,0.00,0,0,0.00,0.00,0,0
1432849467,lo,0.00,0.00,0.00,0,0,0.00,0.00,0.00,0,0,0.00,0.00,0,0
1432849467,s1,0.00,0.00,0.00,0,0,0.00,0.00,0.00,0,0,0.00,0.00,0,0
1432849467,s0-eth1,187560.00,0.00,187560.00,0,18756,180.00,0.00,180.00,0,18,0.00,0.00,0,0
1432849467,s0-eth2,0.00,0.00,0.00,0,0,0.00,0.00,0.00,0,0,0.00,0.00,0,0
1432849467,s0-eth3,0.00,1875600.00,1875600.00,187560,0,0.00,1800.00,1800.00,180,0,0.00,0.00,0,0
1432849467,total,375120.00,2063160.00,2438280.00,206316,37512,360.00,1980.00,2340.00,198,36,0.00,0.00,0,0
1432849467,s1-eth1,0.00,187560.00,187560.00,18756,0,0.00,180.00,180.00,18,0,0.00,0.00,0,0
1432849467,s1-eth2,0.00,0.00,0.00,0,0,0.00,0.00,0.00,0,0,0.00,0.00,0,0
1432849467,s1-eth3,187560.00,0.00,187560.00,0,18756,180.00,0.00,180.00,0,18,0.00,0.00,0,0
1432849467,s0,0.00,0.00,0.00,0,0,0.00,0.00,0.00,0,0,0.00,0.00,0,0
1432849467,eth0,0.00,0.00,0.00,0,0,0.00,0.00,0.00,0,0,0.00,0.00,0,0
1432849467,lo,0.00,0.00,0.00,0,0,0.00,0.00,0.00,0,0,0.00,0.00,0,0
1432849467,s1,0.00,0.00,0.00,0,0,0.00,0.00,0.00,0,0,0.00,0.00,0,0
1432849467,s0-eth1,187560.00,0.00,187560.00,0,18756,180.00,0.00,180.00,0,18,0.00,0.00,0,0
1432849467,s0-eth2,0.00,0.00,0.00,0,0,0.00,0.00,0.00,0,0,0.00,0.00,0,0
1432849467,s0-eth3,0.00,1886020.00,1886020.00,188602,0,0.00,1810.00,1810.00,181,0,0.00,0.00,0,0
1432849467,total,375120.00,2073580.00,2448700.00,207358,37512,360.00,1990.00,2350.00,199,36,0.00,0.00,0,0
1432849468,s1-eth1,0.00,185702.98,185702.98,18756,0,0.00,178.22,178.22,18,0,0.00,0.00,0,0
1432849468,s1-eth2,0.00,0.00,0.00,0,0,0.00,0.00,0.00,0,0,0.00,0.00,0,0
1432849468,s1-eth3,185702.98,0.00,185702.98,0,18756,178.22,0.00,178.22,0,18,0.00,0.00,0,0
1432849468,s0,0.00,0.00,0.00,0,0,0.00,0.00,0.00,0,0,0.00,0.00,0,0
1432849468,eth0,0.00,0.00,0.00,0,0,0.00,0.00,0.00,0,0,0.00,0.00,0,0
1432849468,lo,0.00,0.00,0.00,0,0,0.00,0.00,0.00,0,0,0.00,0.00,0,0
1432849468,s1,0.00,0.00,0.00,0,0,0.00,0.00,0.00,0,0,0.00,0.00,0,0
1432849468,s0-eth1,185702.98,0.00,185702.98,0,18756,178.22,0.00,178.22,0,18,0.00,0.00,0,0
1432849468,s0-eth2,0.00,0.00,0.00,0,0,0.00,0.00,0.00,0,0,0.00,0.00,0,0
1432849468,s0-eth3,0.00,1867346.62,1867346.62,188602,0,0.00,1792.08,1792.08,181,0,0.00,0.00,0,0
1432849468,total,371405.97,2053049.62,2424455.50,207358,37512,356.44,1970.30,2326.73,199,36,0.00,0.00,0,0
1432849468,s1-eth1,0.00,187560.00,187560.00,18756,0,0.00,180.00,180.00,18,0,0.00,0.00,0,0
1432849468,s1-eth2,0.00,0.00,0.00,0,0,0.00,0.00,0.00,0,0,0.00,0.00,0,0
1432849468,s1-eth3,187560.00,0.00,187560.00,0,18756,180.00,0.00,180.00,0,18,0.00,0.00,0,0
1432849468,s0,0.00,0.00,0.00,0,0,0.00,0.00,0.00,0,0,0.00,0.00,0,0
1432849468,eth0,0.00,0.00,0.00,0,0,0.00,0.00,0.00,0,0,0.00,0.00,0,0
1432849468,lo,0.00,0.00,0.00,0,0,0.00,0.00,0.00,0,0,0.00,0.00,0,0
1432849468,s1,0.00,0.00,0.00,0,0,0.00,0.00,0.00,0,0,0.00,0.00,0,0
1432849468,s0-eth1,187560.00,0.00,187560.00,0,18756,180.00,0.00,180.00,0,18,0.00,0.00,0,0
1432849468,s0-eth2,0.00,0.00,0.00,0,0,0.00,0.00,0.00,0,0,0.00,0.00,0,0
1432849468,s0-eth3,0.00,1875600.00,1875600.00,187560,0,0.00,1800.00,1800.00,180,0,0.00,0.00,0,0
1432849468,total,375120.00,2063160.00,2438280.00,206316,37512,360.00,1980.00,2340.00,198,36,0.00,0.00,0,0
1432849468,s1-eth1,0.00,187560.00,187560.00,18756,0,0.00,180.00,180.00,18,0,0.00,0.00,0,0
1432849468,s1-eth2,0.00,0.00,0.00,0,0,0.00,0.00,0.00,0,0,0.00,0.00,0,0
1432849468,s1-eth3,187560.00,0.00,187560.00,0,18756,180.00,0.00,180.00,0,18,0.00,0.00,0,0
1432849468,s0,0.00,0.00,0.00,0,0,0.00,0.00,0.00,0,0,0.00,0.00,0,0
1432849468,eth0,0.00,0.00,0.00,0,0,0.00,0.00,0.00,0,0,0.00,0.00,0,0
1432849468,lo,0.00,0.00,0.00,0,0,0.00,0.00,0.00,0,0,0.00,0.00,0,0
1432849468,s1,0.00,0.00,0.00,0,0,0.00,0.00,0.00,0,0,0.00,0.00,0,0
1432849468,s0-eth1,187560.00,0.00,187560.00,0,18756,180.00,0.00,180.00,0,18,0.00,0.00,0,0
1432849468,s0-eth2,0.00,0.00,0.00,0,0,0.00,0.00,0.00,0,0,0.00,0.00,0,0
1432849468,s0-eth3,0.00,1875600.00,1875600.00,187560,0,0.00,1800.00,1800.00,180,0,0.00,0.00,0,0
1432849468,total,375120.00,2063160.00,2438280.00,206316,37512,360.00,1980.00,2340.00,198,36,0.00,0.00,0,0
1432849468,s1-eth1,0.00,187560.00,187560.00,18756,0,0.00,180.00,180.00,18,0,0.00,0.00,0,0
1432849468,s1-eth2,0.00,0.00,0.00,0,0,0.00,0.00,0.00,0,0,0.00,0.00,0,0
1432849468,s1-eth3,187560.00,0.00,187560.00,0,18756,180.00,0.00,180.00,0,18,0.00,0.00,0,0
1432849468,s0,0.00,0.00,0.00,0,0,0.00,0.00,0.00,0,0,0.00,0.00,0,0
1432849468,eth0,0.00,0.00,0.00,0,0,0.00,0.00,0.00,0,0,0.00,0.00,0,0
1432849468,lo,0.00,0.00,0.00,0,0,0.00,0.00,0.00,0,0,0.00,0.00,0,0
1432849468,s1,0.00,0.00,0.00,0,0,0.00,0.00,0.00,0,0,0.00,0.00,0,0
1432849468,s0-eth1,187560.00,0.00,187560.00,0,18756,180.00,0.00,180.00,0,18,0.00,0.00,0,0
1432849468,s0-eth2,0.00,0.00,0.00,0,0,0.00,0.00,0.00,0,0,0.00,0.00,0,0
1432849468,s0-eth3,0.00,1886020.00,1886020.00,188602,0,0.00,1810.00,1810.00,181,0,0.00,0.00,0,0
1432849468,total,375120.00,2073580.00,2448700.00,207358,37512,360.00,1990.00,2350.00,199,36,0.00,0.00,0,0
1432849468,s1-eth1,0.00,187560.00,187560.00,18756,0,0.00,180.00,180.00,18,0,0.00,0.00,0,0
1432849468,s1-eth2,0.00,0.00,0.00,0,0,0.00,0.00,0.00,0,0,0.00,0.00,0,0
1432849468,s1-eth3,187560.00,0.00,187560.00,0,18756,180.00,0.00,180.00,0,18,0.00,0.00,0,0
1432849468,s0,0.00,0.00,0.00,0,0,0.00,0.00,0.00,0,0,0.00,0.00,0,0
1432849468,eth0,0.00,0.00,0.00,0,0,0.00,0.00,0.00,0,0,0.00,0.00,0,0
1432849468,lo,0.00,0.00,0.00,0,0,0.00,0.00,0.00,0,0,0.00,0.00,0,0
1432849468,s1,0.00,0.00,0.00,0,0,0.00,0.00,0.00,0,0,0.00,0.00,0,0
1432849468,s0-eth1,187560.00,0.00,187560.00,0,18756,180.00,0.00,180.00,0,18,0.00,0.00,0,0
1432849468,s0-eth2,0.00,0.00,0.00,0,0,0.00,0.00,0.00,0,0,0.00,0.00,0,0
1432849468,s0-eth3,0.00,1875600.00,1875600.00,187560,0,0.00,1800.00,1800.00,180,0,0.00,0.00,0,0
1432849468,total,375120.00,2063160.00,2438280.00,206316,37512,360.00,1980.00,2340.00,198,36,0.00,0.00,0,0
1432849468,s1-eth1,0.00,187560.00,187560.00,18756,0,0.00,180.00,180.00,18,0,0.00,0.00,0,0
1432849468,s1-eth2,0.00,0.00,0.00,0,0,0.00,0.00,0.00,0,0,0.00,0.00,0,0
1432849468,s1-eth3,187560.00,0.00,187560.00,0,18756,180.00,0.00,180.00,0,18,0.00,0.00,0,0
1432849468,s0,0.00,0.00,0.00,0,0,0.00,0.00,0.00,0,0,0.00,0.00,0,0
1432849468,eth0,0.00,0.00,0.00,0,0,0.00,0.00,0.00,0,0,0.00,0.00,0,0
1432849468,lo,0.00,0.00,0.00,0,0,0.00,0.00,0.00,0,0,0.00,0.00,0,0
1432849468,s1,0.00,0.00,0.00,0,0,0.00,0.00,0.00,0,0,0.00,0.00,0,0
1432849468,s0-eth1,187560.00,0.00,187560.00,0,18756,180.00,0.00,180.00,0,18,0.00,0.00,0,0
1432849468,s0-eth2,0.00,0.00,0.00,0,0,0.00,0.00,0.00,0,0,0.00,0.00,0,0
1432849468,s0-eth3,0.00,1875600.00,1875600.00,187560,0,0.00,1800.00,1800.00,180,0,0.00,0.00,0,0
1432849468,total,375120.00,2063160.00,2438280.00,206316,37512,360.00,1980.00,2340.00,198,36,0.00,0.00,0,0
1432849468,s1-eth1,0.00,187560.00,187560.00,18756,0,0.00,180.00,180.00,18,0,0.00,0.00,0,0
1432849468,s1-eth2,0.00,0.00,0.00,0,0,0.00,0.00,0.00,0,0,0.00,0.00,0,0
1432849468,s1-eth3,187560.00,0.00,187560.00,0,18756,180.00,0.00,180.00,0,18,0.00,0.00,0,0
1432849468,s0,0.00,0.00,0.00,0,0,0.00,0.00,0.00,0,0,0.00,0.00,0,0
1432849468,eth0,0.00,0.00,0.00,0,0,0.00,0.00,0.00,0,0,0.00,0.00,0,0
1432849468,lo,0.00,0.00,0.00,0,0,0.00,0.00,0.00,0,0,0.00,0.00,0,0
1432849468,s1,0.00,0.00,0.00,0,0,0.00,0.00,0.00,0,0,0.00,0.00,0,0
1432849468,s0-eth1,187560.00,0.00,187560.00,0,18756,180.00,0.00,180.00,0,18,0.00,0.00,0,0
1432849468,s0-eth2,0.00,0.00,0.00,0,0,0.00,0.00,0.00,0,0,0.00,0.00,0,0
1432849468,s0-eth3,0.00,1886020.00,1886020.00,188602,0,0.00,1810.00,1810.00,181,0,0.00,0.00,0,0
1432849468,total,375120.00,2073580.00,2448700.00,207358,37512,360.00,1990.00,2350.00,199,36,0.00,0.00,0,0
1432849468,s1-eth1,0.00,187560.00,187560.00,18756,0,0.00,180.00,180.00,18,0,0.00,0.00,0,0
1432849468,s1-eth2,0.00,0.00,0.00,0,0,0.00,0.00,0.00,0,0,0.00,0.00,0,0
1432849468,s1-eth3,187560.00,0.00,187560.00,0,18756,180.00,0.00,180.00,0,18,0.00,0.00,0,0
1432849468,s0,0.00,0.00,0.00,0,0,0.00,0.00,0.00,0,0,0.00,0.00,0,0
1432849468,eth0,0.00,0.00,0.00,0,0,0.00,0.00,0.00,0,0,0.00,0.00,0,0
1432849468,lo,0.00,0.00,0.00,0,0,0.00,0.00,0.00,0,0,0.00,0.00,0,0
1432849468,s1,0.00,0.00,0.00,0,0,0.00,0.00,0.00,0,0,0.00,0.00,0,0
1432849468,s0-eth1,187560.00,0.00,187560.00,0,18756,180.00,0.00,180.00,0,18,0.00,0.00,0,0
1432849468,s0-eth2,0.00,0.00,0.00,0,0,0.00,0.00,0.00,0,0,0.00,0.00,0,0
1432849468,s0-eth3,0.00,1875600.00,1875600.00,187560,0,0.00,1800.00,1800.00,180,0,0.00,0.00,0,0
1432849468,total,375120.00,2063160.00,2438280.00,206316,37512,360.00,1980.00,2340.00,198,36,0.00,0.00,0,0
1432849468,s1-eth1,0.00,197980.00,197980.00,19798,0,0.00,190.00,190.00,19,0,0.00,0.00,0,0
1432849468,s1-eth2,0.00,0.00,0.00,0,0,0.00,0.00,0.00,0,0,0.00,0.00,0,0
1432849468,s1-eth3,187560.00,0.00,187560.00,0,18756,180.00,0.00,180.00,0,18,0.00,0.00,0,0
1432849468,s0,0.00,0.00,0.00,0,0,0.00,0.00,0.00,0,0,0.00,0.00,0,0
1432849468,eth0,0.00,0.00,0.00,0,0,0.00,0.00,0.00,0,0,0.00,0.00,0,0
1432849468,lo,0.00,0.00,0.00,0,0,0.00,0.00,0.00,0,0,0.00,0.00,0,0
1432849468,s1,0.00,0.00,0.00,0,0,0.00,0.00,0.00,0,0,0.00,0.00,0,0
1432849468,s0-eth1,197980.00,0.00,197980.00,0,19798,190.00,0.00,190.00,0,19,0.00,0.00,0,0
1432849468,s0-eth2,0.00,0.00,0.00,0,0,0.00,0.00,0.00,0,0,0.00,0.00,0,0
1432849468,s0-eth3,0.00,1886020.00,1886020.00,188602,0,0.00,1810.00,1810.00,181,0,0.00,0.00,0,0
1432849468,total,385540.00,2084000.00,2469540.00,208400,38554,370.00,2000.00,2370.00,200,37,0.00,0.00,0,0
1432849468,s1-eth1,0.00,187560.00,187560.00,18756,0,0.00,180.00,180.00,18,0,0.00,0.00,0,0
1432849468,s1-eth2,0.00,0.00,0.00,0,0,0.00,0.00,0.00,0,0,0.00,0.00,0,0
1432849468,s1-eth3,187560.00,0.00,187560.00,0,18756,180.00,0.00,180.00,0,18,0.00,0.00,0,0
1432849468,s0,0.00,0.00,0.00,0,0,0.00,0.00,0.00,0,0,0.00,0.00,0,0
1432849468,eth0,0.00,0.00,0.00,0,0,0.00,0.00,0.00,0,0,0.00,0.00,0,0
1432849468,lo,0.00,0.00,0.00,0,0,0.00,0.00,0.00,0,0,0.00,0.00,0,0
1432849468,s1,0.00,0.00,0.00,0,0,0.00,0.00,0.00,0,0,0.00,0.00,0,0
1432849468,s0-eth1,187560.00,0.00,187560.00,0,18756,180.00,0.00,180.00,0,18,0.00,0.00,0,0
1432849468,s0-eth2,0.00,0.00,0.00,0,0,0.00,0.00,0.00,0,0,0.00,0.00,0,0
1432849468,s0-eth3,0.00,1875600.00,1875600.00,187560,0,0.00,1800.00,1800.00,180,0,0.00,0.00,0,0
1432849468,total,375120.00,2063160.00,2438280.00,206316,37512,360.00,1980.00,2340.00,198,36,0.00,0.00,0,0
1432849469,s1-eth1,0.00,185702.98,185702.98,18756,0,0.00,178.22,178.22,18,0,0.00,0.00,0,0
1432849469,s1-eth2,0.00,0.00,0.00,0,0,0.00,0.00,0.00,0,0,0.00,0.00,0,0
1432849469,s1-eth3,185702.98,0.00,185702.98,0,18756,178.22,0.00,178.22,0,18,0.00,0.00,0,0
1432849469,s0,0.00,0.00,0.00,0,0,0.00,0.00,0.00,0,0,0.00,0.00,0,0
1432849469,eth0,0.00,0.00,0.00,0,0,0.00,0.00,0.00,0,0,0.00,0.00,0,0
1432849469,lo,0.00,0.00,0.00,0,0,0.00,0.00,0.00,0,0,0.00,0.00,0,0
1432849469,s1,0.00,0.00,0.00,0,0,0.00,0.00,0.00,0,0,0.00,0.00,0,0
1432849469,s0-eth1,185702.98,0.00,185702.98,0,18756,178.22,0.00,178.22,0,18,0.00,0.00,0,0
1432849469,s0-eth2,0.00,0.00,0.00,0,0,0.00,0.00,0.00,0,0,0.00,0.00,0,0
1432849469,s0-eth3,0.00,1867346.62,1867346.62,188602,0,0.00,1792.08,1792.08,181,0,0.00,0.00,0,0
1432849469,total,371405.97,2053049.62,2424455.50,207358,37512,356.44,1970.30,2326.73,199,36,0.00,0.00,0,0
1432849469,s1-eth1,0.00,187560.00,187560.00,18756,0,0.00,180.00,180.00,18,0,0.00,0.00,0,0
1432849469,s1-eth2,0.00,0.00,0.00,0,0,0.00,0.00,0.00,0,0,0.00,0.00,0,0
1432849469,s1-eth3,187560.00,0.00,187560.00,0,18756,180.00,0.00,180.00,0,18,0.00,0.00,0,0
1432849469,s0,0.00,0.00,0.00,0,0,0.00,0.00,0.00,0,0,0.00,0.00,0,0
1432849469,eth0,0.00,0.00,0.00,0,0,0.00,0.00,0.00,0,0,0.00,0.00,0,0
1432849469,lo,0.00,0.00,0.00,0,0,0.00,0.00,0.00,0,0,0.00,0.00,0,0
1432849469,s1,0.00,0.00,0.00,0,0,0.00,0.00,0.00,0,0,0.00,0.00,0,0
1432849469,s0-eth1,187560.00,0.00,187560.00,0,18756,180.00,0.00,180.00,0,18,0.00,0.00,0,0
1432849469,s0-eth2,0.00,0.00,0.00,0,0,0.00,0.00,0.00,0,0,0.00,0.00,0,0
1432849469,s0-eth3,0.00,1875600.00,1875600.00,187560,0,0.00,1800.00,1800.00,180,0,0.00,0.00,0,0
1432849469,total,375120.00,2063160.00,2438280.00,206316,37512,360.00,1980.00,2340.00,198,36,0.00,0.00,0,0
1432849469,s1-eth1,0.00,187560.00,187560.00,18756,0,0.00,180.00,180.00,18,0,0.00,0.00,0,0
1432849469,s1-eth2,0.00,0.00,0.00,0,0,0.00,0.00,0.00,0,0,0.00,0.00,0,0
1432849469,s1-eth3,187560.00,0.00,187560.00,0,18756,180.00,0.00,180.00,0,18,0.00,0.00,0,0
1432849469,s0,0.00,0.00,0.00,0,0,0.00,0.00,0.00,0,0,0.00,0.00,0,0
1432849469,eth0,0.00,0.00,0.00,0,0,0.00,0.00,0.00,0,0,0.00,0.00,0,0
1432849469,lo,3440.00,3440.00,6880.00,344,344,60.00,60.00,120.00,6,6,0.00,0.00,0,0
1432849469,s1,0.00,0.00,0.00,0,0,0.00,0.00,0.00,0,0,0.00,0.00,0,0
1432849469,s0-eth1,187560.00,0.00,187560.00,0,18756,180.00,0.00,180.00,0,18,0.00,0.00,0,0
1432849469,s0-eth2,0.00,0.00,0.00,0,0,0.00,0.00,0.00,0,0,0.00,0.00,0,0
1432849469,s0-eth3,0.00,1886020.00,1886020.00,188602,0,0.00,1810.00,1810.00,181,0,0.00,0.00,0,0
1432849469,total,378560.00,2077020.00,2455580.00,207702,37856,420.00,2050.00,2470.00,205,42,0.00,0.00,0,0
1432849469,s1-eth1,0.00,187560.00,187560.00,18756,0,0.00,180.00,180.00,18,0,0.00,0.00,0,0
1432849469,s1-eth2,0.00,0.00,0.00,0,0,0.00,0.00,0.00,0,0,0.00,0.00,0,0
1432849469,s1-eth3,187560.00,0.00,187560.00,0,18756,180.00,0.00,180.00,0,18,0.00,0.00,0,0
1432849469,s0,0.00,0.00,0.00,0,0,0.00,0.00,0.00,0,0,0.00,0.00,0,0
1432849469,eth0,0.00,0.00,0.00,0,0,0.00,0.00,0.00,0,0,0.00,0.00,0,0
1432849469,lo,0.00,0.00,0.00,0,0,0.00,0.00,0.00,0,0,0.00,0.00,0,0
1432849469,s1,0.00,0.00,0.00,0,0,0.00,0.00,0.00,0,0,0.00,0.00,0,0
1432849469,s0-eth1,187560.00,0.00,187560.00,0,18756,180.00,0.00,180.00,0,18,0.00,0.00,0,0
1432849469,s0-eth2,0.00,0.00,0.00,0,0,0.00,0.00,0.00,0,0,0.00,0.00,0,0
1432849469,s0-eth3,0.00,1875600.00,1875600.00,187560,0,0.00,1800.00,1800.00,180,0,0.00,0.00,0,0
1432849469,total,375120.00,2063160.00,2438280.00,206316,37512,360.00,1980.00,2340.00,198,36,0.00,0.00,0,0
1432849469,s1-eth1,0.00,187560.00,187560.00,18756,0,0.00,180.00,180.00,18,0,0.00,0.00,0,0
1432849469,s1-eth2,0.00,0.00,0.00,0,0,0.00,0.00,0.00,0,0,0.00,0.00,0,0
1432849469,s1-eth3,187560.00,0.00,187560.00,0,18756,180.00,0.00,180.00,0,18,0.00,0.00,0,0
1432849469,s0,0.00,0.00,0.00,0,0,0.00,0.00,0.00,0,0,0.00,0.00,0,0
1432849469,eth0,0.00,0.00,0.00,0,0,0.00,0.00,0.00,0,0,0.00,0.00,0,0
1432849469,lo,0.00,0.00,0.00,0,0,0.00,0.00,0.00,0,0,0.00,0.00,0,0
1432849469,s1,0.00,0.00,0.00,0,0,0.00,0.00,0.00,0,0,0.00,0.00,0,0
1432849469,s0-eth1,187560.00,0.00,187560.00,0,18756,180.00,0.00,180.00,0,18,0.00,0.00,0,0
1432849469,s0-eth2,0.00,0.00,0.00,0,0,0.00,0.00,0.00,0,0,0.00,0.00,0,0
1432849469,s0-eth3,0.00,1875600.00,1875600.00,187560,0,0.00,1800.00,1800.00,180,0,0.00,0.00,0,0
1432849469,total,375120.00,2063160.00,2438280.00,206316,37512,360.00,1980.00,2340.00,198,36,0.00,0.00,0,0
1432849469,s1-eth1,0.00,187560.00,187560.00,18756,0,0.00,180.00,180.00,18,0,0.00,0.00,0,0
1432849469,s1-eth2,0.00,0.00,0.00,0,0,0.00,0.00,0.00,0,0,0.00,0.00,0,0
1432849469,s1-eth3,187560.00,0.00,187560.00,0,18756,180.00,0.00,180.00,0,18,0.00,0.00,0,0
1432849469,s0,0.00,0.00,0.00,0,0,0.00,0.00,0.00,0,0,0.00,0.00,0,0
1432849469,eth0,0.00,0.00,0.00,0,0,0.00,0.00,0.00,0,0,0.00,0.00,0,0
1432849469,lo,0.00,0.00,0.00,0,0,0.00,0.00,0.00,0,0,0.00,0.00,0,0
1432849469,s1,0.00,0.00,0.00,0,0,0.00,0.00,0.00,0,0,0.00,0.00,0,0
1432849469,s0-eth1,187560.00,0.00,187560.00,0,18756,180.00,0.00,180.00,0,18,0.00,0.00,0,0
1432849469,s0-eth2,0.00,0.00,0.00,0,0,0.00,0.00,0.00,0,0,0.00,0.00,0,0
1432849469,s0-eth3,0.00,1886020.00,1886020.00,188602,0,0.00,1810.00,1810.00,181,0,0.00,0.00,0,0
1432849469,total,375120.00,2073580.00,2448700.00,207358,37512,360.00,1990.00,2350.00,199,36,0.00,0.00,0,0
1432849469,s1-eth1,0.00,187560.00,187560.00,18756,0,0.00,180.00,180.00,18,0,0.00,0.00,0,0
1432849469,s1-eth2,0.00,0.00,0.00,0,0,0.00,0.00,0.00,0,0,0.00,0.00,0,0
1432849469,s1-eth3,197980.00,0.00,197980.00,0,19798,190.00,0.00,190.00,0,19,0.00,0.00,0,0
1432849469,s0,0.00,0.00,0.00,0,0,0.00,0.00,0.00,0,0,0.00,0.00,0,0
1432849469,eth0,0.00,0.00,0.00,0,0,0.00,0.00,0.00,0,0,0.00,0.00,0,0
1432849469,lo,0.00,0.00,0.00,0,0,0.00,0.00,0.00,0,0,0.00,0.00,0,0
1432849469,s1,0.00,0.00,0.00,0,0,0.00,0.00,0.00,0,0,0.00,0.00,0,0
1432849469,s0-eth1,187560.00,0.00,187560.00,0,18756,180.00,0.00,180.00,0,18,0.00,0.00,0,0
1432849469,s0-eth2,0.00,0.00,0.00,0,0,0.00,0.00,0.00,0,0,0.00,0.00,0,0
1432849469,s0-eth3,0.00,1886020.00,1886020.00,188602,0,0.00,1810.00,1810.00,181,0,0.00,0.00,0,0
1432849469,total,385540.00,2073580.00,2459120.00,207358,38554,370.00,1990.00,2360.00,199,37,0.00,0.00,0,0
1432849469,s1-eth1,0.00,187560.00,187560.00,18756,0,0.00,180.00,180.00,18,0,0.00,0.00,0,0
1432849469,s1-eth2,0.00,0.00,0.00,0,0,0.00,0.00,0.00,0,0,0.00,0.00,0,0
1432849469,s1-eth3,187560.00,0.00,187560.00,0,18756,180.00,0.00,180.00,0,18,0.00,0.00,0,0
1432849469,s0,0.00,0.00,0.00,0,0,0.00,0.00,0.00,0,0,0.00,0.00,0,0
1432849469,eth0,0.00,0.00,0.00,0,0,0.00,0.00,0.00,0,0,0.00,0.00,0,0
1432849469,lo,0.00,0.00,0.00,0,0,0.00,0.00,0.00,0,0,0.00,0.00,0,0
1432849469,s1,0.00,0.00,0.00,0,0,0.00,0.00,0.00,0,0,0.00,0.00,0,0
1432849469,s0-eth1,187560.00,0.00,187560.00,0,18756,180.00,0.00,180.00,0,18,0.00,0.00,0,0
1432849469,s0-eth2,0.00,0.00,0.00,0,0,0.00,0.00,0.00,0,0,0.00,0.00,0,0
1432849469,s0-eth3,0.00,1875600.00,1875600.00,187560,0,0.00,1800.00,1800.00,180,0,0.00,0.00,0,0
1432849469,total,375120.00,2063160.00,2438280.00,206316,37512,360.00,1980.00,2340.00,198,36,0.00,0.00,0,0
1432849469,s1-eth1,0.00,187560.00,187560.00,18756,0,0.00,180.00,180.00,18,0,0.00,0.00,0,0
1432849469,s1-eth2,0.00,0.00,0.00,0,0,0.00,0.00,0.00,0,0,0.00,0.00,0,0
1432849469,s1-eth3,187560.00,0.00,187560.00,0,18756,180.00,0.00,180.00,0,18,0.00,0.00,0,0
1432849469,s0,0.00,0.00,0.00,0,0,0.00,0.00,0.00,0,0,0.00,0.00,0,0
1432849469,eth0,0.00,0.00,0.00,0,0,0.00,0.00,0.00,0,0,0.00,0.00,0,0
1432849469,lo,0.00,0.00,0.00,0,0,0.00,0.00,0.00,0,0,0.00,0.00,0,0
1432849469,s1,0.00,0.00,0.00,0,0,0.00,0.00,0.00,0,0,0.00,0.00,0,0
1432849469,s0-eth1,187560.00,0.00,187560.00,0,18756,180.00,0.00,180.00,0,18,0.00,0.00,0,0
1432849469,s0-eth2,0.00,0.00,0.00,0,0,0.00,0.00,0.00,0,0,0.00,0.00,0,0
1432849469,s0-eth3,0.00,1886020.00,1886020.00,188602,0,0.00,1810.00,1810.00,181,0,0.00,0.00,0,0
1432849469,total,375120.00,2073580.00,2448700.00,207358,37512,360.00,1990.00,2350.00,199,36,0.00,0.00,0,0
1432849469,s1-eth1,0.00,187560.00,187560.00,18756,0,0.00,180.00,180.00,18,0,0.00,0.00,0,0
1432849469,s1-eth2,0.00,0.00,0.00,0,0,0.00,0.00,0.00,0,0,0.00,0.00,0,0
1432849469,s1-eth3,187560.00,0.00,187560.00,0,18756,180.00,0.00,180.00,0,18,0.00,0.00,0,0
1432849469,s0,0.00,0.00,0.00,0,0,0.00,0.00,0.00,0,0,0.00,0.00,0,0
1432849469,eth0,0.00,0.00,0.00,0,0,0.00,0.00,0.00,0,0,0.00,0.00,0,0
1432849469,lo,0.00,0.00,0.00,0,0,0.00,0.00,0.00,0,0,0.00,0.00,0,0
1432849469,s1,0.00,0.00,0.00,0,0,0.00,0.00,0.00,0,0,0.00,0.00,0,0
1432849469,s0-eth1,187560.00,0.00,187560.00,0,18756,180.00,0.00,180.00,0,18,0.00,0.00,0,0
1432849469,s0-eth2,0.00,0.00,0.00,0,0,0.00,0.00,0.00,0,0,0.00,0.00,0,0
1432849469,s0-eth3,0.00,1875600.00,1875600.00,187560,0,0.00,1800.00,1800.00,180,0,0.00,0.00,0,0
1432849469,total,375120.00,2063160.00,2438280.00,206316,37512,360.00,1980.00,2340.00,198,36,0.00,0.00,0,0
1432849470,s1-eth1,0.00,185702.98,185702.98,18756,0,0.00,178.22,178.22,18,0,0.00,0.00,0,0
1432849470,s1-eth2,0.00,0.00,0.00,0,0,0.00,0.00,0.00,0,0,0.00,0.00,0,0
1432849470,s1-eth3,185702.98,0.00,185702.98,0,18756,178.22,0.00,178.22,0,18,0.00,0.00,0,0
1432849470,s0,0.00,0.00,0.00,0,0,0.00,0.00,0.00,0,0,0.00,0.00,0,0
1432849470,eth0,0.00,0.00,0.00,0,0,0.00,0.00,0.00,0,0,0.00,0.00,0,0
1432849470,lo,0.00,0.00,0.00,0,0,0.00,0.00,0.00,0,0,0.00,0.00,0,0
1432849470,s1,0.00,0.00,0.00,0,0,0.00,0.00,0.00,0,0,0.00,0.00,0,0
1432849470,s0-eth1,185702.98,0.00,185702.98,0,18756,178.22,0.00,178.22,0,18,0.00,0.00,0,0
1432849470,s0-eth2,0.00,0.00,0.00,0,0,0.00,0.00,0.00,0,0,0.00,0.00,0,0
1432849470,s0-eth3,0.00,1867346.62,1867346.62,188602,0,0.00,1792.08,1792.08,181,0,0.00,0.00,0,0
1432849470,total,371405.97,2053049.62,2424455.50,207358,37512,356.44,1970.30,2326.73,199,36,0.00,0.00,0,0
1432849470,s1-eth1,0.00,187560.00,187560.00,18756,0,0.00,180.00,180.00,18,0,0.00,0.00,0,0
1432849470,s1-eth2,0.00,0.00,0.00,0,0,0.00,0.00,0.00,0,0,0.00,0.00,0,0
1432849470,s1-eth3,187560.00,0.00,187560.00,0,18756,180.00,0.00,180.00,0,18,0.00,0.00,0,0
1432849470,s0,0.00,0.00,0.00,0,0,0.00,0.00,0.00,0,0,0.00,0.00,0,0
1432849470,eth0,0.00,0.00,0.00,0,0,0.00,0.00,0.00,0,0,0.00,0.00,0,0
1432849470,lo,0.00,0.00,0.00,0,0,0.00,0.00,0.00,0,0,0.00,0.00,0,0
1432849470,s1,0.00,0.00,0.00,0,0,0.00,0.00,0.00,0,0,0.00,0.00,0,0
1432849470,s0-eth1,187560.00,0.00,187560.00,0,18756,180.00,0.00,180.00,0,18,0.00,0.00,0,0
1432849470,s0-eth2,0.00,0.00,0.00,0,0,0.00,0.00,0.00,0,0,0.00,0.00,0,0
1432849470,s0-eth3,0.00,1886020.00,1886020.00,188602,0,0.00,1810.00,1810.00,181,0,0.00,0.00,0,0
1432849470,total,375120.00,2073580.00,2448700.00,207358,37512,360.00,1990.00,2350.00,199,36,0.00,0.00,0,0
1432849470,s1-eth1,0.00,187560.00,187560.00,18756,0,0.00,180.00,180.00,18,0,0.00,0.00,0,0
1432849470,s1-eth2,0.00,0.00,0.00,0,0,0.00,0.00,0.00,0,0,0.00,0.00,0,0
1432849470,s1-eth3,187560.00,0.00,187560.00,0,18756,180.00,0.00,180.00,0,18,0.00,0.00,0,0
1432849470,s0,0.00,0.00,0.00,0,0,0.00,0.00,0.00,0,0,0.00,0.00,0,0
1432849470,eth0,0.00,0.00,0.00,0,0,0.00,0.00,0.00,0,0,0.00,0.00,0,0
1432849470,lo,0.00,0.00,0.00,0,0,0.00,0.00,0.00,0,0,0.00,0.00,0,0
1432849470,s1,0.00,0.00,0.00,0,0,0.00,0.00,0.00,0,0,0.00,0.00,0,0
1432849470,s0-eth1,187560.00,0.00,187560.00,0,18756,180.00,0.00,180.00,0,18,0.00,0.00,0,0
1432849470,s0-eth2,0.00,0.00,0.00,0,0,0.00,0.00,0.00,0,0,0.00,0.00,0,0
1432849470,s0-eth3,0.00,1875600.00,1875600.00,187560,0,0.00,1800.00,1800.00,180,0,0.00,0.00,0,0
1432849470,total,375120.00,2063160.00,2438280.00,206316,37512,360.00,1980.00,2340.00,198,36,0.00,0.00,0,0
1432849470,s1-eth1,0.00,187560.00,187560.00,18756,0,0.00,180.00,180.00,18,0,0.00,0.00,0,0
1432849470,s1-eth2,0.00,0.00,0.00,0,0,0.00,0.00,0.00,0,0,0.00,0.00,0,0
1432849470,s1-eth3,187560.00,0.00,187560.00,0,18756,180.00,0.00,180.00,0,18,0.00,0.00,0,0
1432849470,s0,0.00,0.00,0.00,0,0,0.00,0.00,0.00,0,0,0.00,0.00,0,0
1432849470,eth0,0.00,0.00,0.00,0,0,0.00,0.00,0.00,0,0,0.00,0.00,0,0
1432849470,lo,0.00,0.00,0.00,0,0,0.00,0.00,0.00,0,0,0.00,0.00,0,0
1432849470,s1,0.00,0.00,0.00,0,0,0.00,0.00,0.00,0,0,0.00,0.00,0,0
1432849470,s0-eth1,187560.00,0.00,187560.00,0,18756,180.00,0.00,180.00,0,18,0.00,0.00,0,0
1432849470,s0-eth2,0.00,0.00,0.00,0,0,0.00,0.00,0.00,0,0,0.00,0.00,0,0
1432849470,s0-eth3,0.00,1886020.00,1886020.00,188602,0,0.00,1810.00,1810.00,181,0,0.00,0.00,0,0
1432849470,total,375120.00,2073580.00,2448700.00,207358,37512,360.00,1990.00,2350.00,199,36,0.00,0.00,0,0
1432849470,s1-eth1,0.00,187560.00,187560.00,18756,0,0.00,180.00,180.00,18,0,0.00,0.00,0,0
1432849470,s1-eth2,0.00,0.00,0.00,0,0,0.00,0.00,0.00,0,0,0.00,0.00,0,0
1432849470,s1-eth3,187560.00,0.00,187560.00,0,18756,180.00,0.00,180.00,0,18,0.00,0.00,0,0
1432849470,s0,0.00,0.00,0.00,0,0,0.00,0.00,0.00,0,0,0.00,0.00,0,0
1432849470,eth0,0.00,0.00,0.00,0,0,0.00,0.00,0.00,0,0,0.00,0.00,0,0
1432849470,lo,0.00,0.00,0.00,0,0,0.00,0.00,0.00,0,0,0.00,0.00,0,0
1432849470,s1,0.00,0.00,0.00,0,0,0.00,0.00,0.00,0,0,0.00,0.00,0,0
1432849470,s0-eth1,187560.00,0.00,187560.00,0,18756,180.00,0.00,180.00,0,18,0.00,0.00,0,0
1432849470,s0-eth2,0.00,0.00,0.00,0,0,0.00,0.00,0.00,0,0,0.00,0.00,0,0
1432849470,s0-eth3,0.00,1875600.00,1875600.00,187560,0,0.00,1800.00,1800.00,180,0,0.00,0.00,0,0
1432849470,total,375120.00,2063160.00,2438280.00,206316,37512,360.00,1980.00,2340.00,198,36,0.00,0.00,0,0
1432849470,s1-eth1,0.00,187560.00,187560.00,18756,0,0.00,180.00,180.00,18,0,0.00,0.00,0,0
1432849470,s1-eth2,0.00,0.00,0.00,0,0,0.00,0.00,0.00,0,0,0.00,0.00,0,0
1432849470,s1-eth3,187560.00,0.00,187560.00,0,18756,180.00,0.00,180.00,0,18,0.00,0.00,0,0
1432849470,s0,0.00,0.00,0.00,0,0,0.00,0.00,0.00,0,0,0.00,0.00,0,0
1432849470,eth0,0.00,0.00,0.00,0,0,0.00,0.00,0.00,0,0,0.00,0.00,0,0
1432849470,lo,0.00,0.00,0.00,0,0,0.00,0.00,0.00,0,0,0.00,0.00,0,0
1432849470,s1,0.00,0.00,0.00,0,0,0.00,0.00,0.00,0,0,0.00,0.00,0,0
1432849470,s0-eth1,187560.00,0.00,187560.00,0,18756,180.00,0.00,180.00,0,18,0.00,0.00,0,0
1432849470,s0-eth2,0.00,0.00,0.00,0,0,0.00,0.00,0.00,0,0,0.00,0.00,0,0
1432849470,s0-eth3,0.00,1886020.00,1886020.00,188602,0,0.00,1810.00,1810.00,181,0,0.00,0.00,0,0
1432849470,total,375120.00,2073580.00,2448700.00,207358,37512,360.00,1990.00,2350.00,199,36,0.00,0.00,0,0
1432849470,s1-eth1,0.00,187560.00,187560.00,18756,0,0.00,180.00,180.00,18,0,0.00,0.00,0,0
1432849470,s1-eth2,0.00,0.00,0.00,0,0,0.00,0.00,0.00,0,0,0.00,0.00,0,0
1432849470,s1-eth3,187560.00,0.00,187560.00,0,18756,180.00,0.00,180.00,0,18,0.00,0.00,0,0
1432849470,s0,0.00,0.00,0.00,0,0,0.00,0.00,0.00,0,0,0.00,0.00,0,0
1432849470,eth0,0.00,0.00,0.00,0,0,0.00,0.00,0.00,0,0,0.00,0.00,0,0
1432849470,lo,0.00,0.00,0.00,0,0,0.00,0.00,0.00,0,0,0.00,0.00,0,0
1432849470,s1,0.00,0.00,0.00,0,0,0.00,0.00,0.00,0,0,0.00,0.00,0,0
1432849470,s0-eth1,187560.00,0.00,187560.00,0,18756,180.00,0.00,180.00,0,18,0.00,0.00,0,0
1432849470,s0-eth2,0.00,0.00,0.00,0,0,0.00,0.00,0.00,0,0,0.00,0.00,0,0
1432849470,s0-eth3,0.00,1875600.00,1875600.00,187560,0,0.00,1800.00,1800.00,180,0,0.00,0.00,0,0
1432849470,total,375120.00,2063160.00,2438280.00,206316,37512,360.00,1980.00,2340.00,198,36,0.00,0.00,0,0
1432849470,s1-eth1,0.00,197980.00,197980.00,19798,0,0.00,190.00,190.00,19,0,0.00,0.00,0,0
1432849470,s1-eth2,0.00,0.00,0.00,0,0,0.00,0.00,0.00,0,0,0.00,0.00,0,0
1432849470,s1-eth3,187560.00,0.00,187560.00,0,18756,180.00,0.00,180.00,0,18,0.00,0.00,0,0
1432849470,s0,0.00,0.00,0.00,0,0,0.00,0.00,0.00,0,0,0.00,0.00,0,0
1432849470,eth0,0.00,0.00,0.00,0,0,0.00,0.00,0.00,0,0,0.00,0.00,0,0
1432849470,lo,0.00,0.00,0.00,0,0,0.00,0.00,0.00,0,0,0.00,0.00,0,0
1432849470,s1,0.00,0.00,0.00,0,0,0.00,0.00,0.00,0,0,0.00,0.00,0,0
1432849470,s0-eth1,197980.00,0.00,197980.00,0,19798,190.00,0.00,190.00,0,19,0.00,0.00,0,0
1432849470,s0-eth2,0.00,0.00,0.00,0,0,0.00,0.00,0.00,0,0,0.00,0.00,0,0
1432849470,s0-eth3,0.00,1886020.00,1886020.00,188602,0,0.00,1810.00,1810.00,181,0,0.00,0.00,0,0
1432849470,total,385540.00,2084000.00,2469540.00,208400,38554,370.00,2000.00,2370.00,200,37,0.00,0.00,0,0
1432849470,s1-eth1,0.00,187560.00,187560.00,18756,0,0.00,180.00,180.00,18,0,0.00,0.00,0,0
1432849470,s1-eth2,0.00,0.00,0.00,0,0,0.00,0.00,0.00,0,0,0.00,0.00,0,0
1432849470,s1-eth3,187560.00,0.00,187560.00,0,18756,180.00,0.00,180.00,0,18,0.00,0.00,0,0
1432849470,s0,0.00,0.00,0.00,0,0,0.00,0.00,0.00,0,0,0.00,0.00,0,0
1432849470,eth0,0.00,0.00,0.00,0,0,0.00,0.00,0.00,0,0,0.00,0.00,0,0
1432849470,lo,0.00,0.00,0.00,0,0,0.00,0.00,0.00,0,0,0.00,0.00,0,0
1432849470,s1,0.00,0.00,0.00,0,0,0.00,0.00,0.00,0,0,0.00,0.00,0,0
1432849470,s0-eth1,187560.00,0.00,187560.00,0,18756,180.00,0.00,180.00,0,18,0.00,0.00,0,0
1432849470,s0-eth2,0.00,0.00,0.00,0,0,0.00,0.00,0.00,0,0,0.00,0.00,0,0
1432849470,s0-eth3,0.00,1875600.00,1875600.00,187560,0,0.00,1800.00,1800.00,180,0,0.00,0.00,0,0
1432849470,total,375120.00,2063160.00,2438280.00,206316,37512,360.00,1980.00,2340.00,198,36,0.00,0.00,0,0
1432849470,s1-eth1,0.00,187560.00,187560.00,18756,0,0.00,180.00,180.00,18,0,0.00,0.00,0,0
1432849470,s1-eth2,0.00,0.00,0.00,0,0,0.00,0.00,0.00,0,0,0.00,0.00,0,0
1432849470,s1-eth3,187560.00,0.00,187560.00,0,18756,180.00,0.00,180.00,0,18,0.00,0.00,0,0
1432849470,s0,0.00,0.00,0.00,0,0,0.00,0.00,0.00,0,0,0.00,0.00,0,0
1432849470,eth0,0.00,0.00,0.00,0,0,0.00,0.00,0.00,0,0,0.00,0.00,0,0
1432849470,lo,0.00,0.00,0.00,0,0,0.00,0.00,0.00,0,0,0.00,0.00,0,0
1432849470,s1,0.00,0.00,0.00,0,0,0.00,0.00,0.00,0,0,0.00,0.00,0,0
1432849470,s0-eth1,187560.00,0.00,187560.00,0,18756,180.00,0.00,180.00,0,18,0.00,0.00,0,0
1432849470,s0-eth2,0.00,0.00,0.00,0,0,0.00,0.00,0.00,0,0,0.00,0.00,0,0
1432849470,s0-eth3,0.00,1886020.00,1886020.00,188602,0,0.00,1810.00,1810.00,181,0,0.00,0.00,0,0
1432849470,total,375120.00,2073580.00,2448700.00,207358,37512,360.00,1990.00,2350.00,199,36,0.00,0.00,0,0
1432849471,s1-eth1,0.00,185702.98,185702.98,18756,0,0.00,178.22,178.22,18,0,0.00,0.00,0,0
1432849471,s1-eth2,0.00,0.00,0.00,0,0,0.00,0.00,0.00,0,0,0.00,0.00,0,0
1432849471,s1-eth3,185702.98,0.00,185702.98,0,18756,178.22,0.00,178.22,0,18,0.00,0.00,0,0
1432849471,s0,0.00,0.00,0.00,0,0,0.00,0.00,0.00,0,0,0.00,0.00,0,0
1432849471,eth0,0.00,0.00,0.00,0,0,0.00,0.00,0.00,0,0,0.00,0.00,0,0
1432849471,lo,0.00,0.00,0.00,0,0,0.00,0.00,0.00,0,0,0.00,0.00,0,0
1432849471,s1,0.00,0.00,0.00,0,0,0.00,0.00,0.00,0,0,0.00,0.00,0,0
1432849471,s0-eth1,185702.98,0.00,185702.98,0,18756,178.22,0.00,178.22,0,18,0.00,0.00,0,0
1432849471,s0-eth2,0.00,0.00,0.00,0,0,0.00,0.00,0.00,0,0,0.00,0.00,0,0
1432849471,s0-eth3,0.00,1857029.75,1857029.75,187560,0,0.00,1782.18,1782.18,180,0,0.00,0.00,0,0
1432849471,total,371405.97,2042732.75,2414138.75,206316,37512,356.44,1960.40,2316.83,198,36,0.00,0.00,0,0
1432849471,s1-eth1,0.00,187560.00,187560.00,18756,0,0.00,180.00,180.00,18,0,0.00,0.00,0,0
1432849471,s1-eth2,0.00,0.00,0.00,0,0,0.00,0.00,0.00,0,0,0.00,0.00,0,0
1432849471,s1-eth3,187560.00,0.00,187560.00,0,18756,180.00,0.00,180.00,0,18,0.00,0.00,0,0
1432849471,s0,0.00,0.00,0.00,0,0,0.00,0.00,0.00,0,0,0.00,0.00,0,0
1432849471,eth0,0.00,0.00,0.00,0,0,0.00,0.00,0.00,0,0,0.00,0.00,0,0
1432849471,lo,0.00,0.00,0.00,0,0,0.00,0.00,0.00,0,0,0.00,0.00,0,0
1432849471,s1,0.00,0.00,0.00,0,0,0.00,0.00,0.00,0,0,0.00,0.00,0,0
1432849471,s0-eth1,187560.00,0.00,187560.00,0,18756,180.00,0.00,180.00,0,18,0.00,0.00,0,0
1432849471,s0-eth2,0.00,0.00,0.00,0,0,0.00,0.00,0.00,0,0,0.00,0.00,0,0
1432849471,s0-eth3,0.00,1886020.00,1886020.00,188602,0,0.00,1810.00,1810.00,181,0,0.00,0.00,0,0
1432849471,total,375120.00,2073580.00,2448700.00,207358,37512,360.00,1990.00,2350.00,199,36,0.00,0.00,0,0
1432849471,s1-eth1,0.00,187560.00,187560.00,18756,0,0.00,180.00,180.00,18,0,0.00,0.00,0,0
1432849471,s1-eth2,0.00,0.00,0.00,0,0,0.00,0.00,0.00,0,0,0.00,0.00,0,0
1432849471,s1-eth3,187560.00,0.00,187560.00,0,18756,180.00,0.00,180.00,0,18,0.00,0.00,0,0
1432849471,s0,0.00,0.00,0.00,0,0,0.00,0.00,0.00,0,0,0.00,0.00,0,0
1432849471,eth0,0.00,0.00,0.00,0,0,0.00,0.00,0.00,0,0,0.00,0.00,0,0
1432849471,lo,0.00,0.00,0.00,0,0,0.00,0.00,0.00,0,0,0.00,0.00,0,0
1432849471,s1,0.00,0.00,0.00,0,0,0.00,0.00,0.00,0,0,0.00,0.00,0,0
1432849471,s0-eth1,187560.00,0.00,187560.00,0,18756,180.00,0.00,180.00,0,18,0.00,0.00,0,0
1432849471,s0-eth2,0.00,0.00,0.00,0,0,0.00,0.00,0.00,0,0,0.00,0.00,0,0
1432849471,s0-eth3,0.00,1875600.00,1875600.00,187560,0,0.00,1800.00,1800.00,180,0,0.00,0.00,0,0
1432849471,total,375120.00,2063160.00,2438280.00,206316,37512,360.00,1980.00,2340.00,198,36,0.00,0.00,0,0
1432849471,s1-eth1,0.00,187560.00,187560.00,18756,0,0.00,180.00,180.00,18,0,0.00,0.00,0,0
1432849471,s1-eth2,0.00,0.00,0.00,0,0,0.00,0.00,0.00,0,0,0.00,0.00,0,0
1432849471,s1-eth3,187560.00,0.00,187560.00,0,18756,180.00,0.00,180.00,0,18,0.00,0.00,0,0
1432849471,s0,0.00,0.00,0.00,0,0,0.00,0.00,0.00,0,0,0.00,0.00,0,0
1432849471,eth0,0.00,0.00,0.00,0,0,0.00,0.00,0.00,0,0,0.00,0.00,0,0
1432849471,lo,0.00,0.00,0.00,0,0,0.00,0.00,0.00,0,0,0.00,0.00,0,0
1432849471,s1,0.00,0.00,0.00,0,0,0.00,0.00,0.00,0,0,0.00,0.00,0,0
1432849471,s0-eth1,187560.00,0.00,187560.00,0,18756,180.00,0.00,180.00,0,18,0.00,0.00,0,0
1432849471,s0-eth2,0.00,0.00,0.00,0,0,0.00,0.00,0.00,0,0,0.00,0.00,0,0
1432849471,s0-eth3,0.00,1886020.00,1886020.00,188602,0,0.00,1810.00,1810.00,181,0,0.00,0.00,0,0
1432849471,total,375120.00,2073580.00,2448700.00,207358,37512,360.00,1990.00,2350.00,199,36,0.00,0.00,0,0
1432849471,s1-eth1,0.00,187560.00,187560.00,18756,0,0.00,180.00,180.00,18,0,0.00,0.00,0,0
1432849471,s1-eth2,0.00,0.00,0.00,0,0,0.00,0.00,0.00,0,0,0.00,0.00,0,0
1432849471,s1-eth3,187560.00,0.00,187560.00,0,18756,180.00,0.00,180.00,0,18,0.00,0.00,0,0
1432849471,s0,0.00,0.00,0.00,0,0,0.00,0.00,0.00,0,0,0.00,0.00,0,0
1432849471,eth0,0.00,0.00,0.00,0,0,0.00,0.00,0.00,0,0,0.00,0.00,0,0
1432849471,lo,0.00,0.00,0.00,0,0,0.00,0.00,0.00,0,0,0.00,0.00,0,0
1432849471,s1,0.00,0.00,0.00,0,0,0.00,0.00,0.00,0,0,0.00,0.00,0,0
1432849471,s0-eth1,187560.00,0.00,187560.00,0,18756,180.00,0.00,180.00,0,18,0.00,0.00,0,0
1432849471,s0-eth2,0.00,0.00,0.00,0,0,0.00,0.00,0.00,0,0,0.00,0.00,0,0
1432849471,s0-eth3,0.00,1875600.00,1875600.00,187560,0,0.00,1800.00,1800.00,180,0,0.00,0.00,0,0
1432849471,total,375120.00,2063160.00,2438280.00,206316,37512,360.00,1980.00,2340.00,198,36,0.00,0.00,0,0
1432849471,s1-eth1,0.00,187560.00,187560.00,18756,0,0.00,180.00,180.00,18,0,0.00,0.00,0,0
1432849471,s1-eth2,0.00,0.00,0.00,0,0,0.00,0.00,0.00,0,0,0.00,0.00,0,0
1432849471,s1-eth3,197980.00,0.00,197980.00,0,19798,190.00,0.00,190.00,0,19,0.00,0.00,0,0
1432849471,s0,0.00,0.00,0.00,0,0,0.00,0.00,0.00,0,0,0.00,0.00,0,0
1432849471,eth0,0.00,0.00,0.00,0,0,0.00,0.00,0.00,0,0,0.00,0.00,0,0
1432849471,lo,0.00,0.00,0.00,0,0,0.00,0.00,0.00,0,0,0.00,0.00,0,0
1432849471,s1,0.00,0.00,0.00,0,0,0.00,0.00,0.00,0,0,0.00,0.00,0,0
1432849471,s0-eth1,187560.00,0.00,187560.00,0,18756,180.00,0.00,180.00,0,18,0.00,0.00,0,0
1432849471,s0-eth2,0.00,0.00,0.00,0,0,0.00,0.00,0.00,0,0,0.00,0.00,0,0
1432849471,s0-eth3,0.00,1875600.00,1875600.00,187560,0,0.00,1800.00,1800.00,180,0,0.00,0.00,0,0
1432849471,total,385540.00,2063160.00,2448700.00,206316,38554,370.00,1980.00,2350.00,198,37,0.00,0.00,0,0
1432849471,s1-eth1,0.00,187560.00,187560.00,18756,0,0.00,180.00,180.00,18,0,0.00,0.00,0,0
1432849471,s1-eth2,0.00,0.00,0.00,0,0,0.00,0.00,0.00,0,0,0.00,0.00,0,0
1432849471,s1-eth3,187560.00,0.00,187560.00,0,18756,180.00,0.00,180.00,0,18,0.00,0.00,0,0
1432849471,s0,0.00,0.00,0.00,0,0,0.00,0.00,0.00,0,0,0.00,0.00,0,0
1432849471,eth0,0.00,0.00,0.00,0,0,0.00,0.00,0.00,0,0,0.00,0.00,0,0
1432849471,lo,0.00,0.00,0.00,0,0,0.00,0.00,0.00,0,0,0.00,0.00,0,0
1432849471,s1,0.00,0.00,0.00,0,0,0.00,0.00,0.00,0,0,0.00,0.00,0,0
1432849471,s0-eth1,187560.00,0.00,187560.00,0,18756,180.00,0.00,180.00,0,18,0.00,0.00,0,0
1432849471,s0-eth2,0.00,0.00,0.00,0,0,0.00,0.00,0.00,0,0,0.00,0.00,0,0
1432849471,s0-eth3,0.00,1886020.00,1886020.00,188602,0,0.00,1810.00,1810.00,181,0,0.00,0.00,0,0
1432849471,total,375120.00,2073580.00,2448700.00,207358,37512,360.00,1990.00,2350.00,199,36,0.00,0.00,0,0
1432849471,s1-eth1,0.00,187560.00,187560.00,18756,0,0.00,180.00,180.00,18,0,0.00,0.00,0,0
1432849471,s1-eth2,0.00,0.00,0.00,0,0,0.00,0.00,0.00,0,0,0.00,0.00,0,0
1432849471,s1-eth3,187560.00,0.00,187560.00,0,18756,180.00,0.00,180.00,0,18,0.00,0.00,0,0
1432849471,s0,0.00,0.00,0.00,0,0,0.00,0.00,0.00,0,0,0.00,0.00,0,0
1432849471,eth0,0.00,0.00,0.00,0,0,0.00,0.00,0.00,0,0,0.00,0.00,0,0
1432849471,lo,0.00,0.00,0.00,0,0,0.00,0.00,0.00,0,0,0.00,0.00,0,0
1432849471,s1,0.00,0.00,0.00,0,0,0.00,0.00,0.00,0,0,0.00,0.00,0,0
1432849471,s0-eth1,187560.00,0.00,187560.00,0,18756,180.00,0.00,180.00,0,18,0.00,0.00,0,0
1432849471,s0-eth2,0.00,0.00,0.00,0,0,0.00,0.00,0.00,0,0,0.00,0.00,0,0
1432849471,s0-eth3,0.00,1875600.00,1875600.00,187560,0,0.00,1800.00,1800.00,180,0,0.00,0.00,0,0
1432849471,total,375120.00,2063160.00,2438280.00,206316,37512,360.00,1980.00,2340.00,198,36,0.00,0.00,0,0
1432849471,s1-eth1,0.00,187560.00,187560.00,18756,0,0.00,180.00,180.00,18,0,0.00,0.00,0,0
1432849471,s1-eth2,0.00,0.00,0.00,0,0,0.00,0.00,0.00,0,0,0.00,0.00,0,0
1432849471,s1-eth3,187560.00,0.00,187560.00,0,18756,180.00,0.00,180.00,0,18,0.00,0.00,0,0
1432849471,s0,0.00,0.00,0.00,0,0,0.00,0.00,0.00,0,0,0.00,0.00,0,0
1432849471,eth0,0.00,0.00,0.00,0,0,0.00,0.00,0.00,0,0,0.00,0.00,0,0
1432849471,lo,0.00,0.00,0.00,0,0,0.00,0.00,0.00,0,0,0.00,0.00,0,0
1432849471,s1,0.00,0.00,0.00,0,0,0.00,0.00,0.00,0,0,0.00,0.00,0,0
1432849471,s0-eth1,187560.00,0.00,187560.00,0,18756,180.00,0.00,180.00,0,18,0.00,0.00,0,0
1432849471,s0-eth2,0.00,0.00,0.00,0,0,0.00,0.00,0.00,0,0,0.00,0.00,0,0
1432849471,s0-eth3,0.00,1886020.00,1886020.00,188602,0,0.00,1810.00,1810.00,181,0,0.00,0.00,0,0
1432849471,total,375120.00,2073580.00,2448700.00,207358,37512,360.00,1990.00,2350.00,199,36,0.00,0.00,0,0
1432849471,s1-eth1,0.00,187560.00,187560.00,18756,0,0.00,180.00,180.00,18,0,0.00,0.00,0,0
1432849471,s1-eth2,0.00,0.00,0.00,0,0,0.00,0.00,0.00,0,0,0.00,0.00,0,0
1432849471,s1-eth3,187560.00,0.00,187560.00,0,18756,180.00,0.00,180.00,0,18,0.00,0.00,0,0
1432849471,s0,0.00,0.00,0.00,0,0,0.00,0.00,0.00,0,0,0.00,0.00,0,0
1432849471,eth0,0.00,0.00,0.00,0,0,0.00,0.00,0.00,0,0,0.00,0.00,0,0
1432849471,lo,0.00,0.00,0.00,0,0,0.00,0.00,0.00,0,0,0.00,0.00,0,0
1432849471,s1,0.00,0.00,0.00,0,0,0.00,0.00,0.00,0,0,0.00,0.00,0,0
1432849471,s0-eth1,187560.00,0.00,187560.00,0,18756,180.00,0.00,180.00,0,18,0.00,0.00,0,0
1432849471,s0-eth2,0.00,0.00,0.00,0,0,0.00,0.00,0.00,0,0,0.00,0.00,0,0
1432849471,s0-eth3,0.00,1875600.00,1875600.00,187560,0,0.00,1800.00,1800.00,180,0,0.00,0.00,0,0
1432849471,total,375120.00,2063160.00,2438280.00,206316,37512,360.00,1980.00,2340.00,198,36,0.00,0.00,0,0
1432849472,s1-eth1,0.00,185702.98,185702.98,18756,0,0.00,178.22,178.22,18,0,0.00,0.00,0,0
1432849472,s1-eth2,0.00,0.00,0.00,0,0,0.00,0.00,0.00,0,0,0.00,0.00,0,0
1432849472,s1-eth3,185702.98,0.00,185702.98,0,18756,178.22,0.00,178.22,0,18,0.00,0.00,0,0
1432849472,s0,0.00,0.00,0.00,0,0,0.00,0.00,0.00,0,0,0.00,0.00,0,0
1432849472,eth0,0.00,0.00,0.00,0,0,0.00,0.00,0.00,0,0,0.00,0.00,0,0
1432849472,lo,0.00,0.00,0.00,0,0,0.00,0.00,0.00,0,0,0.00,0.00,0,0
1432849472,s1,0.00,0.00,0.00,0,0,0.00,0.00,0.00,0,0,0.00,0.00,0,0
1432849472,s0-eth1,185702.98,0.00,185702.98,0,18756,178.22,0.00,178.22,0,18,0.00,0.00,0,0
1432849472,s0-eth2,0.00,0.00,0.00,0,0,0.00,0.00,0.00,0,0,0.00,0.00,0,0
1432849472,s0-eth3,0.00,1867346.62,1867346.62,188602,0,0.00,1792.08,1792.08,181,0,0.00,0.00,0,0
1432849472,total,371405.97,2053049.62,2424455.50,207358,37512,356.44,1970.30,2326.73,199,36,0.00,0.00,0,0
1432849472,s1-eth1,0.00,187560.00,187560.00,18756,0,0.00,180.00,180.00,18,0,0.00,0.00,0,0
1432849472,s1-eth2,0.00,0.00,0.00,0,0,0.00,0.00,0.00,0,0,0.00,0.00,0,0
1432849472,s1-eth3,187560.00,0.00,187560.00,0,18756,180.00,0.00,180.00,0,18,0.00,0.00,0,0
1432849472,s0,0.00,0.00,0.00,0,0,0.00,0.00,0.00,0,0,0.00,0.00,0,0
1432849472,eth0,0.00,0.00,0.00,0,0,0.00,0.00,0.00,0,0,0.00,0.00,0,0
1432849472,lo,0.00,0.00,0.00,0,0,0.00,0.00,0.00,0,0,0.00,0.00,0,0
1432849472,s1,0.00,0.00,0.00,0,0,0.00,0.00,0.00,0,0,0.00,0.00,0,0
1432849472,s0-eth1,187560.00,0.00,187560.00,0,18756,180.00,0.00,180.00,0,18,0.00,0.00,0,0
1432849472,s0-eth2,0.00,0.00,0.00,0,0,0.00,0.00,0.00,0,0,0.00,0.00,0,0
1432849472,s0-eth3,0.00,1875600.00,1875600.00,187560,0,0.00,1800.00,1800.00,180,0,0.00,0.00,0,0
1432849472,total,375120.00,2063160.00,2438280.00,206316,37512,360.00,1980.00,2340.00,198,36,0.00,0.00,0,0
1432849472,s1-eth1,0.00,187560.00,187560.00,18756,0,0.00,180.00,180.00,18,0,0.00,0.00,0,0
1432849472,s1-eth2,0.00,0.00,0.00,0,0,0.00,0.00,0.00,0,0,0.00,0.00,0,0
1432849472,s1-eth3,187560.00,0.00,187560.00,0,18756,180.00,0.00,180.00,0,18,0.00,0.00,0,0
1432849472,s0,0.00,0.00,0.00,0,0,0.00,0.00,0.00,0,0,0.00,0.00,0,0
1432849472,eth0,0.00,0.00,0.00,0,0,0.00,0.00,0.00,0,0,0.00,0.00,0,0
1432849472,lo,0.00,0.00,0.00,0,0,0.00,0.00,0.00,0,0,0.00,0.00,0,0
1432849472,s1,0.00,0.00,0.00,0,0,0.00,0.00,0.00,0,0,0.00,0.00,0,0
1432849472,s0-eth1,187560.00,0.00,187560.00,0,18756,180.00,0.00,180.00,0,18,0.00,0.00,0,0
1432849472,s0-eth2,0.00,0.00,0.00,0,0,0.00,0.00,0.00,0,0,0.00,0.00,0,0
1432849472,s0-eth3,0.00,1886020.00,1886020.00,188602,0,0.00,1810.00,1810.00,181,0,0.00,0.00,0,0
1432849472,total,375120.00,2073580.00,2448700.00,207358,37512,360.00,1990.00,2350.00,199,36,0.00,0.00,0,0
1432849472,s1-eth1,0.00,187560.00,187560.00,18756,0,0.00,180.00,180.00,18,0,0.00,0.00,0,0
1432849472,s1-eth2,0.00,0.00,0.00,0,0,0.00,0.00,0.00,0,0,0.00,0.00,0,0
1432849472,s1-eth3,187560.00,0.00,187560.00,0,18756,180.00,0.00,180.00,0,18,0.00,0.00,0,0
1432849472,s0,0.00,0.00,0.00,0,0,0.00,0.00,0.00,0,0,0.00,0.00,0,0
1432849472,eth0,0.00,0.00,0.00,0,0,0.00,0.00,0.00,0,0,0.00,0.00,0,0
1432849472,lo,0.00,0.00,0.00,0,0,0.00,0.00,0.00,0,0,0.00,0.00,0,0
1432849472,s1,0.00,0.00,0.00,0,0,0.00,0.00,0.00,0,0,0.00,0.00,0,0
1432849472,s0-eth1,187560.00,0.00,187560.00,0,18756,180.00,0.00,180.00,0,18,0.00,0.00,0,0
1432849472,s0-eth2,0.00,0.00,0.00,0,0,0.00,0.00,0.00,0,0,0.00,0.00,0,0
1432849472,s0-eth3,0.00,1875600.00,1875600.00,187560,0,0.00,1800.00,1800.00,180,0,0.00,0.00,0,0
1432849472,total,375120.00,2063160.00,2438280.00,206316,37512,360.00,1980.00,2340.00,198,36,0.00,0.00,0,0
1432849472,s1-eth1,0.00,187560.00,187560.00,18756,0,0.00,180.00,180.00,18,0,0.00,0.00,0,0
1432849472,s1-eth2,0.00,0.00,0.00,0,0,0.00,0.00,0.00,0,0,0.00,0.00,0,0
1432849472,s1-eth3,187560.00,0.00,187560.00,0,18756,180.00,0.00,180.00,0,18,0.00,0.00,0,0
1432849472,s0,0.00,0.00,0.00,0,0,0.00,0.00,0.00,0,0,0.00,0.00,0,0
1432849472,eth0,0.00,0.00,0.00,0,0,0.00,0.00,0.00,0,0,0.00,0.00,0,0
1432849472,lo,0.00,0.00,0.00,0,0,0.00,0.00,0.00,0,0,0.00,0.00,0,0
1432849472,s1,0.00,0.00,0.00,0,0,0.00,0.00,0.00,0,0,0.00,0.00,0,0
1432849472,s0-eth1,187560.00,0.00,187560.00,0,18756,180.00,0.00,180.00,0,18,0.00,0.00,0,0
1432849472,s0-eth2,0.00,0.00,0.00,0,0,0.00,0.00,0.00,0,0,0.00,0.00,0,0
1432849472,s0-eth3,0.00,1875600.00,1875600.00,187560,0,0.00,1800.00,1800.00,180,0,0.00,0.00,0,0
1432849472,total,375120.00,2063160.00,2438280.00,206316,37512,360.00,1980.00,2340.00,198,36,0.00,0.00,0,0
1432849472,s1-eth1,0.00,187560.00,187560.00,18756,0,0.00,180.00,180.00,18,0,0.00,0.00,0,0
1432849472,s1-eth2,0.00,0.00,0.00,0,0,0.00,0.00,0.00,0,0,0.00,0.00,0,0
1432849472,s1-eth3,187560.00,0.00,187560.00,0,18756,180.00,0.00,180.00,0,18,0.00,0.00,0,0
1432849472,s0,0.00,0.00,0.00,0,0,0.00,0.00,0.00,0,0,0.00,0.00,0,0
1432849472,eth0,0.00,0.00,0.00,0,0,0.00,0.00,0.00,0,0,0.00,0.00,0,0
1432849472,lo,0.00,0.00,0.00,0,0,0.00,0.00,0.00,0,0,0.00,0.00,0,0
1432849472,s1,0.00,0.00,0.00,0,0,0.00,0.00,0.00,0,0,0.00,0.00,0,0
1432849472,s0-eth1,187560.00,0.00,187560.00,0,18756,180.00,0.00,180.00,0,18,0.00,0.00,0,0
1432849472,s0-eth2,0.00,0.00,0.00,0,0,0.00,0.00,0.00,0,0,0.00,0.00,0,0
1432849472,s0-eth3,0.00,1886020.00,1886020.00,188602,0,0.00,1810.00,1810.00,181,0,0.00,0.00,0,0
1432849472,total,375120.00,2073580.00,2448700.00,207358,37512,360.00,1990.00,2350.00,199,36,0.00,0.00,0,0
1432849472,s1-eth1,0.00,187560.00,187560.00,18756,0,0.00,180.00,180.00,18,0,0.00,0.00,0,0
1432849472,s1-eth2,0.00,0.00,0.00,0,0,0.00,0.00,0.00,0,0,0.00,0.00,0,0
1432849472,s1-eth3,187560.00,0.00,187560.00,0,18756,180.00,0.00,180.00,0,18,0.00,0.00,0,0
1432849472,s0,0.00,0.00,0.00,0,0,0.00,0.00,0.00,0,0,0.00,0.00,0,0
1432849472,eth0,0.00,0.00,0.00,0,0,0.00,0.00,0.00,0,0,0.00,0.00,0,0
1432849472,lo,0.00,0.00,0.00,0,0,0.00,0.00,0.00,0,0,0.00,0.00,0,0
1432849472,s1,0.00,0.00,0.00,0,0,0.00,0.00,0.00,0,0,0.00,0.00,0,0
1432849472,s0-eth1,187560.00,0.00,187560.00,0,18756,180.00,0.00,180.00,0,18,0.00,0.00,0,0
1432849472,s0-eth2,0.00,0.00,0.00,0,0,0.00,0.00,0.00,0,0,0.00,0.00,0,0
1432849472,s0-eth3,0.00,1875600.00,1875600.00,187560,0,0.00,1800.00,1800.00,180,0,0.00,0.00,0,0
1432849472,total,375120.00,2063160.00,2438280.00,206316,37512,360.00,1980.00,2340.00,198,36,0.00,0.00,0,0
1432849472,s1-eth1,0.00,187560.00,187560.00,18756,0,0.00,180.00,180.00,18,0,0.00,0.00,0,0
1432849472,s1-eth2,0.00,0.00,0.00,0,0,0.00,0.00,0.00,0,0,0.00,0.00,0,0
1432849472,s1-eth3,187560.00,0.00,187560.00,0,18756,180.00,0.00,180.00,0,18,0.00,0.00,0,0
1432849472,s0,0.00,0.00,0.00,0,0,0.00,0.00,0.00,0,0,0.00,0.00,0,0
1432849472,eth0,0.00,0.00,0.00,0,0,0.00,0.00,0.00,0,0,0.00,0.00,0,0
1432849472,lo,0.00,0.00,0.00,0,0,0.00,0.00,0.00,0,0,0.00,0.00,0,0
1432849472,s1,0.00,0.00,0.00,0,0,0.00,0.00,0.00,0,0,0.00,0.00,0,0
1432849472,s0-eth1,187560.00,0.00,187560.00,0,18756,180.00,0.00,180.00,0,18,0.00,0.00,0,0
1432849472,s0-eth2,0.00,0.00,0.00,0,0,0.00,0.00,0.00,0,0,0.00,0.00,0,0
1432849472,s0-eth3,0.00,1886020.00,1886020.00,188602,0,0.00,1810.00,1810.00,181,0,0.00,0.00,0,0
1432849472,total,375120.00,2073580.00,2448700.00,207358,37512,360.00,1990.00,2350.00,199,36,0.00,0.00,0,0
1432849472,s1-eth1,0.00,187560.00,187560.00,18756,0,0.00,180.00,180.00,18,0,0.00,0.00,0,0
1432849472,s1-eth2,0.00,0.00,0.00,0,0,0.00,0.00,0.00,0,0,0.00,0.00,0,0
1432849472,s1-eth3,187560.00,0.00,187560.00,0,18756,180.00,0.00,180.00,0,18,0.00,0.00,0,0
1432849472,s0,0.00,0.00,0.00,0,0,0.00,0.00,0.00,0,0,0.00,0.00,0,0
1432849472,eth0,0.00,0.00,0.00,0,0,0.00,0.00,0.00,0,0,0.00,0.00,0,0
1432849472,lo,0.00,0.00,0.00,0,0,0.00,0.00,0.00,0,0,0.00,0.00,0,0
1432849472,s1,0.00,0.00,0.00,0,0,0.00,0.00,0.00,0,0,0.00,0.00,0,0
1432849472,s0-eth1,187560.00,0.00,187560.00,0,18756,180.00,0.00,180.00,0,18,0.00,0.00,0,0
1432849472,s0-eth2,0.00,0.00,0.00,0,0,0.00,0.00,0.00,0,0,0.00,0.00,0,0
1432849472,s0-eth3,0.00,1875600.00,1875600.00,187560,0,0.00,1800.00,1800.00,180,0,0.00,0.00,0,0
1432849472,total,375120.00,2063160.00,2438280.00,206316,37512,360.00,1980.00,2340.00,198,36,0.00,0.00,0,0
1432849472,s1-eth1,0.00,187560.00,187560.00,18756,0,0.00,180.00,180.00,18,0,0.00,0.00,0,0
1432849472,s1-eth2,0.00,0.00,0.00,0,0,0.00,0.00,0.00,0,0,0.00,0.00,0,0
1432849472,s1-eth3,187560.00,0.00,187560.00,0,18756,180.00,0.00,180.00,0,18,0.00,0.00,0,0
1432849472,s0,0.00,0.00,0.00,0,0,0.00,0.00,0.00,0,0,0.00,0.00,0,0
1432849472,eth0,0.00,0.00,0.00,0,0,0.00,0.00,0.00,0,0,0.00,0.00,0,0
1432849472,lo,0.00,0.00,0.00,0,0,0.00,0.00,0.00,0,0,0.00,0.00,0,0
1432849472,s1,0.00,0.00,0.00,0,0,0.00,0.00,0.00,0,0,0.00,0.00,0,0
1432849472,s0-eth1,197980.00,0.00,197980.00,0,19798,190.00,0.00,190.00,0,19,0.00,0.00,0,0
1432849472,s0-eth2,0.00,0.00,0.00,0,0,0.00,0.00,0.00,0,0,0.00,0.00,0,0
1432849472,s0-eth3,0.00,1886020.00,1886020.00,188602,0,0.00,1810.00,1810.00,181,0,0.00,0.00,0,0
1432849472,total,385540.00,2073580.00,2459120.00,207358,38554,370.00,1990.00,2360.00,199,37,0.00,0.00,0,0
1432849473,s1-eth1,0.00,196019.81,196019.81,19798,0,0.00,188.12,188.12,19,0,0.00,0.00,0,0
1432849473,s1-eth2,0.00,0.00,0.00,0,0,0.00,0.00,0.00,0,0,0.00,0.00,0,0
1432849473,s1-eth3,185702.98,0.00,185702.98,0,18756,178.22,0.00,178.22,0,18,0.00,0.00,0,0
1432849473,s0,0.00,0.00,0.00,0,0,0.00,0.00,0.00,0,0,0.00,0.00,0,0
1432849473,eth0,0.00,0.00,0.00,0,0,0.00,0.00,0.00,0,0,0.00,0.00,0,0
1432849473,lo,0.00,0.00,0.00,0,0,0.00,0.00,0.00,0,0,0.00,0.00,0,0
1432849473,s1,0.00,0.00,0.00,0,0,0.00,0.00,0.00,0,0,0.00,0.00,0,0
1432849473,s0-eth1,185702.98,0.00,185702.98,0,18756,178.22,0.00,178.22,0,18,0.00,0.00,0,0
1432849473,s0-eth2,0.00,0.00,0.00,0,0,0.00,0.00,0.00,0,0,0.00,0.00,0,0
1432849473,s0-eth3,0.00,1857029.75,1857029.75,187560,0,0.00,1782.18,1782.18,180,0,0.00,0.00,0,0
1432849473,total,371405.97,2053049.62,2424455.50,207358,37512,356.44,1970.30,2326.73,199,36,0.00,0.00,0,0
1432849473,s1-eth1,0.00,187560.00,187560.00,18756,0,0.00,180.00,180.00,18,0,0.00,0.00,0,0
1432849473,s1-eth2,0.00,0.00,0.00,0,0,0.00,0.00,0.00,0,0,0.00,0.00,0,0
1432849473,s1-eth3,187560.00,0.00,187560.00,0,18756,180.00,0.00,180.00,0,18,0.00,0.00,0,0
1432849473,s0,0.00,0.00,0.00,0,0,0.00,0.00,0.00,0,0,0.00,0.00,0,0
1432849473,eth0,0.00,0.00,0.00,0,0,0.00,0.00,0.00,0,0,0.00,0.00,0,0
1432849473,lo,0.00,0.00,0.00,0,0,0.00,0.00,0.00,0,0,0.00,0.00,0,0
1432849473,s1,0.00,0.00,0.00,0,0,0.00,0.00,0.00,0,0,0.00,0.00,0,0
1432849473,s0-eth1,187560.00,0.00,187560.00,0,18756,180.00,0.00,180.00,0,18,0.00,0.00,0,0
1432849473,s0-eth2,0.00,0.00,0.00,0,0,0.00,0.00,0.00,0,0,0.00,0.00,0,0
1432849473,s0-eth3,0.00,1875600.00,1875600.00,187560,0,0.00,1800.00,1800.00,180,0,0.00,0.00,0,0
1432849473,total,375120.00,2063160.00,2438280.00,206316,37512,360.00,1980.00,2340.00,198,36,0.00,0.00,0,0
1432849473,s1-eth1,0.00,187560.00,187560.00,18756,0,0.00,180.00,180.00,18,0,0.00,0.00,0,0
1432849473,s1-eth2,0.00,0.00,0.00,0,0,0.00,0.00,0.00,0,0,0.00,0.00,0,0
1432849473,s1-eth3,187560.00,0.00,187560.00,0,18756,180.00,0.00,180.00,0,18,0.00,0.00,0,0
1432849473,s0,0.00,0.00,0.00,0,0,0.00,0.00,0.00,0,0,0.00,0.00,0,0
1432849473,eth0,0.00,0.00,0.00,0,0,0.00,0.00,0.00,0,0,0.00,0.00,0,0
1432849473,lo,0.00,0.00,0.00,0,0,0.00,0.00,0.00,0,0,0.00,0.00,0,0
1432849473,s1,0.00,0.00,0.00,0,0,0.00,0.00,0.00,0,0,0.00,0.00,0,0
1432849473,s0-eth1,187560.00,0.00,187560.00,0,18756,180.00,0.00,180.00,0,18,0.00,0.00,0,0
1432849473,s0-eth2,0.00,0.00,0.00,0,0,0.00,0.00,0.00,0,0,0.00,0.00,0,0
1432849473,s0-eth3,0.00,1886020.00,1886020.00,188602,0,0.00,1810.00,1810.00,181,0,0.00,0.00,0,0
1432849473,total,375120.00,2073580.00,2448700.00,207358,37512,360.00,1990.00,2350.00,199,36,0.00,0.00,0,0
1432849473,s1-eth1,0.00,187560.00,187560.00,18756,0,0.00,180.00,180.00,18,0,0.00,0.00,0,0
1432849473,s1-eth2,0.00,0.00,0.00,0,0,0.00,0.00,0.00,0,0,0.00,0.00,0,0
1432849473,s1-eth3,187560.00,0.00,187560.00,0,18756,180.00,0.00,180.00,0,18,0.00,0.00,0,0
1432849473,s0,0.00,0.00,0.00,0,0,0.00,0.00,0.00,0,0,0.00,0.00,0,0
1432849473,eth0,0.00,0.00,0.00,0,0,0.00,0.00,0.00,0,0,0.00,0.00,0,0
1432849473,lo,0.00,0.00,0.00,0,0,0.00,0.00,0.00,0,0,0.00,0.00,0,0
1432849473,s1,0.00,0.00,0.00,0,0,0.00,0.00,0.00,0,0,0.00,0.00,0,0
1432849473,s0-eth1,187560.00,0.00,187560.00,0,18756,180.00,0.00,180.00,0,18,0.00,0.00,0,0
1432849473,s0-eth2,0.00,0.00,0.00,0,0,0.00,0.00,0.00,0,0,0.00,0.00,0,0
1432849473,s0-eth3,0.00,1875600.00,1875600.00,187560,0,0.00,1800.00,1800.00,180,0,0.00,0.00,0,0
1432849473,total,375120.00,2063160.00,2438280.00,206316,37512,360.00,1980.00,2340.00,198,36,0.00,0.00,0,0
1432849473,s1-eth1,0.00,187560.00,187560.00,18756,0,0.00,180.00,180.00,18,0,0.00,0.00,0,0
1432849473,s1-eth2,0.00,0.00,0.00,0,0,0.00,0.00,0.00,0,0,0.00,0.00,0,0
1432849473,s1-eth3,187560.00,0.00,187560.00,0,18756,180.00,0.00,180.00,0,18,0.00,0.00,0,0
1432849473,s0,0.00,0.00,0.00,0,0,0.00,0.00,0.00,0,0,0.00,0.00,0,0
1432849473,eth0,0.00,0.00,0.00,0,0,0.00,0.00,0.00,0,0,0.00,0.00,0,0
1432849473,lo,0.00,0.00,0.00,0,0,0.00,0.00,0.00,0,0,0.00,0.00,0,0
1432849473,s1,0.00,0.00,0.00,0,0,0.00,0.00,0.00,0,0,0.00,0.00,0,0
1432849473,s0-eth1,187560.00,0.00,187560.00,0,18756,180.00,0.00,180.00,0,18,0.00,0.00,0,0
1432849473,s0-eth2,0.00,0.00,0.00,0,0,0.00,0.00,0.00,0,0,0.00,0.00,0,0
1432849473,s0-eth3,0.00,1886020.00,1886020.00,188602,0,0.00,1810.00,1810.00,181,0,0.00,0.00,0,0
1432849473,total,375120.00,2073580.00,2448700.00,207358,37512,360.00,1990.00,2350.00,199,36,0.00,0.00,0,0
1432849473,s1-eth1,0.00,187560.00,187560.00,18756,0,0.00,180.00,180.00,18,0,0.00,0.00,0,0
1432849473,s1-eth2,0.00,0.00,0.00,0,0,0.00,0.00,0.00,0,0,0.00,0.00,0,0
1432849473,s1-eth3,187560.00,0.00,187560.00,0,18756,180.00,0.00,180.00,0,18,0.00,0.00,0,0
1432849473,s0,0.00,0.00,0.00,0,0,0.00,0.00,0.00,0,0,0.00,0.00,0,0
1432849473,eth0,0.00,0.00,0.00,0,0,0.00,0.00,0.00,0,0,0.00,0.00,0,0
1432849473,lo,0.00,0.00,0.00,0,0,0.00,0.00,0.00,0,0,0.00,0.00,0,0
1432849473,s1,0.00,0.00,0.00,0,0,0.00,0.00,0.00,0,0,0.00,0.00,0,0
1432849473,s0-eth1,187560.00,0.00,187560.00,0,18756,180.00,0.00,180.00,0,18,0.00,0.00,0,0
1432849473,s0-eth2,0.00,0.00,0.00,0,0,0.00,0.00,0.00,0,0,0.00,0.00,0,0
1432849473,s0-eth3,0.00,1875600.00,1875600.00,187560,0,0.00,1800.00,1800.00,180,0,0.00,0.00,0,0
1432849473,total,375120.00,2063160.00,2438280.00,206316,37512,360.00,1980.00,2340.00,198,36,0.00,0.00,0,0
1432849473,s1-eth1,0.00,187560.00,187560.00,18756,0,0.00,180.00,180.00,18,0,0.00,0.00,0,0
1432849473,s1-eth2,0.00,0.00,0.00,0,0,0.00,0.00,0.00,0,0,0.00,0.00,0,0
1432849473,s1-eth3,187560.00,0.00,187560.00,0,18756,180.00,0.00,180.00,0,18,0.00,0.00,0,0
1432849473,s0,0.00,0.00,0.00,0,0,0.00,0.00,0.00,0,0,0.00,0.00,0,0
1432849473,eth0,0.00,0.00,0.00,0,0,0.00,0.00,0.00,0,0,0.00,0.00,0,0
1432849473,lo,0.00,0.00,0.00,0,0,0.00,0.00,0.00,0,0,0.00,0.00,0,0
1432849473,s1,0.00,0.00,0.00,0,0,0.00,0.00,0.00,0,0,0.00,0.00,0,0
1432849473,s0-eth1,187560.00,0.00,187560.00,0,18756,180.00,0.00,180.00,0,18,0.00,0.00,0,0
1432849473,s0-eth2,0.00,0.00,0.00,0,0,0.00,0.00,0.00,0,0,0.00,0.00,0,0
1432849473,s0-eth3,0.00,1886020.00,1886020.00,188602,0,0.00,1810.00,1810.00,181,0,0.00,0.00,0,0
1432849473,total,375120.00,2073580.00,2448700.00,207358,37512,360.00,1990.00,2350.00,199,36,0.00,0.00,0,0
1432849473,s1-eth1,0.00,187560.00,187560.00,18756,0,0.00,180.00,180.00,18,0,0.00,0.00,0,0
1432849473,s1-eth2,0.00,0.00,0.00,0,0,0.00,0.00,0.00,0,0,0.00,0.00,0,0
1432849473,s1-eth3,197980.00,0.00,197980.00,0,19798,190.00,0.00,190.00,0,19,0.00,0.00,0,0
1432849473,s0,0.00,0.00,0.00,0,0,0.00,0.00,0.00,0,0,0.00,0.00,0,0
1432849473,eth0,0.00,0.00,0.00,0,0,0.00,0.00,0.00,0,0,0.00,0.00,0,0
1432849473,lo,0.00,0.00,0.00,0,0,0.00,0.00,0.00,0,0,0.00,0.00,0,0
1432849473,s1,0.00,0.00,0.00,0,0,0.00,0.00,0.00,0,0,0.00,0.00,0,0
1432849473,s0-eth1,187560.00,0.00,187560.00,0,18756,180.00,0.00,180.00,0,18,0.00,0.00,0,0
1432849473,s0-eth2,0.00,0.00,0.00,0,0,0.00,0.00,0.00,0,0,0.00,0.00,0,0
1432849473,s0-eth3,0.00,1875600.00,1875600.00,187560,0,0.00,1800.00,1800.00,180,0,0.00,0.00,0,0
1432849473,total,385540.00,2063160.00,2448700.00,206316,38554,370.00,1980.00,2350.00,198,37,0.00,0.00,0,0
1432849473,s1-eth1,0.00,187560.00,187560.00,18756,0,0.00,180.00,180.00,18,0,0.00,0.00,0,0
1432849473,s1-eth2,0.00,0.00,0.00,0,0,0.00,0.00,0.00,0,0,0.00,0.00,0,0
1432849473,s1-eth3,187560.00,0.00,187560.00,0,18756,180.00,0.00,180.00,0,18,0.00,0.00,0,0
1432849473,s0,0.00,0.00,0.00,0,0,0.00,0.00,0.00,0,0,0.00,0.00,0,0
1432849473,eth0,0.00,0.00,0.00,0,0,0.00,0.00,0.00,0,0,0.00,0.00,0,0
1432849473,lo,0.00,0.00,0.00,0,0,0.00,0.00,0.00,0,0,0.00,0.00,0,0
1432849473,s1,0.00,0.00,0.00,0,0,0.00,0.00,0.00,0,0,0.00,0.00,0,0
1432849473,s0-eth1,187560.00,0.00,187560.00,0,18756,180.00,0.00,180.00,0,18,0.00,0.00,0,0
1432849473,s0-eth2,0.00,0.00,0.00,0,0,0.00,0.00,0.00,0,0,0.00,0.00,0,0
1432849473,s0-eth3,0.00,1886020.00,1886020.00,188602,0,0.00,1810.00,1810.00,181,0,0.00,0.00,0,0
1432849473,total,375120.00,2073580.00,2448700.00,207358,37512,360.00,1990.00,2350.00,199,36,0.00,0.00,0,0
1432849473,s1-eth1,0.00,187560.00,187560.00,18756,0,0.00,180.00,180.00,18,0,0.00,0.00,0,0
1432849473,s1-eth2,0.00,0.00,0.00,0,0,0.00,0.00,0.00,0,0,0.00,0.00,0,0
1432849473,s1-eth3,187560.00,0.00,187560.00,0,18756,180.00,0.00,180.00,0,18,0.00,0.00,0,0
1432849473,s0,0.00,0.00,0.00,0,0,0.00,0.00,0.00,0,0,0.00,0.00,0,0
1432849473,eth0,0.00,0.00,0.00,0,0,0.00,0.00,0.00,0,0,0.00,0.00,0,0
1432849473,lo,0.00,0.00,0.00,0,0,0.00,0.00,0.00,0,0,0.00,0.00,0,0
1432849473,s1,0.00,0.00,0.00,0,0,0.00,0.00,0.00,0,0,0.00,0.00,0,0
1432849473,s0-eth1,187560.00,0.00,187560.00,0,18756,180.00,0.00,180.00,0,18,0.00,0.00,0,0
1432849473,s0-eth2,0.00,0.00,0.00,0,0,0.00,0.00,0.00,0,0,0.00,0.00,0,0
1432849473,s0-eth3,0.00,1875600.00,1875600.00,187560,0,0.00,1800.00,1800.00,180,0,0.00,0.00,0,0
1432849473,total,375120.00,2063160.00,2438280.00,206316,37512,360.00,1980.00,2340.00,198,36,0.00,0.00,0,0
1432849474,s1-eth1,0.00,185702.98,185702.98,18756,0,0.00,178.22,178.22,18,0,0.00,0.00,0,0
1432849474,s1-eth2,0.00,0.00,0.00,0,0,0.00,0.00,0.00,0,0,0.00,0.00,0,0
1432849474,s1-eth3,185702.98,0.00,185702.98,0,18756,178.22,0.00,178.22,0,18,0.00,0.00,0,0
1432849474,s0,0.00,0.00,0.00,0,0,0.00,0.00,0.00,0,0,0.00,0.00,0,0
1432849474,eth0,0.00,0.00,0.00,0,0,0.00,0.00,0.00,0,0,0.00,0.00,0,0
1432849474,lo,0.00,0.00,0.00,0,0,0.00,0.00,0.00,0,0,0.00,0.00,0,0
1432849474,s1,0.00,0.00,0.00,0,0,0.00,0.00,0.00,0,0,0.00,0.00,0,0
1432849474,s0-eth1,185702.98,0.00,185702.98,0,18756,178.22,0.00,178.22,0,18,0.00,0.00,0,0
1432849474,s0-eth2,0.00,0.00,0.00,0,0,0.00,0.00,0.00,0,0,0.00,0.00,0,0
1432849474,s0-eth3,0.00,1857029.75,1857029.75,187560,0,0.00,1782.18,1782.18,180,0,0.00,0.00,0,0
1432849474,total,371405.97,2042732.75,2414138.75,206316,37512,356.44,1960.40,2316.83,198,36,0.00,0.00,0,0
1432849474,s1-eth1,0.00,187560.00,187560.00,18756,0,0.00,180.00,180.00,18,0,0.00,0.00,0,0
1432849474,s1-eth2,0.00,0.00,0.00,0,0,0.00,0.00,0.00,0,0,0.00,0.00,0,0
1432849474,s1-eth3,187560.00,0.00,187560.00,0,18756,180.00,0.00,180.00,0,18,0.00,0.00,0,0
1432849474,s0,0.00,0.00,0.00,0,0,0.00,0.00,0.00,0,0,0.00,0.00,0,0
1432849474,eth0,0.00,0.00,0.00,0,0,0.00,0.00,0.00,0,0,0.00,0.00,0,0
1432849474,lo,0.00,0.00,0.00,0,0,0.00,0.00,0.00,0,0,0.00,0.00,0,0
1432849474,s1,0.00,0.00,0.00,0,0,0.00,0.00,0.00,0,0,0.00,0.00,0,0
1432849474,s0-eth1,187560.00,0.00,187560.00,0,18756,180.00,0.00,180.00,0,18,0.00,0.00,0,0
1432849474,s0-eth2,0.00,0.00,0.00,0,0,0.00,0.00,0.00,0,0,0.00,0.00,0,0
1432849474,s0-eth3,0.00,1886020.00,1886020.00,188602,0,0.00,1810.00,1810.00,181,0,0.00,0.00,0,0
1432849474,total,375120.00,2073580.00,2448700.00,207358,37512,360.00,1990.00,2350.00,199,36,0.00,0.00,0,0
1432849474,s1-eth1,0.00,187560.00,187560.00,18756,0,0.00,180.00,180.00,18,0,0.00,0.00,0,0
1432849474,s1-eth2,0.00,0.00,0.00,0,0,0.00,0.00,0.00,0,0,0.00,0.00,0,0
1432849474,s1-eth3,187560.00,0.00,187560.00,0,18756,180.00,0.00,180.00,0,18,0.00,0.00,0,0
1432849474,s0,0.00,0.00,0.00,0,0,0.00,0.00,0.00,0,0,0.00,0.00,0,0
1432849474,eth0,0.00,0.00,0.00,0,0,0.00,0.00,0.00,0,0,0.00,0.00,0,0
1432849474,lo,3440.00,3440.00,6880.00,344,344,60.00,60.00,120.00,6,6,0.00,0.00,0,0
1432849474,s1,0.00,0.00,0.00,0,0,0.00,0.00,0.00,0,0,0.00,0.00,0,0
1432849474,s0-eth1,187560.00,0.00,187560.00,0,18756,180.00,0.00,180.00,0,18,0.00,0.00,0,0
1432849474,s0-eth2,0.00,0.00,0.00,0,0,0.00,0.00,0.00,0,0,0.00,0.00,0,0
1432849474,s0-eth3,0.00,1875600.00,1875600.00,187560,0,0.00,1800.00,1800.00,180,0,0.00,0.00,0,0
1432849474,total,378560.00,2066600.00,2445160.00,206660,37856,420.00,2040.00,2460.00,204,42,0.00,0.00,0,0
1432849474,s1-eth1,0.00,187560.00,187560.00,18756,0,0.00,180.00,180.00,18,0,0.00,0.00,0,0
1432849474,s1-eth2,0.00,0.00,0.00,0,0,0.00,0.00,0.00,0,0,0.00,0.00,0,0
1432849474,s1-eth3,187560.00,0.00,187560.00,0,18756,180.00,0.00,180.00,0,18,0.00,0.00,0,0
1432849474,s0,0.00,0.00,0.00,0,0,0.00,0.00,0.00,0,0,0.00,0.00,0,0
1432849474,eth0,0.00,0.00,0.00,0,0,0.00,0.00,0.00,0,0,0.00,0.00,0,0
1432849474,lo,0.00,0.00,0.00,0,0,0.00,0.00,0.00,0,0,0.00,0.00,0,0
1432849474,s1,0.00,0.00,0.00,0,0,0.00,0.00,0.00,0,0,0.00,0.00,0,0
1432849474,s0-eth1,187560.00,0.00,187560.00,0,18756,180.00,0.00,180.00,0,18,0.00,0.00,0,0
1432849474,s0-eth2,0.00,0.00,0.00,0,0,0.00,0.00,0.00,0,0,0.00,0.00,0,0
1432849474,s0-eth3,0.00,1886020.00,1886020.00,188602,0,0.00,1810.00,1810.00,181,0,0.00,0.00,0,0
1432849474,total,375120.00,2073580.00,2448700.00,207358,37512,360.00,1990.00,2350.00,199,36,0.00,0.00,0,0
1432849474,s1-eth1,0.00,187560.00,187560.00,18756,0,0.00,180.00,180.00,18,0,0.00,0.00,0,0
1432849474,s1-eth2,0.00,0.00,0.00,0,0,0.00,0.00,0.00,0,0,0.00,0.00,0,0
1432849474,s1-eth3,187560.00,0.00,187560.00,0,18756,180.00,0.00,180.00,0,18,0.00,0.00,0,0
1432849474,s0,0.00,0.00,0.00,0,0,0.00,0.00,0.00,0,0,0.00,0.00,0,0
1432849474,eth0,0.00,0.00,0.00,0,0,0.00,0.00,0.00,0,0,0.00,0.00,0,0
1432849474,lo,0.00,0.00,0.00,0,0,0.00,0.00,0.00,0,0,0.00,0.00,0,0
1432849474,s1,0.00,0.00,0.00,0,0,0.00,0.00,0.00,0,0,0.00,0.00,0,0
1432849474,s0-eth1,187560.00,0.00,187560.00,0,18756,180.00,0.00,180.00,0,18,0.00,0.00,0,0
1432849474,s0-eth2,0.00,0.00,0.00,0,0,0.00,0.00,0.00,0,0,0.00,0.00,0,0
1432849474,s0-eth3,0.00,1875600.00,1875600.00,187560,0,0.00,1800.00,1800.00,180,0,0.00,0.00,0,0
1432849474,total,375120.00,2063160.00,2438280.00,206316,37512,360.00,1980.00,2340.00,198,36,0.00,0.00,0,0
1432849474,s1-eth1,660.00,187560.00,188220.00,18756,66,10.00,180.00,190.00,18,1,0.00,0.00,0,0
1432849474,s1-eth2,0.00,660.00,660.00,66,0,0.00,10.00,10.00,1,0,0.00,0.00,0,0
1432849474,s0,0.00,0.00,0.00,0,0,0.00,0.00,0.00,0,0,0.00,0.00,0,0
1432849474,eth0,4880.00,0.00,4880.00,0,488,40.00,0.00,40.00,0,4,0.00,0.00,0,0
1432849474,lo,3120.00,3120.00,6240.00,312,312,60.00,60.00,120.00,6,6,0.00,0.00,0,0
1432849474,s1,0.00,0.00,0.00,0,0,0.00,0.00,0.00,0,0,0.00,0.00,0,0
1432849474,s0-eth1,187560.00,660.00,188220.00,66,18756,180.00,10.00,190.00,1,18,0.00,0.00,0,0
1432849474,s0-eth2,660.00,660.00,1320.00,66,66,10.00,10.00,20.00,1,1,0.00,0.00,0,0
1432849474,s0-eth3,0.00,1886020.00,1886020.00,188602,0,0.00,1810.00,1810.00,181,0,0.00,0.00,0,0
1432849474,total,184467440737095516160.00,2063380.00,184467440737095516160.00,206338,18446744073702259935,184467440737095450624.00,1870.00,184467440737095450624.00,187,18446744073709544569,0.00,0.00,0,0
1432849474,eth0,5420.00,5280.00,10700.00,528,542,50.00,80.00,130.00,8,5,0.00,0.00,0,0
1432849474,lo,0.00,0.00,0.00,0,0,0.00,0.00,0.00,0,0,0.00,0.00,0,0
1432849474,s1,0.00,0.00,0.00,0,0,0.00,0.00,0.00,0,0,0.00,0.00,0,0
1432849474,total,184467440737095516160.00,184467440737095516160.00,184467440737095516160.00,18446744073626910325,18446744073700363487,184467440737095450624.00,184467440737094729728.00,184467440737094631424.00,18446744073709472414,18446744073709542717,0.00,0.00,0,0
1432849474,eth0,1500.00,1320.00,2820.00,132,150,10.00,20.00,30.00,2,1,0.00,0.00,0,0
1432849474,lo,0.00,0.00,0.00,0,0,0.00,0.00,0.00,0,0,0.00,0.00,0,0
1432849474,total,184467440737095516160.00,184467440737095516160.00,184467440737095516160.00,18446744073709548323,18446744073709551117,184467440737095516160.00,184467440737095516160.00,184467440737095516160.00,18446744073709551571,18446744073709551608,0.00,0.00,0,0
1432849474,eth0,0.00,0.00,0.00,0,0,0.00,0.00,0.00,0,0,0.00,0.00,0,0
1432849474,lo,0.00,0.00,0.00,0,0,0.00,0.00,0.00,0,0,0.00,0.00,0,0
1432849474,total,0.00,0.00,0.00,0,0,0.00,0.00,0.00,0,0,0.00,0.00,0,0
1432849474,eth0,0.00,0.00,0.00,0,0,0.00,0.00,0.00,0,0,0.00,0.00,0,0
1432849474,lo,0.00,0.00,0.00,0,0,0.00,0.00,0.00,0,0,0.00,0.00,0,0
1432849474,total,0.00,0.00,0.00,0,0,0.00,0.00,0.00,0,0,0.00,0.00,0,0
1432849475,eth0,0.00,0.00,0.00,0,0,0.00,0.00,0.00,0,0,0.00,0.00,0,0
1432849475,lo,0.00,0.00,0.00,0,0,0.00,0.00,0.00,0,0,0.00,0.00,0,0
1432849475,total,0.00,0.00,0.00,0,0,0.00,0.00,0.00,0,0,0.00,0.00,0,0
1432849475,eth0,0.00,0.00,0.00,0,0,0.00,0.00,0.00,0,0,0.00,0.00,0,0
1432849475,lo,0.00,0.00,0.00,0,0,0.00,0.00,0.00,0,0,0.00,0.00,0,0
1432849475,total,0.00,0.00,0.00,0,0,0.00,0.00,0.00,0,0,0.00,0.00,0,0
1432849475,eth0,0.00,0.00,0.00,0,0,0.00,0.00,0.00,0,0,0.00,0.00,0,0
1432849475,lo,0.00,0.00,0.00,0,0,0.00,0.00,0.00,0,0,0.00,0.00,0,0
1432849475,total,0.00,0.00,0.00,0,0,0.00,0.00,0.00,0,0,0.00,0.00,0,0
1432849475,eth0,0.00,0.00,0.00,0,0,0.00,0.00,0.00,0,0,0.00,0.00,0,0
1432849475,lo,0.00,0.00,0.00,0,0,0.00,0.00,0.00,0,0,0.00,0.00,0,0
1432849475,total,0.00,0.00,0.00,0,0,0.00,0.00,0.00,0,0,0.00,0.00,0,0
1432849475,eth0,0.00,0.00,0.00,0,0,0.00,0.00,0.00,0,0,0.00,0.00,0,0
1432849475,lo,0.00,0.00,0.00,0,0,0.00,0.00,0.00,0,0,0.00,0.00,0,0
1432849475,total,0.00,0.00,0.00,0,0,0.00,0.00,0.00,0,0,0.00,0.00,0,0
1432849475,eth0,0.00,0.00,0.00,0,0,0.00,0.00,0.00,0,0,0.00,0.00,0,0
1432849475,lo,0.00,0.00,0.00,0,0,0.00,0.00,0.00,0,0,0.00,0.00,0,0
1432849475,total,0.00,0.00,0.00,0,0,0.00,0.00,0.00,0,0,0.00,0.00,0,0
1432849475,eth0,0.00,0.00,0.00,0,0,0.00,0.00,0.00,0,0,0.00,0.00,0,0
1432849475,lo,0.00,0.00,0.00,0,0,0.00,0.00,0.00,0,0,0.00,0.00,0,0
1432849475,total,0.00,0.00,0.00,0,0,0.00,0.00,0.00,0,0,0.00,0.00,0,0
1432849475,eth0,0.00,0.00,0.00,0,0,0.00,0.00,0.00,0,0,0.00,0.00,0,0
1432849475,lo,0.00,0.00,0.00,0,0,0.00,0.00,0.00,0,0,0.00,0.00,0,0
1432849475,total,0.00,0.00,0.00,0,0,0.00,0.00,0.00,0,0,0.00,0.00,0,0
1432849475,eth0,0.00,0.00,0.00,0,0,0.00,0.00,0.00,0,0,0.00,0.00,0,0
1432849475,lo,0.00,0.00,0.00,0,0,0.00,0.00,0.00,0,0,0.00,0.00,0,0
1432849475,total,0.00,0.00,0.00,0,0,0.00,0.00,0.00,0,0,0.00,0.00,0,0
1432849475,eth0,0.00,0.00,0.00,0,0,0.00,0.00,0.00,0,0,0.00,0.00,0,0
1432849475,lo,0.00,0.00,0.00,0,0,0.00,0.00,0.00,0,0,0.00,0.00,0,0
1432849475,total,0.00,0.00,0.00,0,0,0.00,0.00,0.00,0,0,0.00,0.00,0,0
1432849476,eth0,0.00,0.00,0.00,0,0,0.00,0.00,0.00,0,0,0.00,0.00,0,0
1432849476,lo,0.00,0.00,0.00,0,0,0.00,0.00,0.00,0,0,0.00,0.00,0,0
1432849476,total,0.00,0.00,0.00,0,0,0.00,0.00,0.00,0,0,0.00,0.00,0,0
1432849476,eth0,0.00,0.00,0.00,0,0,0.00,0.00,0.00,0,0,0.00,0.00,0,0
1432849476,lo,0.00,0.00,0.00,0,0,0.00,0.00,0.00,0,0,0.00,0.00,0,0
1432849476,total,0.00,0.00,0.00,0,0,0.00,0.00,0.00,0,0,0.00,0.00,0,0
1432849476,eth0,0.00,0.00,0.00,0,0,0.00,0.00,0.00,0,0,0.00,0.00,0,0
1432849476,lo,0.00,0.00,0.00,0,0,0.00,0.00,0.00,0,0,0.00,0.00,0,0
1432849476,total,0.00,0.00,0.00,0,0,0.00,0.00,0.00,0,0,0.00,0.00,0,0
1432849476,eth0,0.00,0.00,0.00,0,0,0.00,0.00,0.00,0,0,0.00,0.00,0,0
1432849476,lo,0.00,0.00,0.00,0,0,0.00,0.00,0.00,0,0,0.00,0.00,0,0
1432849476,total,0.00,0.00,0.00,0,0,0.00,0.00,0.00,0,0,0.00,0.00,0,0
1432849476,eth0,0.00,0.00,0.00,0,0,0.00,0.00,0.00,0,0,0.00,0.00,0,0
1432849476,lo,0.00,0.00,0.00,0,0,0.00,0.00,0.00,0,0,0.00,0.00,0,0
1432849476,total,0.00,0.00,0.00,0,0,0.00,0.00,0.00,0,0,0.00,0.00,0,0
1432849476,eth0,0.00,0.00,0.00,0,0,0.00,0.00,0.00,0,0,0.00,0.00,0,0
1432849476,lo,0.00,0.00,0.00,0,0,0.00,0.00,0.00,0,0,0.00,0.00,0,0
1432849476,total,0.00,0.00,0.00,0,0,0.00,0.00,0.00,0,0,0.00,0.00,0,0
1432849476,eth0,0.00,0.00,0.00,0,0,0.00,0.00,0.00,0,0,0.00,0.00,0,0
1432849476,lo,0.00,0.00,0.00,0,0,0.00,0.00,0.00,0,0,0.00,0.00,0,0
1432849476,total,0.00,0.00,0.00,0,0,0.00,0.00,0.00,0,0,0.00,0.00,0,0
1432849476,eth0,0.00,0.00,0.00,0,0,0.00,0.00,0.00,0,0,0.00,0.00,0,0
1432849476,lo,0.00,0.00,0.00,0,0,0.00,0.00,0.00,0,0,0.00,0.00,0,0
1432849476,total,0.00,0.00,0.00,0,0,0.00,0.00,0.00,0,0,0.00,0.00,0,0
1432849476,eth0,0.00,0.00,0.00,0,0,0.00,0.00,0.00,0,0,0.00,0.00,0,0
1432849476,lo,0.00,0.00,0.00,0,0,0.00,0.00,0.00,0,0,0.00,0.00,0,0
1432849476,total,0.00,0.00,0.00,0,0,0.00,0.00,0.00,0,0,0.00,0.00,0,0
1432849476,eth0,0.00,0.00,0.00,0,0,0.00,0.00,0.00,0,0,0.00,0.00,0,0
1432849476,lo,0.00,0.00,0.00,0,0,0.00,0.00,0.00,0,0,0.00,0.00,0,0
1432849476,total,0.00,0.00,0.00,0,0,0.00,0.00,0.00,0,0,0.00,0.00,0,0
1432849477,eth0,0.00,0.00,0.00,0,0,0.00,0.00,0.00,0,0,0.00,0.00,0,0
1432849477,lo,0.00,0.00,0.00,0,0,0.00,0.00,0.00,0,0,0.00,0.00,0,0
1432849477,total,0.00,0.00,0.00,0,0,0.00,0.00,0.00,0,0,0.00,0.00,0,0
1432849477,eth0,0.00,0.00,0.00,0,0,0.00,0.00,0.00,0,0,0.00,0.00,0,0
1432849477,lo,0.00,0.00,0.00,0,0,0.00,0.00,0.00,0,0,0.00,0.00,0,0
1432849477,total,0.00,0.00,0.00,0,0,0.00,0.00,0.00,0,0,0.00,0.00,0,0
1432849477,eth0,0.00,0.00,0.00,0,0,0.00,0.00,0.00,0,0,0.00,0.00,0,0
1432849477,lo,0.00,0.00,0.00,0,0,0.00,0.00,0.00,0,0,0.00,0.00,0,0
1432849477,total,0.00,0.00,0.00,0,0,0.00,0.00,0.00,0,0,0