1432849908,s1-eth1,0.00,0.00,0.00,0,0,0.00,0.00,0.00,0,0,0.00,0.00,0,0
1432849908,s1-eth2,0.00,0.00,0.00,0,0,0.00,0.00,0.00,0,0,0.00,0.00,0,0
1432849908,s1-eth3,0.00,0.00,0.00,0,0,0.00,0.00,0.00,0,0,0.00,0.00,0,0
1432849908,s0,0.00,0.00,0.00,0,0,0.00,0.00,0.00,0,0,0.00,0.00,0,0
1432849908,eth0,0.00,0.00,0.00,0,0,0.00,0.00,0.00,0,0,0.00,0.00,0,0
1432849908,lo,0.00,0.00,0.00,0,0,0.00,0.00,0.00,0,0,0.00,0.00,0,0
1432849908,s1,0.00,0.00,0.00,0,0,0.00,0.00,0.00,0,0,0.00,0.00,0,0
1432849908,s0-eth1,0.00,0.00,0.00,0,0,0.00,0.00,0.00,0,0,0.00,0.00,0,0
1432849908,s0-eth2,0.00,0.00,0.00,0,0,0.00,0.00,0.00,0,0,0.00,0.00,0,0
1432849908,s0-eth3,0.00,0.00,0.00,0,0,0.00,0.00,0.00,0,0,0.00,0.00,0,0
1432849908,total,0.00,0.00,0.00,0,0,0.00,0.00,0.00,0,0,0.00,0.00,0,0
1432849908,s1-eth1,0.00,187560.00,187560.00,18756,0,0.00,180.00,180.00,18,0,0.00,0.00,0,0
1432849908,s1-eth2,0.00,0.00,0.00,0,0,0.00,0.00,0.00,0,0,0.00,0.00,0,0
1432849908,s1-eth3,187560.00,0.00,187560.00,0,18756,180.00,0.00,180.00,0,18,0.00,0.00,0,0
1432849908,s0,0.00,0.00,0.00,0,0,0.00,0.00,0.00,0,0,0.00,0.00,0,0
1432849908,eth0,0.00,0.00,0.00,0,0,0.00,0.00,0.00,0,0,0.00,0.00,0,0
1432849908,lo,0.00,0.00,0.00,0,0,0.00,0.00,0.00,0,0,0.00,0.00,0,0
1432849908,s1,0.00,0.00,0.00,0,0,0.00,0.00,0.00,0,0,0.00,0.00,0,0
1432849908,s0-eth1,187560.00,0.00,187560.00,0,18756,180.00,0.00,180.00,0,18,0.00,0.00,0,0
1432849908,s0-eth2,0.00,0.00,0.00,0,0,0.00,0.00,0.00,0,0,0.00,0.00,0,0
1432849908,s0-eth3,0.00,1875600.00,1875600.00,187560,0,0.00,1800.00,1800.00,180,0,0.00,0.00,0,0
1432849908,total,375120.00,2063160.00,2438280.00,206316,37512,360.00,1980.00,2340.00,198,36,0.00,0.00,0,0
1432849908,s1-eth1,0.00,187560.00,187560.00,18756,0,0.00,180.00,180.00,18,0,0.00,0.00,0,0
1432849908,s1-eth2,0.00,0.00,0.00,0,0,0.00,0.00,0.00,0,0,0.00,0.00,0,0
1432849908,s1-eth3,187560.00,0.00,187560.00,0,18756,180.00,0.00,180.00,0,18,0.00,0.00,0,0
1432849908,s0,0.00,0.00,0.00,0,0,0.00,0.00,0.00,0,0,0.00,0.00,0,0
1432849908,eth0,0.00,0.00,0.00,0,0,0.00,0.00,0.00,0,0,0.00,0.00,0,0
1432849908,lo,0.00,0.00,0.00,0,0,0.00,0.00,0.00,0,0,0.00,0.00,0,0
1432849908,s1,0.00,0.00,0.00,0,0,0.00,0.00,0.00,0,0,0.00,0.00,0,0
1432849908,s0-eth1,187560.00,0.00,187560.00,0,18756,180.00,0.00,180.00,0,18,0.00,0.00,0,0
1432849908,s0-eth2,0.00,0.00,0.00,0,0,0.00,0.00,0.00,0,0,0.00,0.00,0,0
1432849908,s0-eth3,0.00,145880.00,145880.00,14588,0,0.00,140.00,140.00,14,0,0.00,0.00,0,0
1432849908,total,375120.00,333440.00,708560.00,33344,37512,360.00,320.00,680.00,32,36,0.00,0.00,0,0
1432849908,s1-eth1,4560.00,189340.00,193900.00,18934,456,60.00,150.00,210.00,15,6,0.00,0.00,0,0
1432849908,s1-eth2,105980.00,5340.00,111320.00,534,10598,70.00,70.00,140.00,7,7,0.00,0.00,0,0
1432849908,s1-eth3,83360.00,0.00,83360.00,0,8336,80.00,0.00,80.00,0,8,0.00,0.00,0,0
1432849908,s0,0.00,0.00,0.00,0,0,0.00,0.00,0.00,0,0,0.00,0.00,0,0
1432849908,eth0,0.00,0.00,0.00,0,0,0.00,0.00,0.00,0,0,0.00,0.00,0,0
1432849908,lo,0.00,0.00,0.00,0,0,0.00,0.00,0.00,0,0,0.00,0.00,0,0
1432849908,s1,0.00,0.00,0.00,0,0,0.00,0.00,0.00,0,0,0.00,0.00,0,0
1432849908,s0-eth1,189340.00,5340.00,194680.00,534,18934,150.00,70.00,220.00,7,15,0.00,0.00,0,0
1432849908,s0-eth2,4560.00,151400.00,155960.00,15140,456,60.00,100.00,160.00,10,6,0.00,0.00,0,0
1432849908,s0-eth3,0.00,0.00,0.00,0,0,0.00,0.00,0.00,0,0,0.00,0.00,0,0
1432849908,total,387800.00,351420.00,739220.00,35142,38780,420.00,390.00,810.00,39,42,0.00,0.00,0,0
1432849909,s1-eth1,6772.28,192257.44,199029.70,19418,684,99.01,89.11,188.12,9,10,0.00,0.00,0,0
1432849909,s1-eth2,192257.44,6000.00,198257.44,606,19418,89.11,89.11,178.22,9,9,0.00,0.00,0,0
1432849909,s1-eth3,0.00,0.00,0.00,0,0,0.00,0.00,0.00,0,0,0.00,0.00,0,0
1432849909,s0,0.00,0.00,0.00,0,0,0.00,0.00,0.00,0,0,0.00,0.00,0,0
1432849909,eth0,0.00,0.00,0.00,0,0,0.00,0.00,0.00,0,0,0.00,0.00,0,0
1432849909,lo,0.00,0.00,0.00,0,0,0.00,0.00,0.00,0,0,0.00,0.00,0,0
1432849909,s1,0.00,0.00,0.00,0,0,0.00,0.00,0.00,0,0,0.00,0.00,0,0
1432849909,s0-eth1,192257.44,6000.00,198257.44,606,19418,89.11,89.11,178.22,9,9,0.00,0.00,0,0
1432849909,s0-eth2,6772.28,176613.88,183386.14,17838,684,99.01,69.31,168.32,7,10,0.00,0.00,0,0
1432849909,s0-eth3,0.00,0.00,0.00,0,0,0.00,0.00,0.00,0,0,0.00,0.00,0,0
1432849909,total,398059.41,380871.31,778930.75,38468,40204,376.24,336.63,712.87,34,38,0.00,0.00,0,0
1432849909,s1-eth1,3960.00,177720.00,181680.00,17772,396,60.00,60.00,120.00,6,6,0.00,0.00,0,0
1432849909,s1-eth2,177720.00,3960.00,181680.00,396,17772,60.00,60.00,120.00,6,6,0.00,0.00,0,0
1432849909,s1-eth3,0.00,0.00,0.00,0,0,0.00,0.00,0.00,0,0,0.00,0.00,0,0
1432849909,s0,0.00,0.00,0.00,0,0,0.00,0.00,0.00,0,0,0.00,0.00,0,0
1432849909,eth0,0.00,0.00,0.00,0,0,0.00,0.00,0.00,0,0,0.00,0.00,0,0
1432849909,lo,0.00,0.00,0.00,0,0,0.00,0.00,0.00,0,0,0.00,0.00,0,0
1432849909,s1,0.00,0.00,0.00,0,0,0.00,0.00,0.00,0,0,0.00,0.00,0,0
1432849909,s0-eth1,177720.00,3960.00,181680.00,396,17772,60.00,60.00,120.00,6,6,0.00,0.00,0,0
1432849909,s0-eth2,3960.00,236960.00,240920.00,23696,396,60.00,80.00,140.00,8,6,0.00,0.00,0,0
1432849909,s0-eth3,0.00,0.00,0.00,0,0,0.00,0.00,0.00,0,0,0.00,0.00,0,0
1432849909,total,363360.00,422600.00,785960.00,42260,36336,240.00,260.00,500.00,26,24,0.00,0.00,0,0
1432849909,s1-eth1,3960.00,207340.00,211300.00,20734,396,60.00,70.00,130.00,7,6,0.00,0.00,0,0
1432849909,s1-eth2,177720.00,3960.00,181680.00,396,17772,60.00,60.00,120.00,6,6,0.00,0.00,0,0
1432849909,s1-eth3,0.00,0.00,0.00,0,0,0.00,0.00,0.00,0,0,0.00,0.00,0,0
1432849909,s0,0.00,0.00,0.00,0,0,0.00,0.00,0.00,0,0,0.00,0.00,0,0
1432849909,eth0,0.00,0.00,0.00,0,0,0.00,0.00,0.00,0,0,0.00,0.00,0,0
1432849909,lo,0.00,0.00,0.00,0,0,0.00,0.00,0.00,0,0,0.00,0.00,0,0
1432849909,s1,0.00,0.00,0.00,0,0,0.00,0.00,0.00,0,0,0.00,0.00,0,0
1432849909,s0-eth1,207340.00,3960.00,211300.00,396,20734,70.00,60.00,130.00,6,7,0.00,0.00,0,0
1432849909,s0-eth2,3960.00,177720.00,181680.00,17772,396,60.00,60.00,120.00,6,6,0.00,0.00,0,0
1432849909,s0-eth3,0.00,0.00,0.00,0,0,0.00,0.00,0.00,0,0,0.00,0.00,0,0
1432849909,total,392980.00,392980.00,785960.00,39298,39298,250.00,250.00,500.00,25,25,0.00,0.00,0,0
1432849909,s1-eth1,3960.00,177720.00,181680.00,17772,396,60.00,60.00,120.00,6,6,0.00,0.00,0,0
1432849909,s1-eth2,207340.00,3960.00,211300.00,396,20734,70.00,60.00,130.00,6,7,0.00,0.00,0,0
1432849909,s1-eth3,0.00,0.00,0.00,0,0,0.00,0.00,0.00,0,0,0.00,0.00,0,0
1432849909,s0,0.00,0.00,0.00,0,0,0.00,0.00,0.00,0,0,0.00,0.00,0,0
1432849909,eth0,0.00,0.00,0.00,0,0,0.00,0.00,0.00,0,0,0.00,0.00,0,0
1432849909,lo,0.00,0.00,0.00,0,0,0.00,0.00,0.00,0,0,0.00,0.00,0,0
1432849909,s1,0.00,0.00,0.00,0,0,0.00,0.00,0.00,0,0,0.00,0.00,0,0
1432849909,s0-eth1,177720.00,3960.00,181680.00,396,17772,60.00,60.00,120.00,6,6,0.00,0.00,0,0
1432849909,s0-eth2,3960.00,207340.00,211300.00,20734,396,60.00,70.00,130.00,7,6,0.00,0.00,0,0
1432849909,s0-eth3,0.00,896120.00,896120.00,89612,0,0.00,860.00,860.00,86,0,0.00,0.00,0,0
1432849909,total,392980.00,1289100.00,1682080.00,128910,39298,250.00,1110.00,1360.00,111,25,0.00,0.00,0,0
1432849909,s1-eth1,1320.00,165080.00,166400.00,16508,132,20.00,140.00,160.00,14,2,0.00,0.00,0,0
1432849909,s1-eth2,29620.00,1320.00,30940.00,132,2962,10.00,20.00,30.00,2,1,0.00,0.00,0,0
1432849909,s1-eth3,135460.00,0.00,135460.00,0,13546,130.00,0.00,130.00,0,13,0.00,0.00,0,0
1432849909,s0,0.00,0.00,0.00,0,0,0.00,0.00,0.00,0,0,0.00,0.00,0,0
1432849909,eth0,0.00,0.00,0.00,0,0,0.00,0.00,0.00,0,0,0.00,0.00,0,0
1432849909,lo,0.00,0.00,0.00,0,0,0.00,0.00,0.00,0,0,0.00,0.00,0,0
1432849909,s1,0.00,0.00,0.00,0,0,0.00,0.00,0.00,0,0,0.00,0.00,0,0
1432849909,s0-eth1,165080.00,1320.00,166400.00,132,16508,140.00,20.00,160.00,2,14,0.00,0.00,0,0
1432849909,s0-eth2,1320.00,59240.00,60560.00,5924,132,20.00,20.00,40.00,2,2,0.00,0.00,0,0
1432849909,s0-eth3,0.00,1886020.00,1886020.00,188602,0,0.00,1810.00,1810.00,181,0,0.00,0.00,0,0
1432849909,total,332800.00,2112980.00,2445780.00,211298,33280,320.00,2010.00,2330.00,201,32,0.00,0.00,0,0
1432849909,s1-eth1,0.00,187560.00,187560.00,18756,0,0.00,180.00,180.00,18,0,0.00,0.00,0,0
1432849909,s1-eth2,0.00,0.00,0.00,0,0,0.00,0.00,0.00,0,0,0.00,0.00,0,0
1432849909,s1-eth3,187560.00,0.00,187560.00,0,18756,180.00,0.00,180.00,0,18,0.00,0.00,0,0
1432849909,s0,0.00,0.00,0.00,0,0,0.00,0.00,0.00,0,0,0.00,0.00,0,0
1432849909,eth0,0.00,0.00,0.00,0,0,0.00,0.00,0.00,0,0,0.00,0.00,0,0
1432849909,lo,0.00,0.00,0.00,0,0,0.00,0.00,0.00,0,0,0.00,0.00,0,0
1432849909,s1,0.00,0.00,0.00,0,0,0.00,0.00,0.00,0,0,0.00,0.00,0,0
1432849909,s0-eth1,187560.00,0.00,187560.00,0,18756,180.00,0.00,180.00,0,18,0.00,0.00,0,0
1432849909,s0-eth2,0.00,0.00,0.00,0,0,0.00,0.00,0.00,0,0,0.00,0.00,0,0
1432849909,s0-eth3,0.00,1875600.00,1875600.00,187560,0,0.00,1800.00,1800.00,180,0,0.00,0.00,0,0
1432849909,total,375120.00,2063160.00,2438280.00,206316,37512,360.00,1980.00,2340.00,198,36,0.00,0.00,0,0
1432849909,s1-eth1,0.00,187560.00,187560.00,18756,0,0.00,180.00,180.00,18,0,0.00,0.00,0,0
1432849909,s1-eth2,0.00,0.00,0.00,0,0,0.00,0.00,0.00,0,0,0.00,0.00,0,0
1432849909,s1-eth3,187560.00,0.00,187560.00,0,18756,180.00,0.00,180.00,0,18,0.00,0.00,0,0
1432849909,s0,0.00,0.00,0.00,0,0,0.00,0.00,0.00,0,0,0.00,0.00,0,0
1432849909,eth0,0.00,0.00,0.00,0,0,0.00,0.00,0.00,0,0,0.00,0.00,0,0
1432849909,lo,0.00,0.00,0.00,0,0,0.00,0.00,0.00,0,0,0.00,0.00,0,0
1432849909,s1,0.00,0.00,0.00,0,0,0.00,0.00,0.00,0,0,0.00,0.00,0,0
1432849909,s0-eth1,187560.00,0.00,187560.00,0,18756,180.00,0.00,180.00,0,18,0.00,0.00,0,0
1432849909,s0-eth2,0.00,15140.00,15140.00,1514,0,0.00,10.00,10.00,1,0,0.00,0.00,0,0
1432849909,s0-eth3,0.00,1886020.00,1886020.00,188602,0,0.00,1810.00,1810.00,181,0,0.00,0.00,0,0
1432849909,total,375120.00,2088720.00,2463840.00,208872,37512,360.00,2000.00,2360.00,200,36,0.00,0.00,0,0
1432849909,s1-eth1,0.00,197980.00,197980.00,19798,0,0.00,190.00,190.00,19,0,0.00,0.00,0,0
1432849909,s1-eth2,0.00,0.00,0.00,0,0,0.00,0.00,0.00,0,0,0.00,0.00,0,0
1432849909,s1-eth3,187560.00,0.00,187560.00,0,18756,180.00,0.00,180.00,0,18,0.00,0.00,0,0
1432849909,s0,0.00,0.00,0.00,0,0,0.00,0.00,0.00,0,0,0.00,0.00,0,0
1432849909,eth0,0.00,0.00,0.00,0,0,0.00,0.00,0.00,0,0,0.00,0.00,0,0
1432849909,lo,0.00,0.00,0.00,0,0,0.00,0.00,0.00,0,0,0.00,0.00,0,0
1432849909,s1,0.00,0.00,0.00,0,0,0.00,0.00,0.00,0,0,0.00,0.00,0,0
1432849909,s0-eth1,197980.00,0.00,197980.00,0,19798,190.00,0.00,190.00,0,19,0.00,0.00,0,0
1432849909,s0-eth2,0.00,15140.00,15140.00,1514,0,0.00,10.00,10.00,1,0,0.00,0.00,0,0
1432849909,s0-eth3,0.00,1875600.00,1875600.00,187560,0,0.00,1800.00,1800.00,180,0,0.00,0.00,0,0
1432849909,total,385540.00,2088720.00,2474260.00,208872,38554,370.00,2000.00,2370.00,200,37,0.00,0.00,0,0
1432849909,s1-eth1,0.00,187560.00,187560.00,18756,0,0.00,180.00,180.00,18,0,0.00,0.00,0,0
1432849909,s1-eth2,0.00,0.00,0.00,0,0,0.00,0.00,0.00,0,0,0.00,0.00,0,0
1432849909,s1-eth3,187560.00,0.00,187560.00,0,18756,180.00,0.00,180.00,0,18,0.00,0.00,0,0
1432849909,s0,0.00,0.00,0.00,0,0,0.00,0.00,0.00,0,0,0.00,0.00,0,0
1432849909,eth0,0.00,0.00,0.00,0,0,0.00,0.00,0.00,0,0,0.00,0.00,0,0
1432849909,lo,0.00,0.00,0.00,0,0,0.00,0.00,0.00,0,0,0.00,0.00,0,0
1432849909,s1,0.00,0.00,0.00,0,0,0.00,0.00,0.00,0,0,0.00,0.00,0,0
1432849909,s0-eth1,187560.00,0.00,187560.00,0,18756,180.00,0.00,180.00,0,18,0.00,0.00,0,0
1432849909,s0-eth2,0.00,0.00,0.00,0,0,0.00,0.00,0.00,0,0,0.00,0.00,0,0
1432849909,s0-eth3,0.00,1875600.00,1875600.00,187560,0,0.00,1800.00,1800.00,180,0,0.00,0.00,0,0
1432849909,total,375120.00,2063160.00,2438280.00,206316,37512,360.00,1980.00,2340.00,198,36,0.00,0.00,0,0
1432849909,s1-eth1,0.00,187560.00,187560.00,18756,0,0.00,180.00,180.00,18,0,0.00,0.00,0,0
1432849909,s1-eth2,0.00,0.00,0.00,0,0,0.00,0.00,0.00,0,0,0.00,0.00,0,0
1432849909,s1-eth3,187560.00,0.00,187560.00,0,18756,180.00,0.00,180.00,0,18,0.00,0.00,0,0
1432849909,s0,0.00,0.00,0.00,0,0,0.00,0.00,0.00,0,0,0.00,0.00,0,0
1432849909,eth0,0.00,0.00,0.00,0,0,0.00,0.00,0.00,0,0,0.00,0.00,0,0
1432849909,lo,0.00,0.00,0.00,0,0,0.00,0.00,0.00,0,0,0.00,0.00,0,0
1432849909,s1,0.00,0.00,0.00,0,0,0.00,0.00,0.00,0,0,0.00,0.00,0,0
1432849909,s0-eth1,187560.00,0.00,187560.00,0,18756,180.00,0.00,180.00,0,18,0.00,0.00,0,0
1432849909,s0-eth2,0.00,0.00,0.00,0,0,0.00,0.00,0.00,0,0,0.00,0.00,0,0
1432849909,s0-eth3,0.00,666880.00,666880.00,66688,0,0.00,640.00,640.00,64,0,0.00,0.00,0,0
1432849909,total,375120.00,854440.00,1229560.00,85444,37512,360.00,820.00,1180.00,82,36,0.00,0.00,0,0
1432849910,s1-eth1,0.00,123801.98,123801.98,12504,0,0.00,118.81,118.81,12,0,0.00,0.00,0,0
1432849910,s1-eth2,0.00,0.00,0.00,0,0,0.00,0.00,0.00,0,0,0.00,0.00,0,0
1432849910,s1-eth3,134118.81,0.00,134118.81,0,13546,128.71,0.00,128.71,0,13,0.00,0.00,0,0
1432849910,s0,0.00,0.00,0.00,0,0,0.00,0.00,0.00,0,0,0.00,0.00,0,0
1432849910,eth0,0.00,0.00,0.00,0,0,0.00,0.00,0.00,0,0,0.00,0.00,0,0
1432849910,lo,0.00,0.00,0.00,0,0,0.00,0.00,0.00,0,0,0.00,0.00,0,0
1432849910,s1,0.00,0.00,0.00,0,0,0.00,0.00,0.00,0,0,0.00,0.00,0,0
1432849910,s0-eth1,123801.98,0.00,123801.98,0,12504,118.81,0.00,118.81,0,12,0.00,0.00,0,0
1432849910,s0-eth2,0.00,0.00,0.00,0,0,0.00,0.00,0.00,0,0,0.00,0.00,0,0
1432849910,s0-eth3,0.00,0.00,0.00,0,0,0.00,0.00,0.00,0,0,0.00,0.00,0,0
1432849910,total,257920.80,123801.98,381722.78,12504,26050,247.52,118.81,366.34,12,25,0.00,0.00,0,0
1432849910,s1-eth1,7680.00,166540.00,174220.00,16654,768,100.00,110.00,210.00,11,10,0.00,0.00,0,0
1432849910,s1-eth2,166540.00,8340.00,174880.00,834,16654,110.00,110.00,220.00,11,11,0.00,0.00,0,0
1432849910,s1-eth3,0.00,0.00,0.00,0,0,0.00,0.00,0.00,0,0,0.00,0.00,0,0
1432849910,s0,0.00,0.00,0.00,0,0,0.00,0.00,0.00,0,0,0.00,0.00,0,0
1432849910,eth0,0.00,0.00,0.00,0,0,0.00,0.00,0.00,0,0,0.00,0.00,0,0
1432849910,lo,0.00,0.00,0.00,0,0,0.00,0.00,0.00,0,0,0.00,0.00,0,0
1432849910,s1,0.00,0.00,0.00,0,0,0.00,0.00,0.00,0,0,0.00,0.00,0,0
1432849910,s0-eth1,166540.00,7680.00,174220.00,768,16654,110.00,100.00,210.00,10,11,0.00,0.00,0,0
1432849910,s0-eth2,7680.00,227100.00,234780.00,22710,768,100.00,150.00,250.00,15,10,0.00,0.00,0,0
1432849910,s0-eth3,0.00,0.00,0.00,0,0,0.00,0.00,0.00,0,0,0.00,0.00,0,0
1432849910,total,348440.00,409660.00,758100.00,40966,34844,420.00,470.00,890.00,47,42,0.00,0.00,0,0
1432849910,s1-eth1,6600.00,194180.00,200780.00,19418,660,100.00,90.00,190.00,9,10,0.00,0.00,0,0
1432849910,s1-eth2,194180.00,5940.00,200120.00,594,19418,90.00,90.00,180.00,9,9,0.00,0.00,0,0
1432849910,s1-eth3,0.00,0.00,0.00,0,0,0.00,0.00,0.00,0,0,0.00,0.00,0,0
1432849910,s0,0.00,0.00,0.00,0,0,0.00,0.00,0.00,0,0,0.00,0.00,0,0
1432849910,eth0,0.00,0.00,0.00,0,0,0.00,0.00,0.00,0,0,0.00,0.00,0,0
1432849910,lo,0.00,0.00,0.00,0,0,0.00,0.00,0.00,0,0,0.00,0.00,0,0
1432849910,s1,0.00,0.00,0.00,0,0,0.00,0.00,0.00,0,0,0.00,0.00,0,0
1432849910,s0-eth1,194180.00,6600.00,200780.00,660,19418,90.00,100.00,190.00,10,9,0.00,0.00,0,0
1432849910,s0-eth2,5940.00,192860.00,198800.00,19286,594,90.00,70.00,160.00,7,9,0.00,0.00,0,0
1432849910,s0-eth3,0.00,0.00,0.00,0,0,0.00,0.00,0.00,0,0,0.00,0.00,0,0
1432849910,total,400900.00,399580.00,800480.00,39958,40090,370.00,350.00,720.00,35,37,0.00,0.00,0,0
1432849910,s1-eth1,3960.00,177720.00,181680.00,17772,396,60.00,60.00,120.00,6,6,0.00,0.00,0,0
1432849910,s1-eth2,177720.00,3960.00,181680.00,396,17772,60.00,60.00,120.00,6,6,0.00,0.00,0,0
1432849910,s1-eth3,0.00,0.00,0.00,0,0,0.00,0.00,0.00,0,0,0.00,0.00,0,0
1432849910,s0,0.00,0.00,0.00,0,0,0.00,0.00,0.00,0,0,0.00,0.00,0,0
1432849910,eth0,0.00,0.00,0.00,0,0,0.00,0.00,0.00,0,0,0.00,0.00,0,0
1432849910,lo,0.00,0.00,0.00,0,0,0.00,0.00,0.00,0,0,0.00,0.00,0,0
1432849910,s1,0.00,0.00,0.00,0,0,0.00,0.00,0.00,0,0,0.00,0.00,0,0
1432849910,s0-eth1,177720.00,3960.00,181680.00,396,17772,60.00,60.00,120.00,6,6,0.00,0.00,0,0
1432849910,s0-eth2,4620.00,207340.00,211960.00,20734,462,70.00,70.00,140.00,7,7,0.00,0.00,0,0
1432849910,s0-eth3,0.00,0.00,0.00,0,0,0.00,0.00,0.00,0,0,0.00,0.00,0,0
1432849910,total,364020.00,392980.00,757000.00,39298,36402,250.00,250.00,500.00,25,25,0.00,0.00,0,0
1432849910,s1-eth1,3960.00,177720.00,181680.00,17772,396,60.00,60.00,120.00,6,6,0.00,0.00,0,0
1432849910,s1-eth2,177720.00,3960.00,181680.00,396,17772,60.00,60.00,120.00,6,6,0.00,0.00,0,0
1432849910,s1-eth3,0.00,0.00,0.00,0,0,0.00,0.00,0.00,0,0,0.00,0.00,0,0
1432849910,s0,0.00,0.00,0.00,0,0,0.00,0.00,0.00,0,0,0.00,0.00,0,0
1432849910,eth0,0.00,0.00,0.00,0,0,0.00,0.00,0.00,0,0,0.00,0.00,0,0
1432849910,lo,0.00,0.00,0.00,0,0,0.00,0.00,0.00,0,0,0.00,0.00,0,0
1432849910,s1,0.00,0.00,0.00,0,0,0.00,0.00,0.00,0,0,0.00,0.00,0,0
1432849910,s0-eth1,177720.00,3960.00,181680.00,396,17772,60.00,60.00,120.00,6,6,0.00,0.00,0,0
1432849910,s0-eth2,3960.00,207340.00,211300.00,20734,396,60.00,70.00,130.00,7,6,0.00,0.00,0,0
1432849910,s0-eth3,0.00,375120.00,375120.00,37512,0,0.00,360.00,360.00,36,0,0.00,0.00,0,0
1432849910,total,363360.00,768100.00,1131460.00,76810,36336,240.00,610.00,850.00,61,24,0.00,0.00,0,0
1432849910,s1-eth1,1980.00,182640.00,184620.00,18264,198,30.00,120.00,150.00,12,3,0.00,0.00,0,0
1432849910,s1-eth2,88860.00,1980.00,90840.00,198,8886,30.00,30.00,60.00,3,3,0.00,0.00,0,0
1432849910,s1-eth3,93780.00,0.00,93780.00,0,9378,90.00,0.00,90.00,0,9,0.00,0.00,0,0
1432849910,s0,0.00,0.00,0.00,0,0,0.00,0.00,0.00,0,0,0.00,0.00,0,0
1432849910,eth0,0.00,0.00,0.00,0,0,0.00,0.00,0.00,0,0,0.00,0.00,0,0
1432849910,lo,0.00,0.00,0.00,0,0,0.00,0.00,0.00,0,0,0.00,0.00,0,0
1432849910,s1,0.00,0.00,0.00,0,0,0.00,0.00,0.00,0,0,0.00,0.00,0,0
1432849910,s0-eth1,193060.00,1980.00,195040.00,198,19306,130.00,30.00,160.00,3,13,0.00,0.00,0,0
1432849910,s0-eth2,1980.00,88860.00,90840.00,8886,198,30.00,30.00,60.00,3,3,0.00,0.00,0,0
1432849910,s0-eth3,0.00,1875600.00,1875600.00,187560,0,0.00,1800.00,1800.00,180,0,0.00,0.00,0,0
1432849910,total,379660.00,2151060.00,2530720.00,215106,37966,310.00,2010.00,2320.00,201,31,0.00,0.00,0,0
1432849910,s1-eth1,0.00,197980.00,197980.00,19798,0,0.00,190.00,190.00,19,0,0.00,0.00,0,0
1432849910,s1-eth2,0.00,0.00,0.00,0,0,0.00,0.00,0.00,0,0,0.00,0.00,0,0
1432849910,s1-eth3,187560.00,0.00,187560.00,0,18756,180.00,0.00,180.00,0,18,0.00,0.00,0,0
1432849910,s0,0.00,0.00,0.00,0,0,0.00,0.00,0.00,0,0,0.00,0.00,0,0
1432849910,eth0,0.00,0.00,0.00,0,0,0.00,0.00,0.00,0,0,0.00,0.00,0,0
1432849910,lo,0.00,0.00,0.00,0,0,0.00,0.00,0.00,0,0,0.00,0.00,0,0
1432849910,s1,0.00,0.00,0.00,0,0,0.00,0.00,0.00,0,0,0.00,0.00,0,0
1432849910,s0-eth1,187560.00,0.00,187560.00,0,18756,180.00,0.00,180.00,0,18,0.00,0.00,0,0
1432849910,s0-eth2,0.00,15140.00,15140.00,1514,0,0.00,10.00,10.00,1,0,0.00,0.00,0,0
1432849910,s0-eth3,0.00,1886020.00,1886020.00,188602,0,0.00,1810.00,1810.00,181,0,0.00,0.00,0,0
1432849910,total,375120.00,2099140.00,2474260.00,209914,37512,360.00,2010.00,2370.00,201,36,0.00,0.00,0,0
1432849910,s1-eth1,0.00,187560.00,187560.00,18756,0,0.00,180.00,180.00,18,0,0.00,0.00,0,0
1432849910,s1-eth2,0.00,0.00,0.00,0,0,0.00,0.00,0.00,0,0,0.00,0.00,0,0
1432849910,s1-eth3,187560.00,0.00,187560.00,0,18756,180.00,0.00,180.00,0,18,0.00,0.00,0,0
1432849910,s0,0.00,0.00,0.00,0,0,0.00,0.00,0.00,0,0,0.00,0.00,0,0
1432849910,eth0,0.00,0.00,0.00,0,0,0.00,0.00,0.00,0,0,0.00,0.00,0,0
1432849910,lo,0.00,0.00,0.00,0,0,0.00,0.00,0.00,0,0,0.00,0.00,0,0
1432849910,s1,0.00,0.00,0.00,0,0,0.00,0.00,0.00,0,0,0.00,0.00,0,0
1432849910,s0-eth1,187560.00,0.00,187560.00,0,18756,180.00,0.00,180.00,0,18,0.00,0.00,0,0
1432849910,s0-eth2,0.00,15140.00,15140.00,1514,0,0.00,10.00,10.00,1,0,0.00,0.00,0,0
1432849910,s0-eth3,0.00,1875600.00,1875600.00,187560,0,0.00,1800.00,1800.00,180,0,0.00,0.00,0,0
1432849910,total,375120.00,2078300.00,2453420.00,207830,37512,360.00,1990.00,2350.00,199,36,0.00,0.00,0,0
1432849910,s1-eth1,0.00,187560.00,187560.00,18756,0,0.00,180.00,180.00,18,0,0.00,0.00,0,0
1432849910,s1-eth2,0.00,0.00,0.00,0,0,0.00,0.00,0.00,0,0,0.00,0.00,0,0
1432849910,s1-eth3,187560.00,0.00,187560.00,0,18756,180.00,0.00,180.00,0,18,0.00,0.00,0,0
1432849910,s0,0.00,0.00,0.00,0,0,0.00,0.00,0.00,0,0,0.00,0.00,0,0
1432849910,eth0,0.00,0.00,0.00,0,0,0.00,0.00,0.00,0,0,0.00,0.00,0,0
1432849910,lo,0.00,0.00,0.00,0,0,0.00,0.00,0.00,0,0,0.00,0.00,0,0
1432849910,s1,0.00,0.00,0.00,0,0,0.00,0.00,0.00,0,0,0.00,0.00,0,0
1432849910,s0-eth1,187560.00,0.00,187560.00,0,18756,180.00,0.00,180.00,0,18,0.00,0.00,0,0
1432849910,s0-eth2,0.00,0.00,0.00,0,0,0.00,0.00,0.00,0,0,0.00,0.00,0,0
1432849910,s0-eth3,0.00,1886020.00,1886020.00,188602,0,0.00,1810.00,1810.00,181,0,0.00,0.00,0,0
1432849910,total,375120.00,2073580.00,2448700.00,207358,37512,360.00,1990.00,2350.00,199,36,0.00,0.00,0,0
1432849910,s1-eth1,0.00,187560.00,187560.00,18756,0,0.00,180.00,180.00,18,0,0.00,0.00,0,0
1432849910,s1-eth2,0.00,0.00,0.00,0,0,0.00,0.00,0.00,0,0,0.00,0.00,0,0
1432849910,s1-eth3,187560.00,0.00,187560.00,0,18756,180.00,0.00,180.00,0,18,0.00,0.00,0,0
1432849910,s0,0.00,0.00,0.00,0,0,0.00,0.00,0.00,0,0,0.00,0.00,0,0
1432849910,eth0,0.00,0.00,0.00,0,0,0.00,0.00,0.00,0,0,0.00,0.00,0,0
1432849910,lo,0.00,0.00,0.00,0,0,0.00,0.00,0.00,0,0,0.00,0.00,0,0
1432849910,s1,0.00,0.00,0.00,0,0,0.00,0.00,0.00,0,0,0.00,0.00,0,0
1432849910,s0-eth1,187560.00,0.00,187560.00,0,18756,180.00,0.00,180.00,0,18,0.00,0.00,0,0
1432849910,s0-eth2,0.00,0.00,0.00,0,0,0.00,0.00,0.00,0,0,0.00,0.00,0,0
1432849910,s0-eth3,0.00,1875600.00,1875600.00,187560,0,0.00,1800.00,1800.00,180,0,0.00,0.00,0,0
1432849910,total,375120.00,2063160.00,2438280.00,206316,37512,360.00,1980.00,2340.00,198,36,0.00,0.00,0,0
1432849911,s1-eth1,0.00,185702.98,185702.98,18756,0,0.00,178.22,178.22,18,0,0.00,0.00,0,0
1432849911,s1-eth2,0.00,0.00,0.00,0,0,0.00,0.00,0.00,0,0,0.00,0.00,0,0
1432849911,s1-eth3,185702.98,0.00,185702.98,0,18756,178.22,0.00,178.22,0,18,0.00,0.00,0,0
1432849911,s0,0.00,0.00,0.00,0,0,0.00,0.00,0.00,0,0,0.00,0.00,0,0
1432849911,eth0,0.00,0.00,0.00,0,0,0.00,0.00,0.00,0,0,0.00,0.00,0,0
1432849911,lo,0.00,0.00,0.00,0,0,0.00,0.00,0.00,0,0,0.00,0.00,0,0
1432849911,s1,0.00,0.00,0.00,0,0,0.00,0.00,0.00,0,0,0.00,0.00,0,0
1432849911,s0-eth1,185702.98,0.00,185702.98,0,18756,178.22,0.00,178.22,0,18,0.00,0.00,0,0
1432849911,s0-eth2,0.00,14990.10,14990.10,1514,0,0.00,9.90,9.90,1,0,0.00,0.00,0,0
1432849911,s0-eth3,0.00,1176118.88,1176118.88,118788,0,0.00,1128.71,1128.71,114,0,0.00,0.00,0,0
1432849911,total,371405.97,1376811.88,1748217.88,139058,37512,356.44,1316.83,1673.27,133,36,0.00,0.00,0,0
1432849911,s1-eth1,0.00,177140.00,177140.00,17714,0,0.00,170.00,170.00,17,0,0.00,0.00,0,0
1432849911,s1-eth2,0.00,0.00,0.00,0,0,0.00,0.00,0.00,0,0,0.00,0.00,0,0
1432849911,s1-eth3,187560.00,0.00,187560.00,0,18756,180.00,0.00,180.00,0,18,0.00,0.00,0,0
1432849911,s0,0.00,0.00,0.00,0,0,0.00,0.00,0.00,0,0,0.00,0.00,0,0
1432849911,eth0,0.00,0.00,0.00,0,0,0.00,0.00,0.00,0,0,0.00,0.00,0,0
1432849911,lo,0.00,0.00,0.00,0,0,0.00,0.00,0.00,0,0,0.00,0.00,0,0
1432849911,s1,0.00,0.00,0.00,0,0,0.00,0.00,0.00,0,0,0.00,0.00,0,0
1432849911,s0-eth1,177140.00,0.00,177140.00,0,17714,170.00,0.00,170.00,0,17,0.00,0.00,0,0
1432849911,s0-eth2,0.00,0.00,0.00,0,0,0.00,0.00,0.00,0,0,0.00,0.00,0,0
1432849911,s0-eth3,0.00,0.00,0.00,0,0,0.00,0.00,0.00,0,0,0.00,0.00,0,0
1432849911,total,364700.00,177140.00,541840.00,17714,36470,350.00,170.00,520.00,17,35,0.00,0.00,0,0
1432849911,s1-eth1,0.00,0.00,0.00,0,0,0.00,0.00,0.00,0,0,0.00,0.00,0,0
1432849911,s1-eth2,0.00,0.00,0.00,0,0,0.00,0.00,0.00,0,0,0.00,0.00,0,0
1432849911,s1-eth3,0.00,0.00,0.00,0,0,0.00,0.00,0.00,0,0,0.00,0.00,0,0
1432849911,s0,0.00,0.00,0.00,0,0,0.00,0.00,0.00,0,0,0.00,0.00,0,0
1432849911,eth0,0.00,0.00,0.00,0,0,0.00,0.00,0.00,0,0,0.00,0.00,0,0
1432849911,lo,3440.00,3440.00,6880.00,344,344,60.00,60.00,120.00,6,6,0.00,0.00,0,0
1432849911,s1,0.00,0.00,0.00,0,0,0.00,0.00,0.00,0,0,0.00,0.00,0,0
1432849911,s0-eth1,0.00,0.00,0.00,0,0,0.00,0.00,0.00,0,0,0.00,0.00,0,0
1432849911,s0-eth2,0.00,0.00,0.00,0,0,0.00,0.00,0.00,0,0,0.00,0.00,0,0
1432849911,s0-eth3,0.00,0.00,0.00,0,0,0.00,0.00,0.00,0,0,0.00,0.00,0,0
1432849911,total,3440.00,3440.00,6880.00,344,344,60.00,60.00,120.00,6,6,0.00,0.00,0,0
1432849911,s1-eth1,0.00,0.00,0.00,0,0,0.00,0.00,0.00,0,0,0.00,0.00,0,0
1432849911,s1-eth2,0.00,0.00,0.00,0,0,0.00,0.00,0.00,0,0,0.00,0.00,0,0
1432849911,s1-eth3,0.00,0.00,0.00,0,0,0.00,0.00,0.00,0,0,0.00,0.00,0,0
1432849911,s0,0.00,0.00,0.00,0,0,0.00,0.00,0.00,0,0,0.00,0.00,0,0
1432849911,eth0,0.00,0.00,0.00,0,0,0.00,0.00,0.00,0,0,0.00,0.00,0,0
1432849911,lo,0.00,0.00,0.00,0,0,0.00,0.00,0.00,0,0,0.00,0.00,0,0
1432849911,s1,0.00,0.00,0.00,0,0,0.00,0.00,0.00,0,0,0.00,0.00,0,0
1432849911,s0-eth1,0.00,0.00,0.00,0,0,0.00,0.00,0.00,0,0,0.00,0.00,0,0
1432849911,s0-eth2,0.00,0.00,0.00,0,0,0.00,0.00,0.00,0,0,0.00,0.00,0,0
1432849911,s0-eth3,0.00,0.00,0.00,0,0,0.00,0.00,0.00,0,0,0.00,0.00,0,0
1432849911,total,0.00,0.00,0.00,0,0,0.00,0.00,0.00,0,0,0.00,0.00,0,0
1432849911,s1-eth1,3000.00,75700.00,78700.00,7570,300,40.00,50.00,90.00,5,4,0.00,0.00,0,0
1432849911,s1-eth2,75700.00,3780.00,79480.00,378,7570,50.00,50.00,100.00,5,5,0.00,0.00,0,0
1432849911,s1-eth3,0.00,0.00,0.00,0,0,0.00,0.00,0.00,0,0,0.00,0.00,0,0
1432849911,s0,0.00,0.00,0.00,0,0,0.00,0.00,0.00,0,0,0.00,0.00,0,0
1432849911,eth0,0.00,0.00,0.00,0,0,0.00,0.00,0.00,0,0,0.00,0.00,0,0
1432849911,lo,0.00,0.00,0.00,0,0,0.00,0.00,0.00,0,0,0.00,0.00,0,0
1432849911,s1,0.00,0.00,0.00,0,0,0.00,0.00,0.00,0,0,0.00,0.00,0,0
1432849911,s0-eth1,75700.00,3000.00,78700.00,300,7570,50.00,40.00,90.00,4,5,0.00,0.00,0,0
1432849911,s0-eth2,2220.00,75700.00,77920.00,7570,222,30.00,50.00,80.00,5,3,0.00,0.00,0,0
1432849911,s0-eth3,0.00,0.00,0.00,0,0,0.00,0.00,0.00,0,0,0.00,0.00,0,0
1432849911,total,156620.00,158180.00,314800.00,15818,15662,170.00,190.00,360.00,19,17,0.00,0.00,0,0
1432849911,s1-eth1,9300.00,196160.00,205460.00,19616,930,130.00,120.00,250.00,12,13,0.00,0.00,0,0
1432849911,s1-eth2,196160.00,8520.00,204680.00,852,19616,120.00,120.00,240.00,12,12,0.00,0.00,0,0
1432849911,s1-eth3,0.00,0.00,0.00,0,0,0.00,0.00,0.00,0,0,0.00,0.00,0,0
1432849911,s0,0.00,0.00,0.00,0,0,0.00,0.00,0.00,0,0,0.00,0.00,0,0
1432849911,eth0,0.00,0.00,0.00,0,0,0.00,0.00,0.00,0,0,0.00,0.00,0,0
1432849911,lo,0.00,0.00,0.00,0,0,0.00,0.00,0.00,0,0,0.00,0.00,0,0
1432849911,s1,0.00,0.00,0.00,0,0,0.00,0.00,0.00,0,0,0.00,0.00,0,0
1432849911,s0-eth1,196160.00,9300.00,205460.00,930,19616,120.00,130.00,250.00,13,12,0.00,0.00,0,0
1432849911,s0-eth2,9420.00,255400.00,264820.00,25540,942,130.00,140.00,270.00,14,13,0.00,0.00,0,0
1432849911,s0-eth3,0.00,0.00,0.00,0,0,0.00,0.00,0.00,0,0,0.00,0.00,0,0
1432849911,total,411040.00,469380.00,880420.00,46938,41104,500.00,510.00,1010.00,51,50,0.00,0.00,0,0
1432849911,s1-eth1,1980.00,172220.00,174200.00,17222,198,30.00,110.00,140.00,11,3,0.00,0.00,0,0
1432849911,s1-eth2,88860.00,1980.00,90840.00,198,8886,30.00,30.00,60.00,3,3,0.00,0.00,0,0
1432849911,s1-eth3,83360.00,0.00,83360.00,0,8336,80.00,0.00,80.00,0,8,0.00,0.00,0,0
1432849911,s0,0.00,0.00,0.00,0,0,0.00,0.00,0.00,0,0,0.00,0.00,0,0
1432849911,eth0,0.00,0.00,0.00,0,0,0.00,0.00,0.00,0,0,0.00,0.00,0,0
1432849911,lo,0.00,0.00,0.00,0,0,0.00,0.00,0.00,0,0,0.00,0.00,0,0
1432849911,s1,0.00,0.00,0.00,0,0,0.00,0.00,0.00,0,0,0.00,0.00,0,0
1432849911,s0-eth1,172220.00,1980.00,174200.00,198,17222,110.00,30.00,140.00,3,11,0.00,0.00,0,0
1432849911,s0-eth2,2640.00,118480.00,121120.00,11848,264,40.00,40.00,80.00,4,4,0.00,0.00,0,0
1432849911,s0-eth3,0.00,1719300.00,1719300.00,171930,0,0.00,1650.00,1650.00,165,0,0.00,0.00,0,0
1432849911,total,349060.00,2013960.00,2363020.00,201396,34906,290.00,1860.00,2150.00,186,29,0.00,0.00,0,0
1432849911,s1-eth1,660.00,185920.00,186580.00,18592,66,10.00,160.00,170.00,16,1,0.00,0.00,0,0
1432849911,s1-eth2,29620.00,660.00,30280.00,66,2962,10.00,10.00,20.00,1,1,0.00,0.00,0,0
1432849911,s1-eth3,156300.00,0.00,156300.00,0,15630,150.00,0.00,150.00,0,15,0.00,0.00,0,0
1432849911,s0,0.00,0.00,0.00,0,0,0.00,0.00,0.00,0,0,0.00,0.00,0,0
1432849911,eth0,0.00,0.00,0.00,0,0,0.00,0.00,0.00,0,0,0.00,0.00,0,0
1432849911,lo,0.00,0.00,0.00,0,0,0.00,0.00,0.00,0,0,0.00,0.00,0,0
1432849911,s1,0.00,0.00,0.00,0,0,0.00,0.00,0.00,0,0,0.00,0.00,0,0
1432849911,s0-eth1,185920.00,660.00,186580.00,66,18592,160.00,10.00,170.00,1,16,0.00,0.00,0,0
1432849911,s0-eth2,660.00,44760.00,45420.00,4476,66,10.00,20.00,30.00,2,1,0.00,0.00,0,0
1432849911,s0-eth3,0.00,1886020.00,1886020.00,188602,0,0.00,1810.00,1810.00,181,0,0.00,0.00,0,0
1432849911,total,373160.00,2118020.00,2491180.00,211802,37316,340.00,2010.00,2350.00,201,34,0.00,0.00,0,0
1432849911,s1-eth1,0.00,187560.00,187560.00,18756,0,0.00,180.00,180.00,18,0,0.00,0.00,0,0
1432849911,s1-eth2,0.00,0.00,0.00,0,0,0.00,0.00,0.00,0,0,0.00,0.00,0,0
1432849911,s1-eth3,187560.00,0.00,187560.00,0,18756,180.00,0.00,180.00,0,18,0.00,0.00,0,0
1432849911,s0,0.00,0.00,0.00,0,0,0.00,0.00,0.00,0,0,0.00,0.00,0,0
1432849911,eth0,0.00,0.00,0.00,0,0,0.00,0.00,0.00,0,0,0.00,0.00,0,0
1432849911,lo,0.00,0.00,0.00,0,0,0.00,0.00,0.00,0,0,0.00,0.00,0,0
1432849911,s1,0.00,0.00,0.00,0,0,0.00,0.00,0.00,0,0,0.00,0.00,0,0
1432849911,s0-eth1,187560.00,0.00,187560.00,0,18756,180.00,0.00,180.00,0,18,0.00,0.00,0,0
1432849911,s0-eth2,0.00,15140.00,15140.00,1514,0,0.00,10.00,10.00,1,0,0.00,0.00,0,0
1432849911,s0-eth3,0.00,1875600.00,1875600.00,187560,0,0.00,1800.00,1800.00,180,0,0.00,0.00,0,0
1432849911,total,375120.00,2078300.00,2453420.00,207830,37512,360.00,1990.00,2350.00,199,36,0.00,0.00,0,0
1432849911,s1-eth1,0.00,187560.00,187560.00,18756,0,0.00,180.00,180.00,18,0,0.00,0.00,0,0
1432849911,s1-eth2,0.00,0.00,0.00,0,0,0.00,0.00,0.00,0,0,0.00,0.00,0,0
1432849911,s1-eth3,187560.00,0.00,187560.00,0,18756,180.00,0.00,180.00,0,18,0.00,0.00,0,0
1432849911,s0,0.00,0.00,0.00,0,0,0.00,0.00,0.00,0,0,0.00,0.00,0,0
1432849911,eth0,0.00,0.00,0.00,0,0,0.00,0.00,0.00,0,0,0.00,0.00,0,0
1432849911,lo,0.00,0.00,0.00,0,0,0.00,0.00,0.00,0,0,0.00,0.00,0,0
1432849911,s1,0.00,0.00,0.00,0,0,0.00,0.00,0.00,0,0,0.00,0.00,0,0
1432849911,s0-eth1,187560.00,0.00,187560.00,0,18756,180.00,0.00,180.00,0,18,0.00,0.00,0,0
1432849911,s0-eth2,0.00,0.00,0.00,0,0,0.00,0.00,0.00,0,0,0.00,0.00,0,0
1432849911,s0-eth3,0.00,1886020.00,1886020.00,188602,0,0.00,1810.00,1810.00,181,0,0.00,0.00,0,0
1432849911,total,375120.00,2073580.00,2448700.00,207358,37512,360.00,1990.00,2350.00,199,36,0.00,0.00,0,0
1432849912,s1-eth1,772.28,190376.25,191148.52,19228,78,9.90,178.22,188.12,18,1,0.00,0.00,0,0
1432849912,s1-eth2,14990.10,772.28,15762.38,78,1514,9.90,9.90,19.80,1,1,0.00,0.00,0,0
1432849912,s1-eth3,175386.14,0.00,175386.14,0,17714,168.32,0.00,168.32,0,17,0.00,0.00,0,0
1432849912,s0,0.00,0.00,0.00,0,0,0.00,0.00,0.00,0,0,0.00,0.00,0,0
1432849912,eth0,0.00,0.00,0.00,0,0,0.00,0.00,0.00,0,0,0.00,0.00,0,0
1432849912,lo,0.00,0.00,0.00,0,0,0.00,0.00,0.00,0,0,0.00,0.00,0,0
1432849912,s1,0.00,0.00,0.00,0,0,0.00,0.00,0.00,0,0,0.00,0.00,0,0
1432849912,s0-eth1,190376.25,772.28,191148.52,78,19228,178.22,9.90,188.12,1,18,0.00,0.00,0,0
1432849912,s0-eth2,772.28,14990.10,15762.38,1514,78,9.90,9.90,19.80,1,1,0.00,0.00,0,0
1432849912,s0-eth3,0.00,1857029.75,1857029.75,187560,0,0.00,1782.18,1782.18,180,0,0.00,0.00,0,0
1432849912,total,382297.03,2063940.62,2446237.75,208458,38612,376.24,1990.10,2366.34,201,38,0.00,0.00,0,0
1432849912,s1-eth1,0.00,187560.00,187560.00,18756,0,0.00,180.00,180.00,18,0,0.00,0.00,0,0
1432849912,s1-eth2,0.00,0.00,0.00,0,0,0.00,0.00,0.00,0,0,0.00,0.00,0,0
1432849912,s1-eth3,187560.00,0.00,187560.00,0,18756,180.00,0.00,180.00,0,18,0.00,0.00,0,0
1432849912,s0,0.00,0.00,0.00,0,0,0.00,0.00,0.00,0,0,0.00,0.00,0,0
1432849912,eth0,0.00,0.00,0.00,0,0,0.00,0.00,0.00,0,0,0.00,0.00,0,0
1432849912,lo,0.00,0.00,0.00,0,0,0.00,0.00,0.00,0,0,0.00,0.00,0,0
1432849912,s1,0.00,0.00,0.00,0,0,0.00,0.00,0.00,0,0,0.00,0.00,0,0
1432849912,s0-eth1,187560.00,0.00,187560.00,0,18756,180.00,0.00,180.00,0,18,0.00,0.00,0,0
1432849912,s0-eth2,0.00,0.00,0.00,0,0,0.00,0.00,0.00,0,0,0.00,0.00,0,0
1432849912,s0-eth3,0.00,1719300.00,1719300.00,171930,0,0.00,1650.00,1650.00,165,0,0.00,0.00,0,0
1432849912,total,375120.00,1906860.00,2281980.00,190686,37512,360.00,1830.00,2190.00,183,36,0.00,0.00,0,0
1432849912,s1-eth1,0.00,187560.00,187560.00,18756,0,0.00,180.00,180.00,18,0,0.00,0.00,0,0
1432849912,s1-eth2,0.00,0.00,0.00,0,0,0.00,0.00,0.00,0,0,0.00,0.00,0,0
1432849912,s1-eth3,187560.00,0.00,187560.00,0,18756,180.00,0.00,180.00,0,18,0.00,0.00,0,0
1432849912,s0,0.00,0.00,0.00,0,0,0.00,0.00,0.00,0,0,0.00,0.00,0,0
1432849912,eth0,0.00,0.00,0.00,0,0,0.00,0.00,0.00,0,0,0.00,0.00,0,0
1432849912,lo,0.00,0.00,0.00,0,0,0.00,0.00,0.00,0,0,0.00,0.00,0,0
1432849912,s1,0.00,0.00,0.00,0,0,0.00,0.00,0.00,0,0,0.00,0.00,0,0
1432849912,s0-eth1,187560.00,0.00,187560.00,0,18756,180.00,0.00,180.00,0,18,0.00,0.00,0,0
1432849912,s0-eth2,0.00,15140.00,15140.00,1514,0,0.00,10.00,10.00,1,0,0.00,0.00,0,0
1432849912,s0-eth3,0.00,0.00,0.00,0,0,0.00,0.00,0.00,0,0,0.00,0.00,0,0
1432849912,total,375120.00,202700.00,577820.00,20270,37512,360.00,190.00,550.00,19,36,0.00,0.00,0,0
1432849912,s1-eth1,5880.00,188360.00,194240.00,18836,588,80.00,140.00,220.00,14,8,0.00,0.00,0,0
1432849912,s1-eth2,136260.00,6540.00,142800.00,654,13626,90.00,90.00,180.00,9,9,0.00,0.00,0,0
1432849912,s1-eth3,52100.00,0.00,52100.00,0,5210,50.00,0.00,50.00,0,5,0.00,0.00,0,0
1432849912,s0,0.00,0.00,0.00,0,0,0.00,0.00,0.00,0,0,0.00,0.00,0,0
1432849912,eth0,0.00,0.00,0.00,0,0,0.00,0.00,0.00,0,0,0.00,0.00,0,0
1432849912,lo,0.00,0.00,0.00,0,0,0.00,0.00,0.00,0,0,0.00,0.00,0,0
1432849912,s1,0.00,0.00,0.00,0,0,0.00,0.00,0.00,0,0,0.00,0.00,0,0
1432849912,s0-eth1,188360.00,5880.00,194240.00,588,18836,140.00,80.00,220.00,8,14,0.00,0.00,0,0
1432849912,s0-eth2,5880.00,180360.00,186240.00,18036,588,80.00,100.00,180.00,10,8,0.00,0.00,0,0
1432849912,s0-eth3,0.00,0.00,0.00,0,0,0.00,0.00,0.00,0,0,0.00,0.00,0,0
1432849912,total,388480.00,381140.00,769620.00,38114,38848,440.00,410.00,850.00,41,44,0.00,0.00,0,0
1432849912,s1-eth1,4620.00,207340.00,211960.00,20734,462,70.00,70.00,140.00,7,7,0.00,0.00,0,0
1432849912,s1-eth2,177720.00,3960.00,181680.00,396,17772,60.00,60.00,120.00,6,6,0.00,0.00,0,0
1432849912,s1-eth3,0.00,0.00,0.00,0,0,0.00,0.00,0.00,0,0,0.00,0.00,0,0
1432849912,s0,0.00,0.00,0.00,0,0,0.00,0.00,0.00,0,0,0.00,0.00,0,0
1432849912,eth0,0.00,0.00,0.00,0,0,0.00,0.00,0.00,0,0,0.00,0.00,0,0
1432849912,lo,0.00,0.00,0.00,0,0,0.00,0.00,0.00,0,0,0.00,0.00,0,0
1432849912,s1,0.00,0.00,0.00,0,0,0.00,0.00,0.00,0,0,0.00,0.00,0,0
1432849912,s0-eth1,207340.00,4620.00,211960.00,462,20734,70.00,70.00,140.00,7,7,0.00,0.00,0,0
1432849912,s0-eth2,4620.00,207340.00,211960.00,20734,462,70.00,70.00,140.00,7,7,0.00,0.00,0,0
1432849912,s0-eth3,0.00,0.00,0.00,0,0,0.00,0.00,0.00,0,0,0.00,0.00,0,0
1432849912,total,394300.00,423260.00,817560.00,42326,39430,270.00,270.00,540.00,27,27,0.00,0.00,0,0
1432849912,s1-eth1,3960.00,177720.00,181680.00,17772,396,60.00,60.00,120.00,6,6,0.00,0.00,0,0
1432849912,s1-eth2,207340.00,4620.00,211960.00,462,20734,70.00,70.00,140.00,7,7,0.00,0.00,0,0
1432849912,s1-eth3,0.00,0.00,0.00,0,0,0.00,0.00,0.00,0,0,0.00,0.00,0,0
1432849912,s0,0.00,0.00,0.00,0,0,0.00,0.00,0.00,0,0,0.00,0.00,0,0
1432849912,eth0,0.00,0.00,0.00,0,0,0.00,0.00,0.00,0,0,0.00,0.00,0,0
1432849912,lo,0.00,0.00,0.00,0,0,0.00,0.00,0.00,0,0,0.00,0.00,0,0
1432849912,s1,0.00,0.00,0.00,0,0,0.00,0.00,0.00,0,0,0.00,0.00,0,0
1432849912,s0-eth1,177720.00,3960.00,181680.00,396,17772,60.00,60.00,120.00,6,6,0.00,0.00,0,0
1432849912,s0-eth2,3960.00,177720.00,181680.00,17772,396,60.00,60.00,120.00,6,6,0.00,0.00,0,0
1432849912,s0-eth3,0.00,0.00,0.00,0,0,0.00,0.00,0.00,0,0,0.00,0.00,0,0
1432849912,total,392980.00,364020.00,757000.00,36402,39298,250.00,250.00,500.00,25,25,0.00,0.00,0,0
1432849912,s1-eth1,4620.00,177720.00,182340.00,17772,462,70.00,60.00,130.00,6,7,0.00,0.00,0,0
1432849912,s1-eth2,177720.00,3960.00,181680.00,396,17772,60.00,60.00,120.00,6,6,0.00,0.00,0,0
1432849912,s1-eth3,0.00,0.00,0.00,0,0,0.00,0.00,0.00,0,0,0.00,0.00,0,0
1432849912,s0,0.00,0.00,0.00,0,0,0.00,0.00,0.00,0,0,0.00,0.00,0,0
1432849912,eth0,0.00,0.00,0.00,0,0,0.00,0.00,0.00,0,0,0.00,0.00,0,0
1432849912,lo,0.00,0.00,0.00,0,0,0.00,0.00,0.00,0,0,0.00,0.00,0,0
1432849912,s1,0.00,0.00,0.00,0,0,0.00,0.00,0.00,0,0,0.00,0.00,0,0
1432849912,s0-eth1,177720.00,4620.00,182340.00,462,17772,60.00,70.00,130.00,7,6,0.00,0.00,0,0
1432849912,s0-eth2,3960.00,177720.00,181680.00,17772,396,60.00,60.00,120.00,6,6,0.00,0.00,0,0
1432849912,s0-eth3,0.00,0.00,0.00,0,0,0.00,0.00,0.00,0,0,0.00,0.00,0,0
1432849912,total,364020.00,364020.00,728040.00,36402,36402,250.00,250.00,500.00,25,25,0.00,0.00,0,0
1432849912,s1-eth1,3960.00,177720.00,181680.00,17772,396,60.00,60.00,120.00,6,6,0.00,0.00,0,0
1432849912,s1-eth2,177720.00,3960.00,181680.00,396,17772,60.00,60.00,120.00,6,6,0.00,0.00,0,0
1432849912,s1-eth3,0.00,0.00,0.00,0,0,0.00,0.00,0.00,0,0,0.00,0.00,0,0
1432849912,s0,0.00,0.00,0.00,0,0,0.00,0.00,0.00,0,0,0.00,0.00,0,0
1432849912,eth0,0.00,0.00,0.00,0,0,0.00,0.00,0.00,0,0,0.00,0.00,0,0
1432849912,lo,0.00,0.00,0.00,0,0,0.00,0.00,0.00,0,0,0.00,0.00,0,0
1432849912,s1,0.00,0.00,0.00,0,0,0.00,0.00,0.00,0,0,0.00,0.00,0,0
1432849912,s0-eth1,177720.00,3960.00,181680.00,396,17772,60.00,60.00,120.00,6,6,0.00,0.00,0,0
1432849912,s0-eth2,4620.00,236960.00,241580.00,23696,462,70.00,80.00,150.00,8,7,0.00,0.00,0,0
1432849912,s0-eth3,0.00,1208720.00,1208720.00,120872,0,0.00,1160.00,1160.00,116,0,0.00,0.00,0,0
1432849912,total,364020.00,1631320.00,1995340.00,163132,36402,250.00,1420.00,1670.00,142,25,0.00,0.00,0,0
1432849912,s1-eth1,0.00,187560.00,187560.00,18756,0,0.00,180.00,180.00,18,0,0.00,0.00,0,0
1432849912,s1-eth2,0.00,0.00,0.00,0,0,0.00,0.00,0.00,0,0,0.00,0.00,0,0
1432849912,s1-eth3,177140.00,0.00,177140.00,0,17714,170.00,0.00,170.00,0,17,0.00,0.00,0,0
1432849912,s0,0.00,0.00,0.00,0,0,0.00,0.00,0.00,0,0,0.00,0.00,0,0
1432849912,eth0,0.00,0.00,0.00,0,0,0.00,0.00,0.00,0,0,0.00,0.00,0,0
1432849912,lo,0.00,0.00,0.00,0,0,0.00,0.00,0.00,0,0,0.00,0.00,0,0
1432849912,s1,0.00,0.00,0.00,0,0,0.00,0.00,0.00,0,0,0.00,0.00,0,0
1432849912,s0-eth1,187560.00,0.00,187560.00,0,18756,180.00,0.00,180.00,0,18,0.00,0.00,0,0
1432849912,s0-eth2,0.00,0.00,0.00,0,0,0.00,0.00,0.00,0,0,0.00,0.00,0,0
1432849912,s0-eth3,0.00,1886020.00,1886020.00,188602,0,0.00,1810.00,1810.00,181,0,0.00,0.00,0,0
1432849912,total,364700.00,2073580.00,2438280.00,207358,36470,350.00,1990.00,2340.00,199,35,0.00,0.00,0,0
1432849912,s1-eth1,0.00,187560.00,187560.00,18756,0,0.00,180.00,180.00,18,0,0.00,0.00,0,0
1432849912,s1-eth2,0.00,0.00,0.00,0,0,0.00,0.00,0.00,0,0,0.00,0.00,0,0
1432849912,s1-eth3,187560.00,0.00,187560.00,0,18756,180.00,0.00,180.00,0,18,0.00,0.00,0,0
1432849912,s0,0.00,0.00,0.00,0,0,0.00,0.00,0.00,0,0,0.00,0.00,0,0
1432849912,eth0,0.00,0.00,0.00,0,0,0.00,0.00,0.00,0,0,0.00,0.00,0,0
1432849912,lo,0.00,0.00,0.00,0,0,0.00,0.00,0.00,0,0,0.00,0.00,0,0
1432849912,s1,0.00,0.00,0.00,0,0,0.00,0.00,0.00,0,0,0.00,0.00,0,0
1432849912,s0-eth1,187560.00,0.00,187560.00,0,18756,180.00,0.00,180.00,0,18,0.00,0.00,0,0
1432849912,s0-eth2,0.00,15140.00,15140.00,1514,0,0.00,10.00,10.00,1,0,0.00,0.00,0,0
1432849912,s0-eth3,0.00,1875600.00,1875600.00,187560,0,0.00,1800.00,1800.00,180,0,0.00,0.00,0,0
1432849912,total,375120.00,2078300.00,2453420.00,207830,37512,360.00,1990.00,2350.00,199,36,0.00,0.00,0,0
1432849913,s1-eth1,0.00,185702.98,185702.98,18756,0,0.00,178.22,178.22,18,0,0.00,0.00,0,0
1432849913,s1-eth2,0.00,0.00,0.00,0,0,0.00,0.00,0.00,0,0,0.00,0.00,0,0
1432849913,s1-eth3,185702.98,0.00,185702.98,0,18756,178.22,0.00,178.22,0,18,0.00,0.00,0,0
1432849913,s0,0.00,0.00,0.00,0,0,0.00,0.00,0.00,0,0,0.00,0.00,0,0
1432849913,eth0,0.00,0.00,0.00,0,0,0.00,0.00,0.00,0,0,0.00,0.00,0,0
1432849913,lo,0.00,0.00,0.00,0,0,0.00,0.00,0.00,0,0,0.00,0.00,0,0
1432849913,s1,0.00,0.00,0.00,0,0,0.00,0.00,0.00,0,0,0.00,0.00,0,0
1432849913,s0-eth1,185702.98,0.00,185702.98,0,18756,178.22,0.00,178.22,0,18,0.00,0.00,0,0
1432849913,s0-eth2,0.00,14990.10,14990.10,1514,0,0.00,9.90,9.90,1,0,0.00,0.00,0,0
1432849913,s0-eth3,0.00,1867346.62,1867346.62,188602,0,0.00,1792.08,1792.08,181,0,0.00,0.00,0,0
1432849913,total,371405.97,2068039.62,2439445.75,208872,37512,356.44,1980.20,2336.63,200,36,0.00,0.00,0,0
1432849913,s1-eth1,0.00,187560.00,187560.00,18756,0,0.00,180.00,180.00,18,0,0.00,0.00,0,0
1432849913,s1-eth2,0.00,0.00,0.00,0,0,0.00,0.00,0.00,0,0,0.00,0.00,0,0
1432849913,s1-eth3,187560.00,0.00,187560.00,0,18756,180.00,0.00,180.00,0,18,0.00,0.00,0,0
1432849913,s0,0.00,0.00,0.00,0,0,0.00,0.00,0.00,0,0,0.00,0.00,0,0
1432849913,eth0,0.00,0.00,0.00,0,0,0.00,0.00,0.00,0,0,0.00,0.00,0,0
1432849913,lo,0.00,0.00,0.00,0,0,0.00,0.00,0.00,0,0,0.00,0.00,0,0
1432849913,s1,0.00,0.00,0.00,0,0,0.00,0.00,0.00,0,0,0.00,0.00,0,0
1432849913,s0-eth1,187560.00,0.00,187560.00,0,18756,180.00,0.00,180.00,0,18,0.00,0.00,0,0
1432849913,s0-eth2,0.00,0.00,0.00,0,0,0.00,0.00,0.00,0,0,0.00,0.00,0,0
1432849913,s0-eth3,0.00,1875600.00,1875600.00,187560,0,0.00,1800.00,1800.00,180,0,0.00,0.00,0,0
1432849913,total,375120.00,2063160.00,2438280.00,206316,37512,360.00,1980.00,2340.00,198,36,0.00,0.00,0,0
1432849913,s1-eth1,0.00,187560.00,187560.00,18756,0,0.00,180.00,180.00,18,0,0.00,0.00,0,0
1432849913,s1-eth2,0.00,0.00,0.00,0,0,0.00,0.00,0.00,0,0,0.00,0.00,0,0
1432849913,s1-eth3,187560.00,0.00,187560.00,0,18756,180.00,0.00,180.00,0,18,0.00,0.00,0,0
1432849913,s0,0.00,0.00,0.00,0,0,0.00,0.00,0.00,0,0,0.00,0.00,0,0
1432849913,eth0,0.00,0.00,0.00,0,0,0.00,0.00,0.00,0,0,0.00,0.00,0,0
1432849913,lo,0.00,0.00,0.00,0,0,0.00,0.00,0.00,0,0,0.00,0.00,0,0
1432849913,s1,0.00,0.00,0.00,0,0,0.00,0.00,0.00,0,0,0.00,0.00,0,0
1432849913,s0-eth1,187560.00,0.00,187560.00,0,18756,180.00,0.00,180.00,0,18,0.00,0.00,0,0
1432849913,s0-eth2,0.00,15140.00,15140.00,1514,0,0.00,10.00,10.00,1,0,0.00,0.00,0,0
1432849913,s0-eth3,0.00,1875600.00,1875600.00,187560,0,0.00,1800.00,1800.00,180,0,0.00,0.00,0,0
1432849913,total,375120.00,2078300.00,2453420.00,207830,37512,360.00,1990.00,2350.00,199,36,0.00,0.00,0,0
1432849913,s1-eth1,0.00,187560.00,187560.00,18756,0,0.00,180.00,180.00,18,0,0.00,0.00,0,0
1432849913,s1-eth2,0.00,0.00,0.00,0,0,0.00,0.00,0.00,0,0,0.00,0.00,0,0
1432849913,s1-eth3,197980.00,0.00,197980.00,0,19798,190.00,0.00,190.00,0,19,0.00,0.00,0,0
1432849913,s0,0.00,0.00,0.00,0,0,0.00,0.00,0.00,0,0,0.00,0.00,0,0
1432849913,eth0,0.00,0.00,0.00,0,0,0.00,0.00,0.00,0,0,0.00,0.00,0,0
1432849913,lo,0.00,0.00,0.00,0,0,0.00,0.00,0.00,0,0,0.00,0.00,0,0
1432849913,s1,0.00,0.00,0.00,0,0,0.00,0.00,0.00,0,0,0.00,0.00,0,0
1432849913,s0-eth1,187560.00,0.00,187560.00,0,18756,180.00,0.00,180.00,0,18,0.00,0.00,0,0
1432849913,s0-eth2,0.00,0.00,0.00,0,0,0.00,0.00,0.00,0,0,0.00,0.00,0,0
1432849913,s0-eth3,0.00,354280.00,354280.00,35428,0,0.00,340.00,340.00,34,0,0.00,0.00,0,0
1432849913,total,385540.00,541840.00,927380.00,54184,38554,370.00,520.00,890.00,52,37,0.00,0.00,0,0
1432849913,s1-eth1,0.00,93780.00,93780.00,9378,0,0.00,90.00,90.00,9,0,0.00,0.00,0,0
1432849913,s1-eth2,0.00,0.00,0.00,0,0,0.00,0.00,0.00,0,0,0.00,0.00,0,0
1432849913,s1-eth3,93780.00,0.00,93780.00,0,9378,90.00,0.00,90.00,0,9,0.00,0.00,0,0
1432849913,s0,0.00,0.00,0.00,0,0,0.00,0.00,0.00,0,0,0.00,0.00,0,0
1432849913,eth0,0.00,0.00,0.00,0,0,0.00,0.00,0.00,0,0,0.00,0.00,0,0
1432849913,lo,0.00,0.00,0.00,0,0,0.00,0.00,0.00,0,0,0.00,0.00,0,0
1432849913,s1,0.00,0.00,0.00,0,0,0.00,0.00,0.00,0,0,0.00,0.00,0,0
1432849913,s0-eth1,93780.00,0.00,93780.00,0,9378,90.00,0.00,90.00,0,9,0.00,0.00,0,0
1432849913,s0-eth2,0.00,0.00,0.00,0,0,0.00,0.00,0.00,0,0,0.00,0.00,0,0
1432849913,s0-eth3,0.00,0.00,0.00,0,0,0.00,0.00,0.00,0,0,0.00,0.00,0,0
1432849913,total,187560.00,93780.00,281340.00,9378,18756,180.00,90.00,270.00,9,18,0.00,0.00,0,0
1432849913,s1-eth1,0.00,0.00,0.00,0,0,0.00,0.00,0.00,0,0,0.00,0.00,0,0
1432849913,s1-eth2,0.00,0.00,0.00,0,0,0.00,0.00,0.00,0,0,0.00,0.00,0,0
1432849913,s1-eth3,0.00,0.00,0.00,0,0,0.00,0.00,0.00,0,0,0.00,0.00,0,0
1432849913,s0,0.00,0.00,0.00,0,0,0.00,0.00,0.00,0,0,0.00,0.00,0,0
1432849913,eth0,0.00,0.00,0.00,0,0,0.00,0.00,0.00,0,0,0.00,0.00,0,0
1432849913,lo,0.00,0.00,0.00,0,0,0.00,0.00,0.00,0,0,0.00,0.00,0,0
1432849913,s1,0.00,0.00,0.00,0,0,0.00,0.00,0.00,0,0,0.00,0.00,0,0
1432849913,s0-eth1,0.00,0.00,0.00,0,0,0.00,0.00,0.00,0,0,0.00,0.00,0,0
1432849913,s0-eth2,0.00,0.00,0.00,0,0,0.00,0.00,0.00,0,0,0.00,0.00,0,0
1432849913,s0-eth3,0.00,0.00,0.00,0,0,0.00,0.00,0.00,0,0,0.00,0.00,0,0
1432849913,total,0.00,0.00,0.00,0,0,0.00,0.00,0.00,0,0,0.00,0.00,0,0
1432849913,s1-eth1,3780.00,90840.00,94620.00,9084,378,50.00,60.00,110.00,6,5,0.00,0.00,0,0
1432849913,s1-eth2,90840.00,4560.00,95400.00,456,9084,60.00,60.00,120.00,6,6,0.00,0.00,0,0
1432849913,s1-eth3,0.00,0.00,0.00,0,0,0.00,0.00,0.00,0,0,0.00,0.00,0,0
1432849913,s0,0.00,0.00,0.00,0,0,0.00,0.00,0.00,0,0,0.00,0.00,0,0
1432849913,eth0,0.00,0.00,0.00,0,0,0.00,0.00,0.00,0,0,0.00,0.00,0,0
1432849913,lo,0.00,0.00,0.00,0,0,0.00,0.00,0.00,0,0,0.00,0.00,0,0
1432849913,s1,0.00,0.00,0.00,0,0,0.00,0.00,0.00,0,0,0.00,0.00,0,0
1432849913,s0-eth1,90840.00,3780.00,94620.00,378,9084,60.00,50.00,110.00,5,6,0.00,0.00,0,0
1432849913,s0-eth2,3780.00,136260.00,140040.00,13626,378,50.00,90.00,140.00,9,5,0.00,0.00,0,0
1432849913,s0-eth3,0.00,0.00,0.00,0,0,0.00,0.00,0.00,0,0,0.00,0.00,0,0
1432849913,total,189240.00,235440.00,424680.00,23544,18924,220.00,260.00,480.00,26,22,0.00,0.00,0,0
1432849913,s1-eth1,8520.00,210640.00,219160.00,21064,852,120.00,120.00,240.00,12,12,0.00,0.00,0,0
1432849913,s1-eth2,181020.00,7740.00,188760.00,774,18102,110.00,110.00,220.00,11,11,0.00,0.00,0,0
1432849913,s1-eth3,0.00,0.00,0.00,0,0,0.00,0.00,0.00,0,0,0.00,0.00,0,0
1432849913,s0,0.00,0.00,0.00,0,0,0.00,0.00,0.00,0,0,0.00,0.00,0,0
1432849913,eth0,0.00,0.00,0.00,0,0,0.00,0.00,0.00,0,0,0.00,0.00,0,0
1432849913,lo,0.00,0.00,0.00,0,0,0.00,0.00,0.00,0,0,0.00,0.00,0,0
1432849913,s1,0.00,0.00,0.00,0,0,0.00,0.00,0.00,0,0,0.00,0.00,0,0
1432849913,s0-eth1,210640.00,8520.00,219160.00,852,21064,120.00,120.00,240.00,12,12,0.00,0.00,0,0
1432849913,s0-eth2,8520.00,224460.00,232980.00,22446,852,120.00,110.00,230.00,11,12,0.00,0.00,0,0
1432849913,s0-eth3,0.00,0.00,0.00,0,0,0.00,0.00,0.00,0,0,0.00,0.00,0,0
1432849913,total,408700.00,451360.00,860060.00,45136,40870,470.00,460.00,930.00,46,47,0.00,0.00,0,0
1432849913,s1-eth1,3960.00,177720.00,181680.00,17772,396,60.00,60.00,120.00,6,6,0.00,0.00,0,0
1432849913,s1-eth2,207340.00,4620.00,211960.00,462,20734,70.00,70.00,140.00,7,7,0.00,0.00,0,0
1432849913,s1-eth3,0.00,0.00,0.00,0,0,0.00,0.00,0.00,0,0,0.00,0.00,0,0
1432849913,s0,0.00,0.00,0.00,0,0,0.00,0.00,0.00,0,0,0.00,0.00,0,0
1432849913,eth0,0.00,0.00,0.00,0,0,0.00,0.00,0.00,0,0,0.00,0.00,0,0
1432849913,lo,0.00,0.00,0.00,0,0,0.00,0.00,0.00,0,0,0.00,0.00,0,0
1432849913,s1,0.00,0.00,0.00,0,0,0.00,0.00,0.00,0,0,0.00,0.00,0,0
1432849913,s0-eth1,177720.00,3960.00,181680.00,396,17772,60.00,60.00,120.00,6,6,0.00,0.00,0,0
1432849913,s0-eth2,3960.00,177720.00,181680.00,17772,396,60.00,60.00,120.00,6,6,0.00,0.00,0,0
1432849913,s0-eth3,0.00,677300.00,677300.00,67730,0,0.00,650.00,650.00,65,0,0.00,0.00,0,0
1432849913,total,392980.00,1041320.00,1434300.00,104132,39298,250.00,900.00,1150.00,90,25,0.00,0.00,0,0
1432849913,s1-eth1,660.00,166720.00,167380.00,16672,66,10.00,160.00,170.00,16,1,0.00,0.00,0,0
1432849913,s1-eth2,0.00,0.00,0.00,0,0,0.00,0.00,0.00,0,0,0.00,0.00,0,0
1432849913,s1-eth3,166720.00,0.00,166720.00,0,16672,160.00,0.00,160.00,0,16,0.00,0.00,0,0
1432849913,s0,0.00,0.00,0.00,0,0,0.00,0.00,0.00,0,0,0.00,0.00,0,0
1432849913,eth0,0.00,0.00,0.00,0,0,0.00,0.00,0.00,0,0,0.00,0.00,0,0
1432849913,lo,0.00,0.00,0.00,0,0,0.00,0.00,0.00,0,0,0.00,0.00,0,0
1432849913,s1,0.00,0.00,0.00,0,0,0.00,0.00,0.00,0,0,0.00,0.00,0,0
1432849913,s0-eth1,166720.00,660.00,167380.00,66,16672,160.00,10.00,170.00,1,16,0.00,0.00,0,0
1432849913,s0-eth2,660.00,44760.00,45420.00,4476,66,10.00,20.00,30.00,2,1,0.00,0.00,0,0
1432849913,s0-eth3,0.00,1886020.00,1886020.00,188602,0,0.00,1810.00,1810.00,181,0,0.00,0.00,0,0
1432849913,total,334760.00,2098160.00,2432920.00,209816,33476,340.00,2000.00,2340.00,200,34,0.00,0.00,0,0
1432849914,s1-eth1,653.47,194396.05,195049.52,19634,66,9.90,168.32,178.22,17,1,0.00,0.00,0,0
1432849914,s1-eth2,29326.73,653.47,29980.20,66,2962,9.90,9.90,19.80,1,1,0.00,0.00,0,0
1432849914,s1-eth3,154752.48,0.00,154752.48,0,15630,148.51,0.00,148.51,0,15,0.00,0.00,0,0
1432849914,s0,0.00,0.00,0.00,0,0,0.00,0.00,0.00,0,0,0.00,0.00,0,0
1432849914,eth0,0.00,0.00,0.00,0,0,0.00,0.00,0.00,0,0,0.00,0.00,0,0
1432849914,lo,0.00,0.00,0.00,0,0,0.00,0.00,0.00,0,0,0.00,0.00,0,0
1432849914,s1,0.00,0.00,0.00,0,0,0.00,0.00,0.00,0,0,0.00,0.00,0,0
1432849914,s0-eth1,194396.05,653.47,195049.52,66,19634,168.32,9.90,178.22,1,17,0.00,0.00,0,0
1432849914,s0-eth2,653.47,29326.73,29980.20,2962,66,9.90,9.90,19.80,1,1,0.00,0.00,0,0
1432849914,s0-eth3,0.00,1857029.75,1857029.75,187560,0,0.00,1782.18,1782.18,180,0,0.00,0.00,0,0
1432849914,total,379782.19,2082059.50,2461841.75,210288,38358,346.53,1980.20,2326.73,200,35,0.00,0.00,0,0
1432849914,s1-eth1,0.00,187560.00,187560.00,18756,0,0.00,180.00,180.00,18,0,0.00,0.00,0,0
1432849914,s1-eth2,0.00,0.00,0.00,0,0,0.00,0.00,0.00,0,0,0.00,0.00,0,0
1432849914,s1-eth3,187560.00,0.00,187560.00,0,18756,180.00,0.00,180.00,0,18,0.00,0.00,0,0
1432849914,s0,0.00,0.00,0.00,0,0,0.00,0.00,0.00,0,0,0.00,0.00,0,0
1432849914,eth0,0.00,0.00,0.00,0,0,0.00,0.00,0.00,0,0,0.00,0.00,0,0
1432849914,lo,0.00,0.00,0.00,0,0,0.00,0.00,0.00,0,0,0.00,0.00,0,0
1432849914,s1,0.00,0.00,0.00,0,0,0.00,0.00,0.00,0,0,0.00,0.00,0,0
1432849914,s0-eth1,187560.00,0.00,187560.00,0,18756,180.00,0.00,180.00,0,18,0.00,0.00,0,0
1432849914,s0-eth2,0.00,15140.00,15140.00,1514,0,0.00,10.00,10.00,1,0,0.00,0.00,0,0
1432849914,s0-eth3,0.00,1886020.00,1886020.00,188602,0,0.00,1810.00,1810.00,181,0,0.00,0.00,0,0
1432849914,total,375120.00,2088720.00,2463840.00,208872,37512,360.00,2000.00,2360.00,200,36,0.00,0.00,0,0
1432849914,s1-eth1,0.00,187560.00,187560.00,18756,0,0.00,180.00,180.00,18,0,0.00,0.00,0,0
1432849914,s1-eth2,0.00,0.00,0.00,0,0,0.00,0.00,0.00,0,0,0.00,0.00,0,0
1432849914,s1-eth3,187560.00,0.00,187560.00,0,18756,180.00,0.00,180.00,0,18,0.00,0.00,0,0
1432849914,s0,0.00,0.00,0.00,0,0,0.00,0.00,0.00,0,0,0.00,0.00,0,0
1432849914,eth0,0.00,0.00,0.00,0,0,0.00,0.00,0.00,0,0,0.00,0.00,0,0
1432849914,lo,0.00,0.00,0.00,0,0,0.00,0.00,0.00,0,0,0.00,0.00,0,0
1432849914,s1,0.00,0.00,0.00,0,0,0.00,0.00,0.00,0,0,0.00,0.00,0,0
1432849914,s0-eth1,187560.00,0.00,187560.00,0,18756,180.00,0.00,180.00,0,18,0.00,0.00,0,0
1432849914,s0-eth2,0.00,0.00,0.00,0,0,0.00,0.00,0.00,0,0,0.00,0.00,0,0
1432849914,s0-eth3,0.00,1875600.00,1875600.00,187560,0,0.00,1800.00,1800.00,180,0,0.00,0.00,0,0
1432849914,total,375120.00,2063160.00,2438280.00,206316,37512,360.00,1980.00,2340.00,198,36,0.00,0.00,0,0
1432849914,s1-eth1,0.00,187560.00,187560.00,18756,0,0.00,180.00,180.00,18,0,0.00,0.00,0,0
1432849914,s1-eth2,0.00,0.00,0.00,0,0,0.00,0.00,0.00,0,0,0.00,0.00,0,0
1432849914,s1-eth3,187560.00,0.00,187560.00,0,18756,180.00,0.00,180.00,0,18,0.00,0.00,0,0
1432849914,s0,0.00,0.00,0.00,0,0,0.00,0.00,0.00,0,0,0.00,0.00,0,0
1432849914,eth0,0.00,0.00,0.00,0,0,0.00,0.00,0.00,0,0,0.00,0.00,0,0
1432849914,lo,0.00,0.00,0.00,0,0,0.00,0.00,0.00,0,0,0.00,0.00,0,0
1432849914,s1,0.00,0.00,0.00,0,0,0.00,0.00,0.00,0,0,0.00,0.00,0,0
1432849914,s0-eth1,187560.00,0.00,187560.00,0,18756,180.00,0.00,180.00,0,18,0.00,0.00,0,0
1432849914,s0-eth2,0.00,15140.00,15140.00,1514,0,0.00,10.00,10.00,1,0,0.00,0.00,0,0
1432849914,s0-eth3,0.00,1886020.00,1886020.00,188602,0,0.00,1810.00,1810.00,181,0,0.00,0.00,0,0
1432849914,total,375120.00,2088720.00,2463840.00,208872,37512,360.00,2000.00,2360.00,200,36,0.00,0.00,0,0
1432849914,s1-eth1,0.00,187560.00,187560.00,18756,0,0.00,180.00,180.00,18,0,0.00,0.00,0,0
1432849914,s1-eth2,0.00,0.00,0.00,0,0,0.00,0.00,0.00,0,0,0.00,0.00,0,0
1432849914,s1-eth3,187560.00,0.00,187560.00,0,18756,180.00,0.00,180.00,0,18,0.00,0.00,0,0
1432849914,s0,0.00,0.00,0.00,0,0,0.00,0.00,0.00,0,0,0.00,0.00,0,0
1432849914,eth0,0.00,0.00,0.00,0,0,0.00,0.00,0.00,0,0,0.00,0.00,0,0
1432849914,lo,0.00,0.00,0.00,0,0,0.00,0.00,0.00,0,0,0.00,0.00,0,0
1432849914,s1,0.00,0.00,0.00,0,0,0.00,0.00,0.00,0,0,0.00,0.00,0,0
1432849914,s0-eth1,187560.00,0.00,187560.00,0,18756,180.00,0.00,180.00,0,18,0.00,0.00,0,0
1432849914,s0-eth2,0.00,0.00,0.00,0,0,0.00,0.00,0.00,0,0,0.00,0.00,0,0
1432849914,s0-eth3,0.00,875280.00,875280.00,87528,0,0.00,840.00,840.00,84,0,0.00,0.00,0,0
1432849914,total,375120.00,1062840.00,1437960.00,106284,37512,360.00,1020.00,1380.00,102,36,0.00,0.00,0,0
1432849914,s1-eth1,0.00,145880.00,145880.00,14588,0,0.00,140.00,140.00,14,0,0.00,0.00,0,0
1432849914,s1-eth2,0.00,0.00,0.00,0,0,0.00,0.00,0.00,0,0,0.00,0.00,0,0
1432849914,s1-eth3,156300.00,0.00,156300.00,0,15630,150.00,0.00,150.00,0,15,0.00,0.00,0,0
1432849914,s0,0.00,0.00,0.00,0,0,0.00,0.00,0.00,0,0,0.00,0.00,0,0
1432849914,eth0,0.00,0.00,0.00,0,0,0.00,0.00,0.00,0,0,0.00,0.00,0,0
1432849914,lo,0.00,0.00,0.00,0,0,0.00,0.00,0.00,0,0,0.00,0.00,0,0
1432849914,s1,0.00,0.00,0.00,0,0,0.00,0.00,0.00,0,0,0.00,0.00,0,0
1432849914,s0-eth1,145880.00,0.00,145880.00,0,14588,140.00,0.00,140.00,0,14,0.00,0.00,0,0
1432849914,s0-eth2,0.00,0.00,0.00,0,0,0.00,0.00,0.00,0,0,0.00,0.00,0,0
1432849914,s0-eth3,0.00,0.00,0.00,0,0,0.00,0.00,0.00,0,0,0.00,0.00,0,0
1432849914,total,302180.00,145880.00,448060.00,14588,30218,290.00,140.00,430.00,14,29,0.00,0.00,0,0
1432849914,s1-eth1,0.00,15140.00,15140.00,1514,0,0.00,10.00,10.00,1,0,0.00,0.00,0,0
1432849914,s1-eth2,15140.00,660.00,15800.00,66,1514,10.00,10.00,20.00,1,1,0.00,0.00,0,0
1432849914,s1-eth3,0.00,0.00,0.00,0,0,0.00,0.00,0.00,0,0,0.00,0.00,0,0
1432849914,s0,0.00,0.00,0.00,0,0,0.00,0.00,0.00,0,0,0.00,0.00,0,0
1432849914,eth0,0.00,0.00,0.00,0,0,0.00,0.00,0.00,0,0,0.00,0.00,0,0
1432849914,lo,0.00,0.00,0.00,0,0,0.00,0.00,0.00,0,0,0.00,0.00,0,0
1432849914,s1,0.00,0.00,0.00,0,0,0.00,0.00,0.00,0,0,0.00,0.00,0,0
1432849914,s0-eth1,15140.00,0.00,15140.00,0,1514,10.00,0.00,10.00,0,1,0.00,0.00,0,0
1432849914,s0-eth2,0.00,15140.00,15140.00,1514,0,0.00,10.00,10.00,1,0,0.00,0.00,0,0
1432849914,s0-eth3,0.00,0.00,0.00,0,0,0.00,0.00,0.00,0,0,0.00,0.00,0,0
1432849914,total,30280.00,30940.00,61220.00,3094,3028,20.00,30.00,50.00,3,2,0.00,0.00,0,0
1432849914,s1-eth1,9420.00,196160.00,205580.00,19616,942,130.00,120.00,250.00,12,13,0.00,0.00,0,0
1432849914,s1-eth2,196160.00,8760.00,204920.00,876,19616,120.00,120.00,240.00,12,12,0.00,0.00,0,0
1432849914,s1-eth3,0.00,0.00,0.00,0,0,0.00,0.00,0.00,0,0,0.00,0.00,0,0
1432849914,s0,0.00,0.00,0.00,0,0,0.00,0.00,0.00,0,0,0.00,0.00,0,0
1432849914,eth0,0.00,0.00,0.00,0,0,0.00,0.00,0.00,0,0,0.00,0.00,0,0
1432849914,lo,0.00,0.00,0.00,0,0,0.00,0.00,0.00,0,0,0.00,0.00,0,0
1432849914,s1,0.00,0.00,0.00,0,0,0.00,0.00,0.00,0,0,0.00,0.00,0,0
1432849914,s0-eth1,196160.00,9420.00,205580.00,942,19616,120.00,130.00,250.00,13,12,0.00,0.00,0,0
1432849914,s0-eth2,9420.00,255400.00,264820.00,25540,942,130.00,140.00,270.00,14,13,0.00,0.00,0,0
1432849914,s0-eth3,0.00,0.00,0.00,0,0,0.00,0.00,0.00,0,0,0.00,0.00,0,0
1432849914,total,411160.00,469740.00,880900.00,46974,41116,500.00,510.00,1010.00,51,50,0.00,0.00,0,0
1432849914,s1-eth1,3960.00,177720.00,181680.00,17772,396,60.00,60.00,120.00,6,6,0.00,0.00,0,0
1432849914,s1-eth2,177720.00,3960.00,181680.00,396,17772,60.00,60.00,120.00,6,6,0.00,0.00,0,0
1432849914,s1-eth3,0.00,0.00,0.00,0,0,0.00,0.00,0.00,0,0,0.00,0.00,0,0
1432849914,s0,0.00,0.00,0.00,0,0,0.00,0.00,0.00,0,0,0.00,0.00,0,0
1432849914,eth0,0.00,0.00,0.00,0,0,0.00,0.00,0.00,0,0,0.00,0.00,0,0
1432849914,lo,0.00,0.00,0.00,0,0,0.00,0.00,0.00,0,0,0.00,0.00,0,0
1432849914,s1,0.00,0.00,0.00,0,0,0.00,0.00,0.00,0,0,0.00,0.00,0,0
1432849914,s0-eth1,177720.00,3960.00,181680.00,396,17772,60.00,60.00,120.00,6,6,0.00,0.00,0,0
1432849914,s0-eth2,3960.00,207340.00,211300.00,20734,396,60.00,70.00,130.00,7,6,0.00,0.00,0,0
1432849914,s0-eth3,0.00,0.00,0.00,0,0,0.00,0.00,0.00,0,0,0.00,0.00,0,0
1432849914,total,363360.00,392980.00,756340.00,39298,36336,240.00,250.00,490.00,25,24,0.00,0.00,0,0
1432849914,s1-eth1,3960.00,207340.00,211300.00,20734,396,60.00,70.00,130.00,7,6,0.00,0.00,0,0
1432849914,s1-eth2,207340.00,3960.00,211300.00,396,20734,70.00,60.00,130.00,6,7,0.00,0.00,0,0
1432849914,s1-eth3,0.00,0.00,0.00,0,0,0.00,0.00,0.00,0,0,0.00,0.00,0,0
1432849914,s0,0.00,0.00,0.00,0,0,0.00,0.00,0.00,0,0,0.00,0.00,0,0
1432849914,eth0,0.00,0.00,0.00,0,0,0.00,0.00,0.00,0,0,0.00,0.00,0,0
1432849914,lo,0.00,0.00,0.00,0,0,0.00,0.00,0.00,0,0,0.00,0.00,0,0
1432849914,s1,0.00,0.00,0.00,0,0,0.00,0.00,0.00,0,0,0.00,0.00,0,0
1432849914,s0-eth1,207340.00,3960.00,211300.00,396,20734,70.00,60.00,130.00,6,7,0.00,0.00,0,0
1432849914,s0-eth2,3960.00,177720.00,181680.00,17772,396,60.00,60.00,120.00,6,6,0.00,0.00,0,0
1432849914,s0-eth3,0.00,166720.00,166720.00,16672,0,0.00,160.00,160.00,16,0,0.00,0.00,0,0
1432849914,total,422600.00,559700.00,982300.00,55970,42260,260.00,410.00,670.00,41,26,0.00,0.00,0,0
1432849915,s1-eth1,1960.40,161821.78,163782.19,16344,198,29.70,118.81,148.51,12,3,0.00,0.00,0,0
1432849915,s1-eth2,58653.47,1960.40,60613.86,198,5924,19.80,29.70,49.50,3,2,0.00,0.00,0,0
1432849915,s1-eth3,103168.32,0.00,103168.32,0,10420,99.01,0.00,99.01,0,10,0.00,0.00,0,0
1432849915,s0,0.00,0.00,0.00,0,0,0.00,0.00,0.00,0,0,0.00,0.00,0,0
1432849915,eth0,0.00,0.00,0.00,0,0,0.00,0.00,0.00,0,0,0.00,0.00,0,0
1432849915,lo,0.00,0.00,0.00,0,0,0.00,0.00,0.00,0,0,0.00,0.00,0,0
1432849915,s1,0.00,0.00,0.00,0,0,0.00,0.00,0.00,0,0,0.00,0.00,0,0
1432849915,s0-eth1,161821.78,1960.40,163782.19,198,16344,118.81,29.70,148.51,3,12,0.00,0.00,0,0
1432849915,s0-eth2,1960.40,87980.20,89940.59,8886,198,29.70,29.70,59.41,3,3,0.00,0.00,0,0
1432849915,s0-eth3,0.00,1867346.62,1867346.62,188602,0,0.00,1792.08,1792.08,181,0,0.00,0.00,0,0
1432849915,total,327564.38,2121069.50,2448633.75,214228,33084,297.03,2000.00,2297.03,202,30,0.00,0.00,0,0
1432849915,s1-eth1,0.00,187560.00,187560.00,18756,0,0.00,180.00,180.00,18,0,0.00,0.00,0,0
1432849915,s1-eth2,0.00,0.00,0.00,0,0,0.00,0.00,0.00,0,0,0.00,0.00,0,0
1432849915,s1-eth3,187560.00,0.00,187560.00,0,18756,180.00,0.00,180.00,0,18,0.00,0.00,0,0
1432849915,s0,0.00,0.00,0.00,0,0,0.00,0.00,0.00,0,0,0.00,0.00,0,0
1432849915,eth0,0.00,0.00,0.00,0,0,0.00,0.00,0.00,0,0,0.00,0.00,0,0
1432849915,lo,0.00,0.00,0.00,0,0,0.00,0.00,0.00,0,0,0.00,0.00,0,0
1432849915,s1,0.00,0.00,0.00,0,0,0.00,0.00,0.00,0,0,0.00,0.00,0,0
1432849915,s0-eth1,187560.00,0.00,187560.00,0,18756,180.00,0.00,180.00,0,18,0.00,0.00,0,0
1432849915,s0-eth2,0.00,15140.00,15140.00,1514,0,0.00,10.00,10.00,1,0,0.00,0.00,0,0
1432849915,s0-eth3,0.00,1875600.00,1875600.00,187560,0,0.00,1800.00,1800.00,180,0,0.00,0.00,0,0
1432849915,total,375120.00,2078300.00,2453420.00,207830,37512,360.00,1990.00,2350.00,199,36,0.00,0.00,0,0
1432849915,s1-eth1,0.00,187560.00,187560.00,18756,0,0.00,180.00,180.00,18,0,0.00,0.00,0,0
1432849915,s1-eth2,0.00,0.00,0.00,0,0,0.00,0.00,0.00,0,0,0.00,0.00,0,0
1432849915,s1-eth3,187560.00,0.00,187560.00,0,18756,180.00,0.00,180.00,0,18,0.00,0.00,0,0
1432849915,s0,0.00,0.00,0.00,0,0,0.00,0.00,0.00,0,0,0.00,0.00,0,0
1432849915,eth0,0.00,0.00,0.00,0,0,0.00,0.00,0.00,0,0,0.00,0.00,0,0
1432849915,lo,0.00,0.00,0.00,0,0,0.00,0.00,0.00,0,0,0.00,0.00,0,0
1432849915,s1,0.00,0.00,0.00,0,0,0.00,0.00,0.00,0,0,0.00,0.00,0,0
1432849915,s0-eth1,187560.00,0.00,187560.00,0,18756,180.00,0.00,180.00,0,18,0.00,0.00,0,0
1432849915,s0-eth2,0.00,0.00,0.00,0,0,0.00,0.00,0.00,0,0,0.00,0.00,0,0
1432849915,s0-eth3,0.00,1886020.00,1886020.00,188602,0,0.00,1810.00,1810.00,181,0,0.00,0.00,0,0
1432849915,total,375120.00,2073580.00,2448700.00,207358,37512,360.00,1990.00,2350.00,199,36,0.00,0.00,0,0
1432849915,s1-eth1,0.00,197980.00,197980.00,19798,0,0.00,190.00,190.00,19,0,0.00,0.00,0,0
1432849915,s1-eth2,0.00,0.00,0.00,0,0,0.00,0.00,0.00,0,0,0.00,0.00,0,0
1432849915,s1-eth3,187560.00,0.00,187560.00,0,18756,180.00,0.00,180.00,0,18,0.00,0.00,0,0
1432849915,s0,0.00,0.00,0.00,0,0,0.00,0.00,0.00,0,0,0.00,0.00,0,0
1432849915,eth0,0.00,0.00,0.00,0,0,0.00,0.00,0.00,0,0,0.00,0.00,0,0
1432849915,lo,0.00,0.00,0.00,0,0,0.00,0.00,0.00,0,0,0.00,0.00,0,0
1432849915,s1,0.00,0.00,0.00,0,0,0.00,0.00,0.00,0,0,0.00,0.00,0,0
1432849915,s0-eth1,197980.00,0.00,197980.00,0,19798,190.00,0.00,190.00,0,19,0.00,0.00,0,0
1432849915,s0-eth2,0.00,15140.00,15140.00,1514,0,0.00,10.00,10.00,1,0,0.00,0.00,0,0
1432849915,s0-eth3,0.00,1875600.00,1875600.00,187560,0,0.00,1800.00,1800.00,180,0,0.00,0.00,0,0
1432849915,total,385540.00,2088720.00,2474260.00,208872,38554,370.00,2000.00,2370.00,200,37,0.00,0.00,0,0
1432849915,s1-eth1,0.00,187560.00,187560.00,18756,0,0.00,180.00,180.00,18,0,0.00,0.00,0,0
1432849915,s1-eth2,0.00,0.00,0.00,0,0,0.00,0.00,0.00,0,0,0.00,0.00,0,0
1432849915,s1-eth3,187560.00,0.00,187560.00,0,18756,180.00,0.00,180.00,0,18,0.00,0.00,0,0
1432849915,s0,0.00,0.00,0.00,0,0,0.00,0.00,0.00,0,0,0.00,0.00,0,0
1432849915,eth0,0.00,0.00,0.00,0,0,0.00,0.00,0.00,0,0,0.00,0.00,0,0
1432849915,lo,0.00,0.00,0.00,0,0,0.00,0.00,0.00,0,0,0.00,0.00,0,0
1432849915,s1,0.00,0.00,0.00,0,0,0.00,0.00,0.00,0,0,0.00,0.00,0,0
1432849915,s0-eth1,187560.00,0.00,187560.00,0,18756,180.00,0.00,180.00,0,18,0.00,0.00,0,0
1432849915,s0-eth2,0.00,0.00,0.00,0,0,0.00,0.00,0.00,0,0,0.00,0.00,0,0
1432849915,s0-eth3,0.00,1886020.00,1886020.00,188602,0,0.00,1810.00,1810.00,181,0,0.00,0.00,0,0
1432849915,total,375120.00,2073580.00,2448700.00,207358,37512,360.00,1990.00,2350.00,199,36,0.00,0.00,0,0
1432849915,s1-eth1,0.00,187560.00,187560.00,18756,0,0.00,180.00,180.00,18,0,0.00,0.00,0,0
1432849915,s1-eth2,0.00,0.00,0.00,0,0,0.00,0.00,0.00,0,0,0.00,0.00,0,0
1432849915,s1-eth3,187560.00,0.00,187560.00,0,18756,180.00,0.00,180.00,0,18,0.00,0.00,0,0
1432849915,s0,0.00,0.00,0.00,0,0,0.00,0.00,0.00,0,0,0.00,0.00,0,0
1432849915,eth0,0.00,0.00,0.00,0,0,0.00,0.00,0.00,0,0,0.00,0.00,0,0
1432849915,lo,0.00,0.00,0.00,0,0,0.00,0.00,0.00,0,0,0.00,0.00,0,0
1432849915,s1,0.00,0.00,0.00,0,0,0.00,0.00,0.00,0,0,0.00,0.00,0,0
1432849915,s0-eth1,187560.00,0.00,187560.00,0,18756,180.00,0.00,180.00,0,18,0.00,0.00,0,0
1432849915,s0-eth2,0.00,0.00,0.00,0,0,0.00,0.00,0.00,0,0,0.00,0.00,0,0
1432849915,s0-eth3,0.00,1385860.00,1385860.00,138586,0,0.00,1330.00,1330.00,133,0,0.00,0.00,0,0
1432849915,total,375120.00,1573420.00,1948540.00,157342,37512,360.00,1510.00,1870.00,151,36,0.00,0.00,0,0
1432849915,s1-eth1,0.00,187560.00,187560.00,18756,0,0.00,180.00,180.00,18,0,0.00,0.00,0,0
1432849915,s1-eth2,0.00,0.00,0.00,0,0,0.00,0.00,0.00,0,0,0.00,0.00,0,0
1432849915,s1-eth3,187560.00,0.00,187560.00,0,18756,180.00,0.00,180.00,0,18,0.00,0.00,0,0
1432849915,s0,0.00,0.00,0.00,0,0,0.00,0.00,0.00,0,0,0.00,0.00,0,0
1432849915,eth0,0.00,0.00,0.00,0,0,0.00,0.00,0.00,0,0,0.00,0.00,0,0
1432849915,lo,0.00,0.00,0.00,0,0,0.00,0.00,0.00,0,0,0.00,0.00,0,0
1432849915,s1,0.00,0.00,0.00,0,0,0.00,0.00,0.00,0,0,0.00,0.00,0,0
1432849915,s0-eth1,187560.00,0.00,187560.00,0,18756,180.00,0.00,180.00,0,18,0.00,0.00,0,0
1432849915,s0-eth2,0.00,0.00,0.00,0,0,0.00,0.00,0.00,0,0,0.00,0.00,0,0
1432849915,s0-eth3,0.00,0.00,0.00,0,0,0.00,0.00,0.00,0,0,0.00,0.00,0,0
1432849915,total,375120.00,187560.00,562680.00,18756,37512,360.00,180.00,540.00,18,36,0.00,0.00,0,0
1432849915,s1-eth1,5220.00,146020.00,151240.00,14602,522,70.00,90.00,160.00,9,7,0.00,0.00,0,0
1432849915,s1-eth2,135600.00,5220.00,140820.00,522,13560,80.00,70.00,150.00,7,8,0.00,0.00,0,0
1432849915,s1-eth3,20840.00,0.00,20840.00,0,2084,20.00,0.00,20.00,0,2,0.00,0.00,0,0
1432849915,s0,0.00,0.00,0.00,0,0,0.00,0.00,0.00,0,0,0.00,0.00,0,0
1432849915,eth0,0.00,0.00,0.00,0,0,0.00,0.00,0.00,0,0,0.00,0.00,0,0
1432849915,lo,0.00,0.00,0.00,0,0,0.00,0.00,0.00,0,0,0.00,0.00,0,0
1432849915,s1,0.00,0.00,0.00,0,0,0.00,0.00,0.00,0,0,0.00,0.00,0,0
1432849915,s0-eth1,146020.00,5220.00,151240.00,522,14602,90.00,70.00,160.00,7,9,0.00,0.00,0,0
1432849915,s0-eth2,5220.00,181020.00,186240.00,18102,522,70.00,110.00,180.00,11,7,0.00,0.00,0,0
1432849915,s0-eth3,0.00,0.00,0.00,0,0,0.00,0.00,0.00,0,0,0.00,0.00,0,0
1432849915,total,312900.00,337480.00,650380.00,33748,31290,330.00,340.00,670.00,34,33,0.00,0.00,0,0
1432849915,s1-eth1,5940.00,193520.00,199460.00,19352,594,90.00,80.00,170.00,8,9,0.00,0.00,0,0
1432849915,s1-eth2,193520.00,5940.00,199460.00,594,19352,80.00,90.00,170.00,9,8,0.00,0.00,0,0
1432849915,s1-eth3,0.00,0.00,0.00,0,0,0.00,0.00,0.00,0,0,0.00,0.00,0,0
1432849915,s0,0.00,0.00,0.00,0,0,0.00,0.00,0.00,0,0,0.00,0.00,0,0
1432849915,eth0,0.00,0.00,0.00,0,0,0.00,0.00,0.00,0,0,0.00,0.00,0,0
1432849915,lo,0.00,0.00,0.00,0,0,0.00,0.00,0.00,0,0,0.00,0.00,0,0
1432849915,s1,0.00,0.00,0.00,0,0,0.00,0.00,0.00,0,0,0.00,0.00,0,0
1432849915,s0-eth1,193520.00,5940.00,199460.00,594,19352,80.00,90.00,170.00,9,8,0.00,0.00,0,0
1432849915,s0-eth2,5280.00,207340.00,212620.00,20734,528,80.00,70.00,150.00,7,8,0.00,0.00,0,0
1432849915,s0-eth3,0.00,0.00,0.00,0,0,0.00,0.00,0.00,0,0,0.00,0.00,0,0
1432849915,total,398260.00,412740.00,811000.00,41274,39826,330.00,330.00,660.00,33,33,0.00,0.00,0,0
1432849915,s1-eth1,3960.00,177720.00,181680.00,17772,396,60.00,60.00,120.00,6,6,0.00,0.00,0,0
1432849915,s1-eth2,177720.00,3960.00,181680.00,396,17772,60.00,60.00,120.00,6,6,0.00,0.00,0,0
1432849915,s1-eth3,0.00,0.00,0.00,0,0,0.00,0.00,0.00,0,0,0.00,0.00,0,0
1432849915,s0,0.00,0.00,0.00,0,0,0.00,0.00,0.00,0,0,0.00,0.00,0,0
1432849915,eth0,0.00,0.00,0.00,0,0,0.00,0.00,0.00,0,0,0.00,0.00,0,0
1432849915,lo,0.00,0.00,0.00,0,0,0.00,0.00,0.00,0,0,0.00,0.00,0,0
1432849915,s1,0.00,0.00,0.00,0,0,0.00,0.00,0.00,0,0,0.00,0.00,0,0
1432849915,s0-eth1,177720.00,3960.00,181680.00,396,17772,60.00,60.00,120.00,6,6,0.00,0.00,0,0
1432849915,s0-eth2,4620.00,177720.00,182340.00,17772,462,70.00,60.00,130.00,6,7,0.00,0.00,0,0
1432849915,s0-eth3,0.00,0.00,0.00,0,0,0.00,0.00,0.00,0,0,0.00,0.00,0,0
1432849915,total,364020.00,363360.00,727380.00,36336,36402,250.00,240.00,490.00,24,25,0.00,0.00,0,0
1432849916,s1-eth1,3920.79,175960.41,179881.19,17772,396,59.41,59.41,118.81,6,6,0.00,0.00,0,0
1432849916,s1-eth2,175960.41,3920.79,179881.19,396,17772,59.41,59.41,118.81,6,6,0.00,0.00,0,0
1432849916,s1-eth3,0.00,0.00,0.00,0,0,0.00,0.00,0.00,0,0,0.00,0.00,0,0
1432849916,s0,0.00,0.00,0.00,0,0,0.00,0.00,0.00,0,0,0.00,0.00,0,0
1432849916,eth0,0.00,0.00,0.00,0,0,0.00,0.00,0.00,0,0,0.00,0.00,0,0
1432849916,lo,0.00,0.00,0.00,0,0,0.00,0.00,0.00,0,0,0.00,0.00,0,0
1432849916,s1,0.00,0.00,0.00,0,0,0.00,0.00,0.00,0,0,0.00,0.00,0,0
1432849916,s0-eth1,175960.41,3920.79,179881.19,396,17772,59.41,59.41,118.81,6,6,0.00,0.00,0,0
1432849916,s0-eth2,3920.79,205287.14,209207.92,20734,396,59.41,69.31,128.71,7,6,0.00,0.00,0,0
1432849916,s0-eth3,0.00,0.00,0.00,0,0,0.00,0.00,0.00,0,0,0.00,0.00,0,0
1432849916,total,359762.38,389089.12,748851.50,39298,36336,237.62,247.52,485.15,25,24,0.00,0.00,0,0
1432849916,s1-eth1,2640.00,181000.00,183640.00,18100,264,40.00,100.00,140.00,10,4,0.00,0.00,0,0
1432849916,s1-eth2,118480.00,2640.00,121120.00,264,11848,40.00,40.00,80.00,4,4,0.00,0.00,0,0
1432849916,s1-eth3,62520.00,0.00,62520.00,0,6252,60.00,0.00,60.00,0,6,0.00,0.00,0,0
1432849916,s0,0.00,0.00,0.00,0,0,0.00,0.00,0.00,0,0,0.00,0.00,0,0
1432849916,eth0,0.00,0.00,0.00,0,0,0.00,0.00,0.00,0,0,0.00,0.00,0,0
1432849916,lo,0.00,0.00,0.00,0,0,0.00,0.00,0.00,0,0,0.00,0.00,0,0
1432849916,s1,0.00,0.00,0.00,0,0,0.00,0.00,0.00,0,0,0.00,0.00,0,0
1432849916,s0-eth1,181000.00,2640.00,183640.00,264,18100,100.00,40.00,140.00,4,10,0.00,0.00,0,0
1432849916,s0-eth2,2640.00,148100.00,150740.00,14810,264,40.00,50.00,90.00,5,4,0.00,0.00,0,0
1432849916,s0-eth3,0.00,1542160.00,1542160.00,154216,0,0.00,1480.00,1480.00,148,0,0.00,0.00,0,0
1432849916,total,367280.00,1876540.00,2243820.00,187654,36728,280.00,1710.00,1990.00,171,28,0.00,0.00,0,0
1432849916,s1-eth1,660.00,196340.00,197000.00,19634,66,10.00,170.00,180.00,17,1,0.00,0.00,0,0
1432849916,s1-eth2,29620.00,660.00,30280.00,66,2962,10.00,10.00,20.00,1,1,0.00,0.00,0,0
1432849916,s1-eth3,156300.00,0.00,156300.00,0,15630,150.00,0.00,150.00,0,15,0.00,0.00,0,0
1432849916,s0,0.00,0.00,0.00,0,0,0.00,0.00,0.00,0,0,0.00,0.00,0,0
1432849916,eth0,0.00,0.00,0.00,0,0,0.00,0.00,0.00,0,0,0.00,0.00,0,0
1432849916,lo,3440.00,3440.00,6880.00,344,344,60.00,60.00,120.00,6,6,0.00,0.00,0,0
1432849916,s1,0.00,0.00,0.00,0,0,0.00,0.00,0.00,0,0,0.00,0.00,0,0
1432849916,s0-eth1,196340.00,660.00,197000.00,66,19634,170.00,10.00,180.00,1,17,0.00,0.00,0,0
1432849916,s0-eth2,660.00,30280.00,30940.00,3028,66,10.00,20.00,30.00,2,1,0.00,0.00,0,0
1432849916,s0-eth3,0.00,1886020.00,1886020.00,188602,0,0.00,1810.00,1810.00,181,0,0.00,0.00,0,0
1432849916,total,387020.00,2117400.00,2504420.00,211740,38702,410.00,2080.00,2490.00,208,41,0.00,0.00,0,0
1432849916,s1-eth1,0.00,187560.00,187560.00,18756,0,0.00,180.00,180.00,18,0,0.00,0.00,0,0
1432849916,s1-eth2,0.00,0.00,0.00,0,0,0.00,0.00,0.00,0,0,0.00,0.00,0,0
1432849916,s1-eth3,187560.00,0.00,187560.00,0,18756,180.00,0.00,180.00,0,18,0.00,0.00,0,0
1432849916,s0,0.00,0.00,0.00,0,0,0.00,0.00,0.00,0,0,0.00,0.00,0,0
1432849916,eth0,0.00,0.00,0.00,0,0,0.00,0.00,0.00,0,0,0.00,0.00,0,0
1432849916,lo,0.00,0.00,0.00,0,0,0.00,0.00,0.00,0,0,0.00,0.00,0,0
1432849916,s1,0.00,0.00,0.00,0,0,0.00,0.00,0.00,0,0,0.00,0.00,0,0
1432849916,s0-eth1,187560.00,0.00,187560.00,0,18756,180.00,0.00,180.00,0,18,0.00,0.00,0,0
1432849916,s0-eth2,0.00,0.00,0.00,0,0,0.00,0.00,0.00,0,0,0.00,0.00,0,0
1432849916,s0-eth3,0.00,1875600.00,1875600.00,187560,0,0.00,1800.00,1800.00,180,0,0.00,0.00,0,0
1432849916,total,375120.00,2063160.00,2438280.00,206316,37512,360.00,1980.00,2340.00,198,36,0.00,0.00,0,0
1432849916,s1-eth1,0.00,187560.00,187560.00,18756,0,0.00,180.00,180.00,18,0,0.00,0.00,0,0
1432849916,s1-eth2,0.00,0.00,0.00,0,0,0.00,0.00,0.00,0,0,0.00,0.00,0,0
1432849916,s1-eth3,187560.00,0.00,187560.00,0,18756,180.00,0.00,180.00,0,18,0.00,0.00,0,0
1432849916,s0,0.00,0.00,0.00,0,0,0.00,0.00,0.00,0,0,0.00,0.00,0,0
1432849916,eth0,0.00,0.00,0.00,0,0,0.00,0.00,0.00,0,0,0.00,0.00,0,0
1432849916,lo,0.00,0.00,0.00,0,0,0.00,0.00,0.00,0,0,0.00,0.00,0,0
1432849916,s1,0.00,0.00,0.00,0,0,0.00,0.00,0.00,0,0,0.00,0.00,0,0
1432849916,s0-eth1,187560.00,0.00,187560.00,0,18756,180.00,0.00,180.00,0,18,0.00,0.00,0,0
1432849916,s0-eth2,0.00,15140.00,15140.00,1514,0,0.00,10.00,10.00,1,0,0.00,0.00,0,0
1432849916,s0-eth3,0.00,1875600.00,1875600.00,187560,0,0.00,1800.00,1800.00,180,0,0.00,0.00,0,0
1432849916,total,375120.00,2078300.00,2453420.00,207830,37512,360.00,1990.00,2350.00,199,36,0.00,0.00,0,0
1432849916,s1-eth1,0.00,187560.00,187560.00,18756,0,0.00,180.00,180.00,18,0,0.00,0.00,0,0
1432849916,s1-eth2,0.00,0.00,0.00,0,0,0.00,0.00,0.00,0,0,0.00,0.00,0,0
1432849916,s1-eth3,187560.00,0.00,187560.00,0,18756,180.00,0.00,180.00,0,18,0.00,0.00,0,0
1432849916,s0,0.00,0.00,0.00,0,0,0.00,0.00,0.00,0,0,0.00,0.00,0,0
1432849916,eth0,0.00,0.00,0.00,0,0,0.00,0.00,0.00,0,0,0.00,0.00,0,0
1432849916,lo,0.00,0.00,0.00,0,0,0.00,0.00,0.00,0,0,0.00,0.00,0,0
1432849916,s1,0.00,0.00,0.00,0,0,0.00,0.00,0.00,0,0,0.00,0.00,0,0
1432849916,s0-eth1,187560.00,0.00,187560.00,0,18756,180.00,0.00,180.00,0,18,0.00,0.00,0,0
1432849916,s0-eth2,0.00,15140.00,15140.00,1514,0,0.00,10.00,10.00,1,0,0.00,0.00,0,0
1432849916,s0-eth3,0.00,1886020.00,1886020.00,188602,0,0.00,1810.00,1810.00,181,0,0.00,0.00,0,0
1432849916,total,375120.00,2088720.00,2463840.00,208872,37512,360.00,2000.00,2360.00,200,36,0.00,0.00,0,0
1432849916,s1-eth1,0.00,187560.00,187560.00,18756,0,0.00,180.00,180.00,18,0,0.00,0.00,0,0
1432849916,s1-eth2,0.00,0.00,0.00,0,0,0.00,0.00,0.00,0,0,0.00,0.00,0,0
1432849916,s1-eth3,187560.00,0.00,187560.00,0,18756,180.00,0.00,180.00,0,18,0.00,0.00,0,0
1432849916,s0,0.00,0.00,0.00,0,0,0.00,0.00,0.00,0,0,0.00,0.00,0,0
1432849916,eth0,0.00,0.00,0.00,0,0,0.00,0.00,0.00,0,0,0.00,0.00,0,0
1432849916,lo,0.00,0.00,0.00,0,0,0.00,0.00,0.00,0,0,0.00,0.00,0,0
1432849916,s1,0.00,0.00,0.00,0,0,0.00,0.00,0.00,0,0,0.00,0.00,0,0
1432849916,s0-eth1,187560.00,0.00,187560.00,0,18756,180.00,0.00,180.00,0,18,0.00,0.00,0,0
1432849916,s0-eth2,0.00,0.00,0.00,0,0,0.00,0.00,0.00,0,0,0.00,0.00,0,0
1432849916,s0-eth3,0.00,1875600.00,1875600.00,187560,0,0.00,1800.00,1800.00,180,0,0.00,0.00,0,0
1432849916,total,375120.00,2063160.00,2438280.00,206316,37512,360.00,1980.00,2340.00,198,36,0.00,0.00,0,0
1432849916,s1-eth1,0.00,187560.00,187560.00,18756,0,0.00,180.00,180.00,18,0,0.00,0.00,0,0
1432849916,s1-eth2,0.00,0.00,0.00,0,0,0.00,0.00,0.00,0,0,0.00,0.00,0,0
1432849916,s1-eth3,187560.00,0.00,187560.00,0,18756,180.00,0.00,180.00,0,18,0.00,0.00,0,0
1432849916,s0,0.00,0.00,0.00,0,0,0.00,0.00,0.00,0,0,0.00,0.00,0,0
1432849916,eth0,0.00,0.00,0.00,0,0,0.00,0.00,0.00,0,0,0.00,0.00,0,0
1432849916,lo,0.00,0.00,0.00,0,0,0.00,0.00,0.00,0,0,0.00,0.00,0,0
1432849916,s1,0.00,0.00,0.00,0,0,0.00,0.00,0.00,0,0,0.00,0.00,0,0
1432849916,s0-eth1,187560.00,0.00,187560.00,0,18756,180.00,0.00,180.00,0,18,0.00,0.00,0,0
1432849916,s0-eth2,0.00,0.00,0.00,0,0,0.00,0.00,0.00,0,0,0.00,0.00,0,0
1432849916,s0-eth3,0.00,20840.00,20840.00,2084,0,0.00,20.00,20.00,2,0,0.00,0.00,0,0
1432849916,total,375120.00,208400.00,583520.00,20840,37512,360.00,200.00,560.00,20,36,0.00,0.00,0,0
1432849916,s1-eth1,0.00,62520.00,62520.00,6252,0,0.00,60.00,60.00,6,0,0.00,0.00,0,0
1432849916,s1-eth2,0.00,0.00,0.00,0,0,0.00,0.00,0.00,0,0,0.00,0.00,0,0
1432849916,s1-eth3,72940.00,0.00,72940.00,0,7294,70.00,0.00,70.00,0,7,0.00,0.00,0,0
1432849916,s0,0.00,0.00,0.00,0,0,0.00,0.00,0.00,0,0,0.00,0.00,0,0
1432849916,eth0,0.00,0.00,0.00,0,0,0.00,0.00,0.00,0,0,0.00,0.00,0,0
1432849916,lo,0.00,0.00,0.00,0,0,0.00,0.00,0.00,0,0,0.00,0.00,0,0
1432849916,s1,0.00,0.00,0.00,0,0,0.00,0.00,0.00,0,0,0.00,0.00,0,0
1432849916,s0-eth1,62520.00,0.00,62520.00,0,6252,60.00,0.00,60.00,0,6,0.00,0.00,0,0
1432849916,s0-eth2,0.00,0.00,0.00,0,0,0.00,0.00,0.00,0,0,0.00,0.00,0,0
1432849916,s0-eth3,0.00,0.00,0.00,0,0,0.00,0.00,0.00,0,0,0.00,0.00,0,0
1432849916,total,135460.00,62520.00,197980.00,6252,13546,130.00,60.00,190.00,6,13,0.00,0.00,0,0
1432849916,s1-eth1,660.00,15140.00,15800.00,1514,66,10.00,10.00,20.00,1,1,0.00,0.00,0,0
1432849916,s1-eth2,15140.00,660.00,15800.00,66,1514,10.00,10.00,20.00,1,1,0.00,0.00,0,0
1432849916,s1-eth3,0.00,0.00,0.00,0,0,0.00,0.00,0.00,0,0,0.00,0.00,0,0
1432849916,s0,0.00,0.00,0.00,0,0,0.00,0.00,0.00,0,0,0.00,0.00,0,0
1432849916,eth0,0.00,0.00,0.00,0,0,0.00,0.00,0.00,0,0,0.00,0.00,0,0
1432849916,lo,0.00,0.00,0.00,0,0,0.00,0.00,0.00,0,0,0.00,0.00,0,0
1432849916,s1,0.00,0.00,0.00,0,0,0.00,0.00,0.00,0,0,0.00,0.00,0,0
1432849916,s0-eth1,15140.00,660.00,15800.00,66,1514,10.00,10.00,20.00,1,1,0.00,0.00,0,0
1432849916,s0-eth2,0.00,15140.00,15140.00,1514,0,0.00,10.00,10.00,1,0,0.00,0.00,0,0
1432849916,s0-eth3,0.00,0.00,0.00,0,0,0.00,0.00,0.00,0,0,0.00,0.00,0,0
1432849916,total,30940.00,31600.00,62540.00,3160,3094,30.00,40.00,70.00,4,3,0.00,0.00,0,0
1432849917,s1-eth1,9564.36,194871.30,204435.66,19682,966,128.71,128.71,257.43,13,13,0.00,0.00,0,0
1432849917,s1-eth2,194871.30,9564.36,204435.66,966,19682,128.71,128.71,257.43,13,13,0.00,0.00,0,0
1432849917,s1-eth3,0.00,0.00,0.00,0,0,0.00,0.00,0.00,0,0,0.00,0.00,0,0
1432849917,s0,0.00,0.00,0.00,0,0,0.00,0.00,0.00,0,0,0.00,0.00,0,0
1432849917,eth0,0.00,0.00,0.00,0,0,0.00,0.00,0.00,0,0,0.00,0.00,0,0
1432849917,lo,0.00,0.00,0.00,0,0,0.00,0.00,0.00,0,0,0.00,0.00,0,0
1432849917,s1,0.00,0.00,0.00,0,0,0.00,0.00,0.00,0,0,0.00,0.00,0,0
1432849917,s0-eth1,194871.30,9564.36,204435.66,966,19682,128.71,128.71,257.43,13,13,0.00,0.00,0,0
1432849917,s0-eth2,9564.36,254178.23,263742.59,25672,966,128.71,158.42,287.13,16,13,0.00,0.00,0,0
1432849917,s0-eth3,0.00,0.00,0.00,0,0,0.00,0.00,0.00,0,0,0.00,0.00,0,0
1432849917,total,408871.31,468178.25,877049.56,47286,41296,514.85,544.55,1059.41,55,52,0.00,0.00,0,0
1432849917,s1-eth1,4620.00,208000.00,212620.00,20800,462,70.00,80.00,150.00,8,7,0.00,0.00,0,0
1432849917,s1-eth2,178380.00,4620.00,183000.00,462,17838,70.00,70.00,140.00,7,7,0.00,0.00,0,0
1432849917,s1-eth3,0.00,0.00,0.00,0,0,0.00,0.00,0.00,0,0,0.00,0.00,0,0
1432849917,s0,0.00,0.00,0.00,0,0,0.00,0.00,0.00,0,0,0.00,0.00,0,0
1432849917,eth0,0.00,0.00,0.00,0,0,0.00,0.00,0.00,0,0,0.00,0.00,0,0
1432849917,lo,0.00,0.00,0.00,0,0,0.00,0.00,0.00,0,0,0.00,0.00,0,0
1432849917,s1,0.00,0.00,0.00,0,0,0.00,0.00,0.00,0,0,0.00,0.00,0,0
1432849917,s0-eth1,208000.00,4620.00,212620.00,462,20800,80.00,70.00,150.00,7,8,0.00,0.00,0,0
1432849917,s0-eth2,5280.00,207340.00,212620.00,20734,528,80.00,70.00,150.00,7,8,0.00,0.00,0,0
1432849917,s0-eth3,0.00,0.00,0.00,0,0,0.00,0.00,0.00,0,0,0.00,0.00,0,0
1432849917,total,396280.00,424580.00,820860.00,42458,39628,300.00,290.00,590.00,29,30,0.00,0.00,0,0
1432849917,s1-eth1,3960.00,158520.00,162480.00,15852,396,60.00,60.00,120.00,6,6,0.00,0.00,0,0
1432849917,s1-eth2,177720.00,3960.00,181680.00,396,17772,60.00,60.00,120.00,6,6,0.00,0.00,0,0
1432849917,s1-eth3,10420.00,0.00,10420.00,0,1042,10.00,0.00,10.00,0,1,0.00,0.00,0,0
1432849917,s0,0.00,0.00,0.00,0,0,0.00,0.00,0.00,0,0,0.00,0.00,0,0
1432849917,eth0,0.00,0.00,0.00,0,0,0.00,0.00,0.00,0,0,0.00,0.00,0,0
1432849917,lo,0.00,0.00,0.00,0,0,0.00,0.00,0.00,0,0,0.00,0.00,0,0
1432849917,s1,0.00,0.00,0.00,0,0,0.00,0.00,0.00,0,0,0.00,0.00,0,0
1432849917,s0-eth1,158520.00,3960.00,162480.00,396,15852,60.00,60.00,120.00,6,6,0.00,0.00,0,0
1432849917,s0-eth2,3960.00,207340.00,211300.00,20734,396,60.00,70.00,130.00,7,6,0.00,0.00,0,0
1432849917,s0-eth3,0.00,1010740.00,1010740.00,101074,0,0.00,970.00,970.00,97,0,0.00,0.00,0,0
1432849917,total,354580.00,1384520.00,1739100.00,138452,35458,250.00,1220.00,1470.00,122,25,0.00,0.00,0,0
1432849917,s1-eth1,0.00,187560.00,187560.00,18756,0,0.00,180.00,180.00,18,0,0.00,0.00,0,0
1432849917,s1-eth2,0.00,0.00,0.00,0,0,0.00,0.00,0.00,0,0,0.00,0.00,0,0
1432849917,s1-eth3,187560.00,0.00,187560.00,0,18756,180.00,0.00,180.00,0,18,0.00,0.00,0,0
1432849917,s0,0.00,0.00,0.00,0,0,0.00,0.00,0.00,0,0,0.00,0.00,0,0
1432849917,eth0,0.00,0.00,0.00,0,0,0.00,0.00,0.00,0,0,0.00,0.00,0,0
1432849917,lo,0.00,0.00,0.00,0,0,0.00,0.00,0.00,0,0,0.00,0.00,0,0
1432849917,s1,0.00,0.00,0.00,0,0,0.00,0.00,0.00,0,0,0.00,0.00,0,0
1432849917,s0-eth1,187560.00,0.00,187560.00,0,18756,180.00,0.00,180.00,0,18,0.00,0.00,0,0
1432849917,s0-eth2,0.00,15140.00,15140.00,1514,0,0.00,10.00,10.00,1,0,0.00,0.00,0,0
1432849917,s0-eth3,0.00,1886020.00,1886020.00,188602,0,0.00,1810.00,1810.00,181,0,0.00,0.00,0,0
1432849917,total,375120.00,2088720.00,2463840.00,208872,37512,360.00,2000.00,2360.00,200,36,0.00,0.00,0,0
1432849917,s1-eth1,660.00,196340.00,197000.00,19634,66,10.00,170.00,180.00,17,1,0.00,0.00,0,0
1432849917,s1-eth2,29620.00,660.00,30280.00,66,2962,10.00,10.00,20.00,1,1,0.00,0.00,0,0
1432849917,s1-eth3,156300.00,0.00,156300.00,0,15630,150.00,0.00,150.00,0,15,0.00,0.00,0,0
1432849917,s0,0.00,0.00,0.00,0,0,0.00,0.00,0.00,0,0,0.00,0.00,0,0
1432849917,eth0,0.00,0.00,0.00,0,0,0.00,0.00,0.00,0,0,0.00,0.00,0,0
1432849917,lo,0.00,0.00,0.00,0,0,0.00,0.00,0.00,0,0,0.00,0.00,0,0
1432849917,s1,0.00,0.00,0.00,0,0,0.00,0.00,0.00,0,0,0.00,0.00,0,0
1432849917,s0-eth1,196340.00,660.00,197000.00,66,19634,170.00,10.00,180.00,1,17,0.00,0.00,0,0
1432849917,s0-eth2,660.00,15140.00,15800.00,1514,66,10.00,10.00,20.00,1,1,0.00,0.00,0,0
1432849917,s0-eth3,0.00,1875600.00,1875600.00,187560,0,0.00,1800.00,1800.00,180,0,0.00,0.00,0,0
1432849917,total,383580.00,2088400.00,2471980.00,208840,38358,350.00,2000.00,2350.00,200,35,0.00,0.00,0,0
1432849917,s1-eth1,0.00,187560.00,187560.00,18756,0,0.00,180.00,180.00,18,0,0.00,0.00,0,0
1432849917,s1-eth2,0.00,0.00,0.00,0,0,0.00,0.00,0.00,0,0,0.00,0.00,0,0
1432849917,s1-eth3,187560.00,0.00,187560.00,0,18756,180.00,0.00,180.00,0,18,0.00,0.00,0,0
1432849917,s0,0.00,0.00,0.00,0,0,0.00,0.00,0.00,0,0,0.00,0.00,0,0
1432849917,eth0,0.00,0.00,0.00,0,0,0.00,0.00,0.00,0,0,0.00,0.00,0,0
1432849917,lo,0.00,0.00,0.00,0,0,0.00,0.00,0.00,0,0,0.00,0.00,0,0
1432849917,s1,0.00,0.00,0.00,0,0,0.00,0.00,0.00,0,0,0.00,0.00,0,0
1432849917,s0-eth1,187560.00,0.00,187560.00,0,18756,180.00,0.00,180.00,0,18,0.00,0.00,0,0
1432849917,s0-eth2,0.00,15140.00,15140.00,1514,0,0.00,10.00,10.00,1,0,0.00,0.00,0,0
1432849917,s0-eth3,0.00,1886020.00,1886020.00,188602,0,0.00,1810.00,1810.00,181,0,0.00,0.00,0,0
1432849917,total,375120.00,2088720.00,2463840.00,208872,37512,360.00,2000.00,2360.00,200,36,0.00,0.00,0,0
1432849917,s1-eth1,660.00,187560.00,188220.00,18756,66,10.00,180.00,190.00,18,1,0.00,0.00,0,0
1432849917,s1-eth2,0.00,660.00,660.00,66,0,0.00,10.00,10.00,1,0,0.00,0.00,0,0
1432849917,s0,0.00,0.00,0.00,0,0,0.00,0.00,0.00,0,0,0.00,0.00,0,0
1432849917,eth0,4880.00,0.00,4880.00,0,488,40.00,0.00,40.00,0,4,0.00,0.00,0,0
1432849917,lo,3120.00,3120.00,6240.00,312,312,60.00,60.00,120.00,6,6,0.00,0.00,0,0
1432849917,s1,0.00,0.00,0.00,0,0,0.00,0.00,0.00,0,0,0.00,0.00,0,0
1432849917,s0-eth1,187560.00,660.00,188220.00,66,18756,180.00,10.00,190.00,1,18,0.00,0.00,0,0
1432849917,s0-eth2,660.00,660.00,1320.00,66,66,10.00,10.00,20.00,1,1,0.00,0.00,0,0
1432849917,s0-eth3,0.00,1875600.00,1875600.00,187560,0,0.00,1800.00,1800.00,180,0,0.00,0.00,0,0
1432849917,total,184467440737095516160.00,2052960.00,184467440737095516160.00,205296,18446744073705334815,184467440737095483392.00,1860.00,184467440737095483392.00,186,18446744073709547519,0.00,0.00,0,0
1432849917,s0,0.00,0.00,0.00,0,0,0.00,0.00,0.00,0,0,0.00,0.00,0,0
1432849917,eth0,4080.00,4620.00,8700.00,462,408,40.00,70.00,110.00,7,4,0.00,0.00,0,0
1432849917,lo,0.00,0.00,0.00,0,0,0.00,0.00,0.00,0,0,0.00,0.00,0,0
1432849917,s1,0.00,0.00,0.00,0,0,0.00,0.00,0.00,0,0,0.00,0.00,0,0
1432849917,total,184467440737095516160.00,184467440737095516160.00,184467440737095516160.00,18446744073659452385,18446744073698329937,184467440737095417856.00,184467440737095057408.00,184467440737094926336.00,18446744073709504532,18446744073709541354,0.00,0.00,0,0
1432849917,eth0,2840.00,1980.00,4820.00,198,284,20.00,30.00,50.00,3,2,0.00,0.00,0,0
1432849917,lo,0.00,0.00,0.00,0,0,0.00,0.00,0.00,0,0,0.00,0.00,0,0
1432849917,total,184467440737095516160.00,184467440737095516160.00,184467440737095516160.00,18446744073709544919,18446744073709550603,184467440737095516160.00,184467440737095516160.00,184467440737095516160.00,18446744073709551525,18446744073709551601,0.00,0.00,0,0
1432849917,eth0,0.00,0.00,0.00,0,0,0.00,0.00,0.00,0,0,0.00,0.00,0,0
1432849917,lo,0.00,0.00,0.00,0,0,0.00,0.00,0.00,0,0,0.00,0.00,0,0
1432849917,total,0.00,0.00,0.00,0,0,0.00,0.00,0.00,0,0,0.00,0.00,0,0
1432849918,eth0,0.00,0.00,0.00,0,0,0.00,0.00,0.00,0,0,0.00,0.00,0,0
1432849918,lo,0.00,0.00,0.00,0,0,0.00,0.00,0.00,0,0,0.00,0.00,0,0
1432849918,total,0.00,0.00,0.00,0,0,0.00,0.00,0.00,0,0,0.00,0.00,0,0
1432849918,eth0,0.00,0.00,0.00,0,0,0.00,0.00,0.00,0,0,0.00,0.00,0,0
1432849918,lo,0.00,0.00,0.00,0,0,0.00,0.00,0.00,0,0,0.00,0.00,0,0
1432849918,total,0.00,0.00,0.00,0,0,0.00,0.00,0.00,0,0,0.00,0.00,0,0
1432849918,eth0,0.00,0.00,0.00,0,0,0.00,0.00,0.00,0,0,0.00,0.00,0,0
1432849918,lo,0.00,0.00,0.00,0,0,0.00,0.00,0.00,0,0,0.00,0.00,0,0
1432849918,total,0.00,0.00,0.00,0,0,0.00,0.00,0.00,0,0,0.00,0.00,0,0
1432849918,eth0,0.00,0.00,0.00,0,0,0.00,0.00,0.00,0,0,0.00,0.00,0,0
1432849918,lo,0.00,0.00,0.00,0,0,0.00,0.00,0.00,0,0,0.00,0.00,0,0
1432849918,total,0.00,0.00,0.00,0,0,0.00,0.00,0.00,0,0,0.00,0.00,0,0
1432849918,eth0,0.00,0.00,0.00,0,0,0.00,0.00,0.00,0,0,0.00,0.00,0,0
1432849918,lo,0.00,0.00,0.00,0,0,0.00,0.00,0.00,0,0,0.00,0.00,0,0
1432849918,total,0.00,0.00,0.00,0,0,0.00,0.00,0.00,0,0,0.00,0.00,0,0
1432849918,eth0,0.00,0.00,0.00,0,0,0.00,0.00,0.00,0,0,0.00,0.00,0,0
1432849918,lo,0.00,0.00,0.00,0,0,0.00,0.00,0.00,0,0,0.00,0.00,0,0
1432849918,total,0.00,0.00,0.00,0,0,0.00,0.00,0.00,0,0,0.00,0.00,0,0
1432849918,eth0,0.00,0.00,0.00,0,0,0.00,0.00,0.00,0,0,0.00,0.00,0,0
1432849918,lo,0.00,0.00,0.00,0,0,0.00,0.00,0.00,0,0,0.00,0.00,0,0
1432849918,total,0.00,0.00,0.00,0,0,0.00,0.00,0.00,0,0,0.00,0.00,0,0
1432849918,eth0,0.00,0.00,0.00,0,0,0.00,0.00,0.00,0,0,0.00,0.00,0,0
1432849918,lo,0.00,0.00,0.00,0,0,0.00,0.00,0.00,0,0,0.00,0.00,0,0
1432849918,total,0.00,0.00,0.00,0,0,0.00,0.00,0.00,0,0,0.00,0.00,0,0
1432849918,eth0,0.00,0.00,0.00,0,0,0.00,0.00,0.00,0,0,0.00,0.00,0,0
1432849918,lo,0.00,0.00,0.00,0,0,0.00,0.00,0.00,0,0,0.00,0.00,0,0
1432849918,total,0.00,0.00,0.00,0,0,0.00,0.00,0.00,0,0,0.00,0.00,0,0
1432849918,eth0,0.00,0.00,0.00,0,0,0.00,0.00,0.00,0,0,0.00,0.00,0,0
1432849918,lo,0.00,0.00,0.00,0,0,0.00,0.00,0.00,0,0,0.00,0.00,0,0
1432849918,total,0.00,0.00,0.00,0,0,0.00,0.00,0.00,0,0,0.00,0.00,0,0
1432849919,eth0,0.00,0.00,0.00,0,0,0.00,0.00,0.00,0,0,0.00,0.00,0,0
1432849919,lo,0.00,0.00,0.00,0,0,0.00,0.00,0.00,0,0,0.00,0.00,0,0
1432849919,total,0.00,0.00,0.00,0,0,0.00,0.00,0.00,0,0,0.00,0.00,0,0
1432849919,eth0,0.00,0.00,0.00,0,0,0.00,0.00,0.00,0,0,0.00,0.00,0,0
1432849919,lo,0.00,0.00,0.00,0,0,0.00,0.00,0.00,0,0,0.00,0.00,0,0
1432849919,total,0.00,0.00,0.00,0,0,0.00,0.00,0.00,0,0,0.00,0.00,0,0
1432849919,eth0,0.00,0.00,0.00,0,0,0.00,0.00,0.00,0,0,0.00,0.00,0,0
1432849919,lo,0.00,0.00,0.00,0,0,0.00,0.00,0.00,0,0,0.00,0.00,0,0
1432849919,total,0.00,0.00,0.00,0,0,0.00,0.00,0.00,0,0,0.00,0.00,0,0
1432849919,eth0,0.00,0.00,0.00,0,0,0.00,0.00,0.00,0,0,0.00,0.00,0,0
1432849919,lo,0.00,0.00,0.00,0,0,0.00,0.00,0.00,0,0,0.00,0.00,0,0
1432849919,total,0.00,0.00,0.00,0,0,0.00,0.00,0.00,0,0,0.00,0.00,0,0
1432849919,eth0,0.00,0.00,0.00,0,0,0.00,0.00,0.00,0,0,0.00,0.00,0,0
1432849919,lo,0.00,0.00,0.00,0,0,0.00,0.00,0.00,0,0,0.00,0.00,0,0
1432849919,total,0.00,0.00,0.00,0,0,0.00,0.00,0.00,0,0,0.00,0.00,0,0
1432849919,eth0,0.00,0.00,0.00,0,0,0.00,0.00,0.00,0,0,0.00,0.00,0,0
1432849919,lo,0.00,0.00,0.00,0,0,0.00,0.00,0.00,0,0,0.00,0.00,0,0
1432849919,total,0.00,0.00,0.00,0,0,0.00,0.00,0.00,0,0,0.00,0.00,0,0
1432849919,eth0,0.00,0.00,0.00,0,0,0.00,0.00,0.00,0,0,0.00,0.00,0,0
1432849919,lo,0.00,0.00,0.00,0,0,0.00,0.00,0.00,0,0,0.00,0.00,0,0
1432849919,total,0.00,0.00,0.00,0,0,0.00,0.00,0.00,0,0,0.00,0.00,0,0
1432849919,eth0,0.00,0.00,0.00,0,0,0.00,0.00,0.00,0,0,0.00,0.00,0,0
1432849919,lo,0.00,0.00,0.00,0,0,0.00,0.00,0.00,0,0,0.00,0.00,0,0
1432849919,total,0.00,0.00,0.00,0,0,0.00,0.00,0.00,0,0,0.00,0.00,0,0
1432849919,eth0,0.00,0.00,0.00,0,0,0.00,0.00,0.00,0,0,0.00,0.00,0,0
1432849919,lo,0.00,0.00,0.00,0,0,0.00,0.00,0.00,0,0,0.00,0.00,0,0
1432849919,total,0.00,0.00,0.00,0,0,0.00,0.00,0.00,0,0,0.00,0.00,0,0
1432849919,eth0,0.00,0.00,0.00,0,0,0.00,0.00,0.00,0,0,0.00,0.00,0,0
1432849919,lo,0.00,0.00,0.00,0,0,0.00,0.00,0.00,0,0,0.00,0.00,0,0
1432849919,total,0.00,0.00,0.00,0,0,0.00,0.00,0.00,0,0,0.00,0.00,0,0
1432849920,eth0,0.00,0.00,0.00,0,0,0.00,0.00,0.00,0,0,0.00,0.00,0,0
1432849920,lo,0.00,0.00,0.00,0,0,0.00,0.00,0.00,0,0,0.00,0.00,0,0
1432849920,total,0.00,0.00,0.00,0,0,0.00,0.00,0.00,0,0,0.00,0.00,0,0
1432849920,eth0,0.00,0.00,0.00,0,0,0.00,0.00,0.00,0,0,0.00,0.00,0,0
1432849920,lo,0.00,0.00,0.00,0,0,0.00,0.00,0.00,0,0,0.00,0.00,0,0
1432849920,total,0.00,0.00,0.00,0,0,0.00,0.00,0