1432850185,s1-eth1,0.00,0.00,0.00,0,0,0.00,0.00,0.00,0,0,0.00,0.00,0,0
1432850185,s1-eth2,0.00,0.00,0.00,0,0,0.00,0.00,0.00,0,0,0.00,0.00,0,0
1432850185,s1-eth3,0.00,0.00,0.00,0,0,0.00,0.00,0.00,0,0,0.00,0.00,0,0
1432850185,s0,0.00,0.00,0.00,0,0,0.00,0.00,0.00,0,0,0.00,0.00,0,0
1432850185,eth0,0.00,0.00,0.00,0,0,0.00,0.00,0.00,0,0,0.00,0.00,0,0
1432850185,lo,0.00,0.00,0.00,0,0,0.00,0.00,0.00,0,0,0.00,0.00,0,0
1432850185,s1,0.00,0.00,0.00,0,0,0.00,0.00,0.00,0,0,0.00,0.00,0,0
1432850185,s0-eth1,0.00,0.00,0.00,0,0,0.00,0.00,0.00,0,0,0.00,0.00,0,0
1432850185,s0-eth2,0.00,0.00,0.00,0,0,0.00,0.00,0.00,0,0,0.00,0.00,0,0
1432850185,s0-eth3,0.00,0.00,0.00,0,0,0.00,0.00,0.00,0,0,0.00,0.00,0,0
1432850185,total,0.00,0.00,0.00,0,0,0.00,0.00,0.00,0,0,0.00,0.00,0,0
1432850185,s1-eth1,0.00,156300.00,156300.00,15630,0,0.00,150.00,150.00,15,0,0.00,0.00,0,0
1432850185,s1-eth2,0.00,0.00,0.00,0,0,0.00,0.00,0.00,0,0,0.00,0.00,0,0
1432850185,s1-eth3,166720.00,0.00,166720.00,0,16672,160.00,0.00,160.00,0,16,0.00,0.00,0,0
1432850185,s0,0.00,0.00,0.00,0,0,0.00,0.00,0.00,0,0,0.00,0.00,0,0
1432850185,eth0,0.00,0.00,0.00,0,0,0.00,0.00,0.00,0,0,0.00,0.00,0,0
1432850185,lo,0.00,0.00,0.00,0,0,0.00,0.00,0.00,0,0,0.00,0.00,0,0
1432850185,s1,0.00,0.00,0.00,0,0,0.00,0.00,0.00,0,0,0.00,0.00,0,0
1432850185,s0-eth1,156300.00,0.00,156300.00,0,15630,150.00,0.00,150.00,0,15,0.00,0.00,0,0
1432850185,s0-eth2,0.00,0.00,0.00,0,0,0.00,0.00,0.00,0,0,0.00,0.00,0,0
1432850185,s0-eth3,0.00,0.00,0.00,0,0,0.00,0.00,0.00,0,0,0.00,0.00,0,0
1432850185,total,323020.00,156300.00,479320.00,15630,32302,310.00,150.00,460.00,15,31,0.00,0.00,0,0
1432850185,s1-eth1,0.00,0.00,0.00,0,0,0.00,0.00,0.00,0,0,0.00,0.00,0,0
1432850185,s1-eth2,0.00,0.00,0.00,0,0,0.00,0.00,0.00,0,0,0.00,0.00,0,0
1432850185,s1-eth3,0.00,0.00,0.00,0,0,0.00,0.00,0.00,0,0,0.00,0.00,0,0
1432850185,s0,0.00,0.00,0.00,0,0,0.00,0.00,0.00,0,0,0.00,0.00,0,0
1432850185,eth0,0.00,0.00,0.00,0,0,0.00,0.00,0.00,0,0,0.00,0.00,0,0
1432850185,lo,0.00,0.00,0.00,0,0,0.00,0.00,0.00,0,0,0.00,0.00,0,0
1432850185,s1,0.00,0.00,0.00,0,0,0.00,0.00,0.00,0,0,0.00,0.00,0,0
1432850185,s0-eth1,0.00,0.00,0.00,0,0,0.00,0.00,0.00,0,0,0.00,0.00,0,0
1432850185,s0-eth2,0.00,15140.00,15140.00,1514,0,0.00,10.00,10.00,1,0,0.00,0.00,0,0
1432850185,s0-eth3,0.00,0.00,0.00,0,0,0.00,0.00,0.00,0,0,0.00,0.00,0,0
1432850185,total,0.00,15140.00,15140.00,1514,0,0.00,10.00,10.00,1,0,0.00,0.00,0,0
1432850185,s1-eth1,9240.00,196160.00,205400.00,19616,924,120.00,120.00,240.00,12,12,0.00,0.00,0,0
1432850185,s1-eth2,196160.00,9240.00,205400.00,924,19616,120.00,120.00,240.00,12,12,0.00,0.00,0,0
1432850185,s1-eth3,0.00,0.00,0.00,0,0,0.00,0.00,0.00,0,0,0.00,0.00,0,0
1432850185,s0,0.00,0.00,0.00,0,0,0.00,0.00,0.00,0,0,0.00,0.00,0,0
1432850185,eth0,0.00,0.00,0.00,0,0,0.00,0.00,0.00,0,0,0.00,0.00,0,0
1432850185,lo,0.00,0.00,0.00,0,0,0.00,0.00,0.00,0,0,0.00,0.00,0,0
1432850185,s1,0.00,0.00,0.00,0,0,0.00,0.00,0.00,0,0,0.00,0.00,0,0
1432850185,s0-eth1,196160.00,9240.00,205400.00,924,19616,120.00,120.00,240.00,12,12,0.00,0.00,0,0
1432850185,s0-eth2,8460.00,302140.00,310600.00,30214,846,110.00,190.00,300.00,19,11,0.00,0.00,0,0
1432850185,s0-eth3,0.00,0.00,0.00,0,0,0.00,0.00,0.00,0,0,0.00,0.00,0,0
1432850185,total,410020.00,516780.00,926800.00,51678,41002,470.00,550.00,1020.00,55,47,0.00,0.00,0,0
1432850186,s1-eth1,5702.97,194871.30,200574.27,19682,576,79.21,128.71,207.92,13,8,0.00,0.00,0,0
1432850186,s1-eth2,179881.19,5702.97,185584.17,576,18168,118.81,79.21,198.02,8,12,0.00,0.00,0,0
1432850186,s1-eth3,0.00,0.00,0.00,0,0,0.00,0.00,0.00,0,0,0.00,0.00,0,0
1432850186,s0,0.00,0.00,0.00,0,0,0.00,0.00,0.00,0,0,0.00,0.00,0,0
1432850186,eth0,0.00,0.00,0.00,0,0,0.00,0.00,0.00,0,0,0.00,0.00,0,0
1432850186,lo,0.00,0.00,0.00,0,0,0.00,0.00,0.00,0,0,0.00,0.00,0,0
1432850186,s1,0.00,0.00,0.00,0,0,0.00,0.00,0.00,0,0,0.00,0.00,0,0
1432850186,s0-eth1,194871.30,5702.97,200574.27,576,19682,128.71,79.21,207.92,8,13,0.00,0.00,0,0
1432850186,s0-eth2,6475.25,192257.44,198732.69,19418,654,89.11,89.11,178.22,9,9,0.00,0.00,0,0
1432850186,s0-eth3,0.00,0.00,0.00,0,0,0.00,0.00,0.00,0,0,0.00,0.00,0,0
1432850186,total,386930.72,398534.66,785465.38,40252,39080,415.84,376.24,792.08,38,42,0.00,0.00,0,0
1432850186,s1-eth1,4620.00,177720.00,182340.00,17772,462,70.00,60.00,130.00,6,7,0.00,0.00,0,0
1432850186,s1-eth2,192860.00,4620.00,197480.00,462,19286,70.00,70.00,140.00,7,7,0.00,0.00,0,0
1432850186,s1-eth3,0.00,0.00,0.00,0,0,0.00,0.00,0.00,0,0,0.00,0.00,0,0
1432850186,s0,0.00,0.00,0.00,0,0,0.00,0.00,0.00,0,0,0.00,0.00,0,0
1432850186,eth0,0.00,0.00,0.00,0,0,0.00,0.00,0.00,0,0,0.00,0.00,0,0
1432850186,lo,0.00,0.00,0.00,0,0,0.00,0.00,0.00,0,0,0.00,0.00,0,0
1432850186,s1,0.00,0.00,0.00,0,0,0.00,0.00,0.00,0,0,0.00,0.00,0,0
1432850186,s0-eth1,177720.00,4620.00,182340.00,462,17772,60.00,70.00,130.00,7,6,0.00,0.00,0,0
1432850186,s0-eth2,4620.00,207340.00,211960.00,20734,462,70.00,70.00,140.00,7,7,0.00,0.00,0,0
1432850186,s0-eth3,0.00,0.00,0.00,0,0,0.00,0.00,0.00,0,0,0.00,0.00,0,0
1432850186,total,379820.00,394300.00,774120.00,39430,37982,270.00,270.00,540.00,27,27,0.00,0.00,0,0
1432850186,s1-eth1,3960.00,207340.00,211300.00,20734,396,60.00,70.00,130.00,7,6,0.00,0.00,0,0
1432850186,s1-eth2,177720.00,3960.00,181680.00,396,17772,60.00,60.00,120.00,6,6,0.00,0.00,0,0
1432850186,s1-eth3,0.00,0.00,0.00,0,0,0.00,0.00,0.00,0,0,0.00,0.00,0,0
1432850186,s0,0.00,0.00,0.00,0,0,0.00,0.00,0.00,0,0,0.00,0.00,0,0
1432850186,eth0,0.00,0.00,0.00,0,0,0.00,0.00,0.00,0,0,0.00,0.00,0,0
1432850186,lo,0.00,0.00,0.00,0,0,0.00,0.00,0.00,0,0,0.00,0.00,0,0
1432850186,s1,0.00,0.00,0.00,0,0,0.00,0.00,0.00,0,0,0.00,0.00,0,0
1432850186,s0-eth1,207340.00,3960.00,211300.00,396,20734,70.00,60.00,130.00,6,7,0.00,0.00,0,0
1432850186,s0-eth2,3960.00,177720.00,181680.00,17772,396,60.00,60.00,120.00,6,6,0.00,0.00,0,0
1432850186,s0-eth3,0.00,0.00,0.00,0,0,0.00,0.00,0.00,0,0,0.00,0.00,0,0
1432850186,total,392980.00,392980.00,785960.00,39298,39298,250.00,250.00,500.00,25,25,0.00,0.00,0,0
1432850186,s1-eth1,3960.00,177720.00,181680.00,17772,396,60.00,60.00,120.00,6,6,0.00,0.00,0,0
1432850186,s1-eth2,207340.00,3960.00,211300.00,396,20734,70.00,60.00,130.00,6,7,0.00,0.00,0,0
1432850186,s1-eth3,0.00,0.00,0.00,0,0,0.00,0.00,0.00,0,0,0.00,0.00,0,0
1432850186,s0,0.00,0.00,0.00,0,0,0.00,0.00,0.00,0,0,0.00,0.00,0,0
1432850186,eth0,0.00,0.00,0.00,0,0,0.00,0.00,0.00,0,0,0.00,0.00,0,0
1432850186,lo,0.00,0.00,0.00,0,0,0.00,0.00,0.00,0,0,0.00,0.00,0,0
1432850186,s1,0.00,0.00,0.00,0,0,0.00,0.00,0.00,0,0,0.00,0.00,0,0
1432850186,s0-eth1,177720.00,3960.00,181680.00,396,17772,60.00,60.00,120.00,6,6,0.00,0.00,0,0
1432850186,s0-eth2,3960.00,177720.00,181680.00,17772,396,60.00,60.00,120.00,6,6,0.00,0.00,0,0
1432850186,s0-eth3,0.00,0.00,0.00,0,0,0.00,0.00,0.00,0,0,0.00,0.00,0,0
1432850186,total,392980.00,363360.00,756340.00,36336,39298,250.00,240.00,490.00,24,25,0.00,0.00,0,0
1432850186,s1-eth1,4620.00,177720.00,182340.00,17772,462,70.00,60.00,130.00,6,7,0.00,0.00,0,0
1432850186,s1-eth2,177720.00,4620.00,182340.00,462,17772,60.00,70.00,130.00,7,6,0.00,0.00,0,0
1432850186,s1-eth3,0.00,0.00,0.00,0,0,0.00,0.00,0.00,0,0,0.00,0.00,0,0
1432850186,s0,0.00,0.00,0.00,0,0,0.00,0.00,0.00,0,0,0.00,0.00,0,0
1432850186,eth0,0.00,0.00,0.00,0,0,0.00,0.00,0.00,0,0,0.00,0.00,0,0
1432850186,lo,0.00,0.00,0.00,0,0,0.00,0.00,0.00,0,0,0.00,0.00,0,0
1432850186,s1,0.00,0.00,0.00,0,0,0.00,0.00,0.00,0,0,0.00,0.00,0,0
1432850186,s0-eth1,177720.00,4620.00,182340.00,462,17772,60.00,70.00,130.00,7,6,0.00,0.00,0,0
1432850186,s0-eth2,3960.00,207340.00,211300.00,20734,396,60.00,70.00,130.00,7,6,0.00,0.00,0,0
1432850186,s0-eth3,0.00,0.00,0.00,0,0,0.00,0.00,0.00,0,0,0.00,0.00,0,0
1432850186,total,364020.00,394300.00,758320.00,39430,36402,250.00,270.00,520.00,27,25,0.00,0.00,0,0
1432850186,s1-eth1,3960.00,177720.00,181680.00,17772,396,60.00,60.00,120.00,6,6,0.00,0.00,0,0
1432850186,s1-eth2,177720.00,3960.00,181680.00,396,17772,60.00,60.00,120.00,6,6,0.00,0.00,0,0
1432850186,s1-eth3,0.00,0.00,0.00,0,0,0.00,0.00,0.00,0,0,0.00,0.00,0,0
1432850186,s0,0.00,0.00,0.00,0,0,0.00,0.00,0.00,0,0,0.00,0.00,0,0
1432850186,eth0,0.00,0.00,0.00,0,0,0.00,0.00,0.00,0,0,0.00,0.00,0,0
1432850186,lo,0.00,0.00,0.00,0,0,0.00,0.00,0.00,0,0,0.00,0.00,0,0
1432850186,s1,0.00,0.00,0.00,0,0,0.00,0.00,0.00,0,0,0.00,0.00,0,0
1432850186,s0-eth1,177720.00,3960.00,181680.00,396,17772,60.00,60.00,120.00,6,6,0.00,0.00,0,0
1432850186,s0-eth2,4620.00,207340.00,211960.00,20734,462,70.00,70.00,140.00,7,7,0.00,0.00,0,0
1432850186,s0-eth3,0.00,0.00,0.00,0,0,0.00,0.00,0.00,0,0,0.00,0.00,0,0
1432850186,total,364020.00,392980.00,757000.00,39298,36402,250.00,250.00,500.00,25,25,0.00,0.00,0,0
1432850186,s1-eth1,3960.00,177720.00,181680.00,17772,396,60.00,60.00,120.00,6,6,0.00,0.00,0,0
1432850186,s1-eth2,177720.00,3960.00,181680.00,396,17772,60.00,60.00,120.00,6,6,0.00,0.00,0,0
1432850186,s1-eth3,0.00,0.00,0.00,0,0,0.00,0.00,0.00,0,0,0.00,0.00,0,0
1432850186,s0,0.00,0.00,0.00,0,0,0.00,0.00,0.00,0,0,0.00,0.00,0,0
1432850186,eth0,0.00,0.00,0.00,0,0,0.00,0.00,0.00,0,0,0.00,0.00,0,0
1432850186,lo,0.00,0.00,0.00,0,0,0.00,0.00,0.00,0,0,0.00,0.00,0,0
1432850186,s1,0.00,0.00,0.00,0,0,0.00,0.00,0.00,0,0,0.00,0.00,0,0
1432850186,s0-eth1,177720.00,3960.00,181680.00,396,17772,60.00,60.00,120.00,6,6,0.00,0.00,0,0
1432850186,s0-eth2,3960.00,177720.00,181680.00,17772,396,60.00,60.00,120.00,6,6,0.00,0.00,0,0
1432850186,s0-eth3,0.00,0.00,0.00,0,0,0.00,0.00,0.00,0,0,0.00,0.00,0,0
1432850186,total,363360.00,363360.00,726720.00,36336,36336,240.00,240.00,480.00,24,24,0.00,0.00,0,0
1432850186,s1-eth1,3960.00,207340.00,211300.00,20734,396,60.00,70.00,130.00,7,6,0.00,0.00,0,0
1432850186,s1-eth2,177720.00,3960.00,181680.00,396,17772,60.00,60.00,120.00,6,6,0.00,0.00,0,0
1432850186,s1-eth3,0.00,0.00,0.00,0,0,0.00,0.00,0.00,0,0,0.00,0.00,0,0
1432850186,s0,0.00,0.00,0.00,0,0,0.00,0.00,0.00,0,0,0.00,0.00,0,0
1432850186,eth0,0.00,0.00,0.00,0,0,0.00,0.00,0.00,0,0,0.00,0.00,0,0
1432850186,lo,0.00,0.00,0.00,0,0,0.00,0.00,0.00,0,0,0.00,0.00,0,0
1432850186,s1,0.00,0.00,0.00,0,0,0.00,0.00,0.00,0,0,0.00,0.00,0,0
1432850186,s0-eth1,207340.00,3960.00,211300.00,396,20734,70.00,60.00,130.00,6,7,0.00,0.00,0,0
1432850186,s0-eth2,3960.00,177720.00,181680.00,17772,396,60.00,60.00,120.00,6,6,0.00,0.00,0,0
1432850186,s0-eth3,0.00,0.00,0.00,0,0,0.00,0.00,0.00,0,0,0.00,0.00,0,0
1432850186,total,392980.00,392980.00,785960.00,39298,39298,250.00,250.00,500.00,25,25,0.00,0.00,0,0
1432850186,s1-eth1,3960.00,177720.00,181680.00,17772,396,60.00,60.00,120.00,6,6,0.00,0.00,0,0
1432850186,s1-eth2,207340.00,4620.00,211960.00,462,20734,70.00,70.00,140.00,7,7,0.00,0.00,0,0
1432850186,s1-eth3,0.00,0.00,0.00,0,0,0.00,0.00,0.00,0,0,0.00,0.00,0,0
1432850186,s0,0.00,0.00,0.00,0,0,0.00,0.00,0.00,0,0,0.00,0.00,0,0
1432850186,eth0,0.00,0.00,0.00,0,0,0.00,0.00,0.00,0,0,0.00,0.00,0,0
1432850186,lo,0.00,0.00,0.00,0,0,0.00,0.00,0.00,0,0,0.00,0.00,0,0
1432850186,s1,0.00,0.00,0.00,0,0,0.00,0.00,0.00,0,0,0.00,0.00,0,0
1432850186,s0-eth1,177720.00,3960.00,181680.00,396,17772,60.00,60.00,120.00,6,6,0.00,0.00,0,0
1432850186,s0-eth2,3960.00,207340.00,211300.00,20734,396,60.00,70.00,130.00,7,6,0.00,0.00,0,0
1432850186,s0-eth3,0.00,0.00,0.00,0,0,0.00,0.00,0.00,0,0,0.00,0.00,0,0
1432850186,total,392980.00,393640.00,786620.00,39364,39298,250.00,260.00,510.00,26,25,0.00,0.00,0,0
1432850186,s1-eth1,4620.00,177720.00,182340.00,17772,462,70.00,60.00,130.00,6,7,0.00,0.00,0,0
1432850186,s1-eth2,177720.00,3960.00,181680.00,396,17772,60.00,60.00,120.00,6,6,0.00,0.00,0,0
1432850186,s1-eth3,0.00,0.00,0.00,0,0,0.00,0.00,0.00,0,0,0.00,0.00,0,0
1432850186,s0,0.00,0.00,0.00,0,0,0.00,0.00,0.00,0,0,0.00,0.00,0,0
1432850186,eth0,0.00,0.00,0.00,0,0,0.00,0.00,0.00,0,0,0.00,0.00,0,0
1432850186,lo,0.00,0.00,0.00,0,0,0.00,0.00,0.00,0,0,0.00,0.00,0,0
1432850186,s1,0.00,0.00,0.00,0,0,0.00,0.00,0.00,0,0,0.00,0.00,0,0
1432850186,s0-eth1,177720.00,4620.00,182340.00,462,17772,60.00,70.00,130.00,7,6,0.00,0.00,0,0
1432850186,s0-eth2,3960.00,177720.00,181680.00,17772,396,60.00,60.00,120.00,6,6,0.00,0.00,0,0
1432850186,s0-eth3,0.00,0.00,0.00,0,0,0.00,0.00,0.00,0,0,0.00,0.00,0,0
1432850186,total,364020.00,364020.00,728040.00,36402,36402,250.00,250.00,500.00,25,25,0.00,0.00,0,0
1432850187,s1-eth1,3920.79,175960.41,179881.19,17772,396,59.41,59.41,118.81,6,6,0.00,0.00,0,0
1432850187,s1-eth2,175960.41,3920.79,179881.19,396,17772,59.41,59.41,118.81,6,6,0.00,0.00,0,0
1432850187,s1-eth3,0.00,0.00,0.00,0,0,0.00,0.00,0.00,0,0,0.00,0.00,0,0
1432850187,s0,0.00,0.00,0.00,0,0,0.00,0.00,0.00,0,0,0.00,0.00,0,0
1432850187,eth0,0.00,0.00,0.00,0,0,0.00,0.00,0.00,0,0,0.00,0.00,0,0
1432850187,lo,0.00,0.00,0.00,0,0,0.00,0.00,0.00,0,0,0.00,0.00,0,0
1432850187,s1,0.00,0.00,0.00,0,0,0.00,0.00,0.00,0,0,0.00,0.00,0,0
1432850187,s0-eth1,175960.41,3920.79,179881.19,396,17772,59.41,59.41,118.81,6,6,0.00,0.00,0,0
1432850187,s0-eth2,4574.26,205287.14,209861.39,20734,462,69.31,69.31,138.61,7,7,0.00,0.00,0,0
1432850187,s0-eth3,0.00,0.00,0.00,0,0,0.00,0.00,0.00,0,0,0.00,0.00,0,0
1432850187,total,360415.84,389089.12,749505.00,39298,36402,247.52,247.52,495.05,25,25,0.00,0.00,0,0
1432850187,s1-eth1,3960.00,177720.00,181680.00,17772,396,60.00,60.00,120.00,6,6,0.00,0.00,0,0
1432850187,s1-eth2,177720.00,3960.00,181680.00,396,17772,60.00,60.00,120.00,6,6,0.00,0.00,0,0
1432850187,s1-eth3,0.00,0.00,0.00,0,0,0.00,0.00,0.00,0,0,0.00,0.00,0,0
1432850187,s0,0.00,0.00,0.00,0,0,0.00,0.00,0.00,0,0,0.00,0.00,0,0
1432850187,eth0,0.00,0.00,0.00,0,0,0.00,0.00,0.00,0,0,0.00,0.00,0,0
1432850187,lo,0.00,0.00,0.00,0,0,0.00,0.00,0.00,0,0,0.00,0.00,0,0
1432850187,s1,0.00,0.00,0.00,0,0,0.00,0.00,0.00,0,0,0.00,0.00,0,0
1432850187,s0-eth1,177720.00,3960.00,181680.00,396,17772,60.00,60.00,120.00,6,6,0.00,0.00,0,0
1432850187,s0-eth2,3960.00,177720.00,181680.00,17772,396,60.00,60.00,120.00,6,6,0.00,0.00,0,0
1432850187,s0-eth3,0.00,0.00,0.00,0,0,0.00,0.00,0.00,0,0,0.00,0.00,0,0
1432850187,total,363360.00,363360.00,726720.00,36336,36336,240.00,240.00,480.00,24,24,0.00,0.00,0,0
1432850187,s1-eth1,3960.00,207340.00,211300.00,20734,396,60.00,70.00,130.00,7,6,0.00,0.00,0,0
1432850187,s1-eth2,207340.00,3960.00,211300.00,396,20734,70.00,60.00,130.00,6,7,0.00,0.00,0,0
1432850187,s1-eth3,0.00,0.00,0.00,0,0,0.00,0.00,0.00,0,0,0.00,0.00,0,0
1432850187,s0,0.00,0.00,0.00,0,0,0.00,0.00,0.00,0,0,0.00,0.00,0,0
1432850187,eth0,0.00,0.00,0.00,0,0,0.00,0.00,0.00,0,0,0.00,0.00,0,0
1432850187,lo,0.00,0.00,0.00,0,0,0.00,0.00,0.00,0,0,0.00,0.00,0,0
1432850187,s1,0.00,0.00,0.00,0,0,0.00,0.00,0.00,0,0,0.00,0.00,0,0
1432850187,s0-eth1,207340.00,3960.00,211300.00,396,20734,70.00,60.00,130.00,6,7,0.00,0.00,0,0
1432850187,s0-eth2,3960.00,177720.00,181680.00,17772,396,60.00,60.00,120.00,6,6,0.00,0.00,0,0
1432850187,s0-eth3,0.00,0.00,0.00,0,0,0.00,0.00,0.00,0,0,0.00,0.00,0,0
1432850187,total,422600.00,392980.00,815580.00,39298,42260,260.00,250.00,510.00,25,26,0.00,0.00,0,0
1432850187,s1-eth1,3960.00,177720.00,181680.00,17772,396,60.00,60.00,120.00,6,6,0.00,0.00,0,0
1432850187,s1-eth2,177720.00,4620.00,182340.00,462,17772,60.00,70.00,130.00,7,6,0.00,0.00,0,0
1432850187,s1-eth3,0.00,0.00,0.00,0,0,0.00,0.00,0.00,0,0,0.00,0.00,0,0
1432850187,s0,0.00,0.00,0.00,0,0,0.00,0.00,0.00,0,0,0.00,0.00,0,0
1432850187,eth0,0.00,0.00,0.00,0,0,0.00,0.00,0.00,0,0,0.00,0.00,0,0
1432850187,lo,0.00,0.00,0.00,0,0,0.00,0.00,0.00,0,0,0.00,0.00,0,0
1432850187,s1,0.00,0.00,0.00,0,0,0.00,0.00,0.00,0,0,0.00,0.00,0,0
1432850187,s0-eth1,177720.00,3960.00,181680.00,396,17772,60.00,60.00,120.00,6,6,0.00,0.00,0,0
1432850187,s0-eth2,3960.00,207340.00,211300.00,20734,396,60.00,70.00,130.00,7,6,0.00,0.00,0,0
1432850187,s0-eth3,0.00,0.00,0.00,0,0,0.00,0.00,0.00,0,0,0.00,0.00,0,0
1432850187,total,363360.00,393640.00,757000.00,39364,36336,240.00,260.00,500.00,26,24,0.00,0.00,0,0
1432850187,s1-eth1,4620.00,177720.00,182340.00,17772,462,70.00,60.00,130.00,6,7,0.00,0.00,0,0
1432850187,s1-eth2,177720.00,3960.00,181680.00,396,17772,60.00,60.00,120.00,6,6,0.00,0.00,0,0
1432850187,s1-eth3,0.00,0.00,0.00,0,0,0.00,0.00,0.00,0,0,0.00,0.00,0,0
1432850187,s0,0.00,0.00,0.00,0,0,0.00,0.00,0.00,0,0,0.00,0.00,0,0
1432850187,eth0,0.00,0.00,0.00,0,0,0.00,0.00,0.00,0,0,0.00,0.00,0,0
1432850187,lo,0.00,0.00,0.00,0,0,0.00,0.00,0.00,0,0,0.00,0.00,0,0
1432850187,s1,0.00,0.00,0.00,0,0,0.00,0.00,0.00,0,0,0.00,0.00,0,0
1432850187,s0-eth1,177720.00,4620.00,182340.00,462,17772,60.00,70.00,130.00,7,6,0.00,0.00,0,0
1432850187,s0-eth2,4620.00,177720.00,182340.00,17772,462,70.00,60.00,130.00,6,7,0.00,0.00,0,0
1432850187,s0-eth3,0.00,0.00,0.00,0,0,0.00,0.00,0.00,0,0,0.00,0.00,0,0
1432850187,total,364680.00,364020.00,728700.00,36402,36468,260.00,250.00,510.00,25,26,0.00,0.00,0,0
1432850187,s1-eth1,3960.00,177720.00,181680.00,17772,396,60.00,60.00,120.00,6,6,0.00,0.00,0,0
1432850187,s1-eth2,177720.00,3960.00,181680.00,396,17772,60.00,60.00,120.00,6,6,0.00,0.00,0,0
1432850187,s1-eth3,0.00,0.00,0.00,0,0,0.00,0.00,0.00,0,0,0.00,0.00,0,0
1432850187,s0,0.00,0.00,0.00,0,0,0.00,0.00,0.00,0,0,0.00,0.00,0,0
1432850187,eth0,0.00,0.00,0.00,0,0,0.00,0.00,0.00,0,0,0.00,0.00,0,0
1432850187,lo,0.00,0.00,0.00,0,0,0.00,0.00,0.00,0,0,0.00,0.00,0,0
1432850187,s1,0.00,0.00,0.00,0,0,0.00,0.00,0.00,0,0,0.00,0.00,0,0
1432850187,s0-eth1,177720.00,3960.00,181680.00,396,17772,60.00,60.00,120.00,6,6,0.00,0.00,0,0
1432850187,s0-eth2,3960.00,207340.00,211300.00,20734,396,60.00,70.00,130.00,7,6,0.00,0.00,0,0
1432850187,s0-eth3,0.00,93780.00,93780.00,9378,0,0.00,90.00,90.00,9,0,0.00,0.00,0,0
1432850187,total,363360.00,486760.00,850120.00,48676,36336,240.00,340.00,580.00,34,24,0.00,0.00,0,0
1432850187,s1-eth1,3960.00,177720.00,181680.00,17772,396,60.00,60.00,120.00,6,6,0.00,0.00,0,0
1432850187,s1-eth2,177720.00,3960.00,181680.00,396,17772,60.00,60.00,120.00,6,6,0.00,0.00,0,0
1432850187,s1-eth3,0.00,0.00,0.00,0,0,0.00,0.00,0.00,0,0,0.00,0.00,0,0
1432850187,s0,0.00,0.00,0.00,0,0,0.00,0.00,0.00,0,0,0.00,0.00,0,0
1432850187,eth0,0.00,0.00,0.00,0,0,0.00,0.00,0.00,0,0,0.00,0.00,0,0
1432850187,lo,0.00,0.00,0.00,0,0,0.00,0.00,0.00,0,0,0.00,0.00,0,0
1432850187,s1,0.00,0.00,0.00,0,0,0.00,0.00,0.00,0,0,0.00,0.00,0,0
1432850187,s0-eth1,177720.00,3960.00,181680.00,396,17772,60.00,60.00,120.00,6,6,0.00,0.00,0,0
1432850187,s0-eth2,3960.00,177720.00,181680.00,17772,396,60.00,60.00,120.00,6,6,0.00,0.00,0,0
1432850187,s0-eth3,0.00,1886020.00,1886020.00,188602,0,0.00,1810.00,1810.00,181,0,0.00,0.00,0,0
1432850187,total,363360.00,2249380.00,2612740.00,224938,36336,240.00,2050.00,2290.00,205,24,0.00,0.00,0,0
1432850187,s1-eth1,1320.00,194700.00,196020.00,19470,132,20.00,150.00,170.00,15,2,0.00,0.00,0,0
1432850187,s1-eth2,59240.00,1320.00,60560.00,132,5924,20.00,20.00,40.00,2,2,0.00,0.00,0,0
1432850187,s1-eth3,125040.00,0.00,125040.00,0,12504,120.00,0.00,120.00,0,12,0.00,0.00,0,0
1432850187,s0,0.00,0.00,0.00,0,0,0.00,0.00,0.00,0,0,0.00,0.00,0,0
1432850187,eth0,0.00,0.00,0.00,0,0,0.00,0.00,0.00,0,0,0.00,0.00,0,0
1432850187,lo,0.00,0.00,0.00,0,0,0.00,0.00,0.00,0,0,0.00,0.00,0,0
1432850187,s1,0.00,0.00,0.00,0,0,0.00,0.00,0.00,0,0,0.00,0.00,0,0
1432850187,s0-eth1,194700.00,1320.00,196020.00,132,19470,150.00,20.00,170.00,2,15,0.00,0.00,0,0
1432850187,s0-eth2,1320.00,59240.00,60560.00,5924,132,20.00,20.00,40.00,2,2,0.00,0.00,0,0
1432850187,s0-eth3,0.00,1875600.00,1875600.00,187560,0,0.00,1800.00,1800.00,180,0,0.00,0.00,0,0
1432850187,total,381620.00,2132180.00,2513800.00,213218,38162,330.00,2010.00,2340.00,201,33,0.00,0.00,0,0
1432850187,s1-eth1,0.00,187560.00,187560.00,18756,0,0.00,180.00,180.00,18,0,0.00,0.00,0,0
1432850187,s1-eth2,0.00,0.00,0.00,0,0,0.00,0.00,0.00,0,0,0.00,0.00,0,0
1432850187,s1-eth3,187560.00,0.00,187560.00,0,18756,180.00,0.00,180.00,0,18,0.00,0.00,0,0
1432850187,s0,0.00,0.00,0.00,0,0,0.00,0.00,0.00,0,0,0.00,0.00,0,0
1432850187,eth0,0.00,0.00,0.00,0,0,0.00,0.00,0.00,0,0,0.00,0.00,0,0
1432850187,lo,0.00,0.00,0.00,0,0,0.00,0.00,0.00,0,0,0.00,0.00,0,0
1432850187,s1,0.00,0.00,0.00,0,0,0.00,0.00,0.00,0,0,0.00,0.00,0,0
1432850187,s0-eth1,187560.00,0.00,187560.00,0,18756,180.00,0.00,180.00,0,18,0.00,0.00,0,0
1432850187,s0-eth2,0.00,0.00,0.00,0,0,0.00,0.00,0.00,0,0,0.00,0.00,0,0
1432850187,s0-eth3,0.00,1886020.00,1886020.00,188602,0,0.00,1810.00,1810.00,181,0,0.00,0.00,0,0
1432850187,total,375120.00,2073580.00,2448700.00,207358,37512,360.00,1990.00,2350.00,199,36,0.00,0.00,0,0
1432850187,s1-eth1,0.00,187560.00,187560.00,18756,0,0.00,180.00,180.00,18,0,0.00,0.00,0,0
1432850187,s1-eth2,0.00,0.00,0.00,0,0,0.00,0.00,0.00,0,0,0.00,0.00,0,0
1432850187,s1-eth3,187560.00,0.00,187560.00,0,18756,180.00,0.00,180.00,0,18,0.00,0.00,0,0
1432850187,s0,0.00,0.00,0.00,0,0,0.00,0.00,0.00,0,0,0.00,0.00,0,0
1432850187,eth0,0.00,0.00,0.00,0,0,0.00,0.00,0.00,0,0,0.00,0.00,0,0
1432850187,lo,0.00,0.00,0.00,0,0,0.00,0.00,0.00,0,0,0.00,0.00,0,0
1432850187,s1,0.00,0.00,0.00,0,0,0.00,0.00,0.00,0,0,0.00,0.00,0,0
1432850187,s0-eth1,187560.00,0.00,187560.00,0,18756,180.00,0.00,180.00,0,18,0.00,0.00,0,0
1432850187,s0-eth2,0.00,15140.00,15140.00,1514,0,0.00,10.00,10.00,1,0,0.00,0.00,0,0
1432850187,s0-eth3,0.00,1875600.00,1875600.00,187560,0,0.00,1800.00,1800.00,180,0,0.00,0.00,0,0
1432850187,total,375120.00,2078300.00,2453420.00,207830,37512,360.00,1990.00,2350.00,199,36,0.00,0.00,0,0
1432850188,s1-eth1,653.47,180059.41,180712.88,18186,66,9.90,168.32,178.22,17,1,0.00,0.00,0,0
1432850188,s1-eth2,14990.10,653.47,15643.57,66,1514,9.90,9.90,19.80,1,1,0.00,0.00,0,0
1432850188,s1-eth3,175386.14,0.00,175386.14,0,17714,168.32,0.00,168.32,0,17,0.00,0.00,0,0
1432850188,s0,0.00,0.00,0.00,0,0,0.00,0.00,0.00,0,0,0.00,0.00,0,0
1432850188,eth0,0.00,0.00,0.00,0,0,0.00,0.00,0.00,0,0,0.00,0.00,0,0
1432850188,lo,0.00,0.00,0.00,0,0,0.00,0.00,0.00,0,0,0.00,0.00,0,0
1432850188,s1,0.00,0.00,0.00,0,0,0.00,0.00,0.00,0,0,0.00,0.00,0,0
1432850188,s0-eth1,180059.41,653.47,180712.88,66,18186,168.32,9.90,178.22,1,17,0.00,0.00,0,0
1432850188,s0-eth2,653.47,29326.73,29980.20,2962,66,9.90,9.90,19.80,1,1,0.00,0.00,0,0
1432850188,s0-eth3,0.00,1867346.62,1867346.62,188602,0,0.00,1792.08,1792.08,181,0,0.00,0.00,0,0
1432850188,total,371742.59,2078039.62,2449782.25,209882,37546,366.34,1990.10,2356.44,201,37,0.00,0.00,0,0
1432850188,s1-eth1,0.00,187560.00,187560.00,18756,0,0.00,180.00,180.00,18,0,0.00,0.00,0,0
1432850188,s1-eth2,0.00,0.00,0.00,0,0,0.00,0.00,0.00,0,0,0.00,0.00,0,0
1432850188,s1-eth3,187560.00,0.00,187560.00,0,18756,180.00,0.00,180.00,0,18,0.00,0.00,0,0
1432850188,s0,0.00,0.00,0.00,0,0,0.00,0.00,0.00,0,0,0.00,0.00,0,0
1432850188,eth0,0.00,0.00,0.00,0,0,0.00,0.00,0.00,0,0,0.00,0.00,0,0
1432850188,lo,0.00,0.00,0.00,0,0,0.00,0.00,0.00,0,0,0.00,0.00,0,0
1432850188,s1,0.00,0.00,0.00,0,0,0.00,0.00,0.00,0,0,0.00,0.00,0,0
1432850188,s0-eth1,187560.00,0.00,187560.00,0,18756,180.00,0.00,180.00,0,18,0.00,0.00,0,0
1432850188,s0-eth2,0.00,0.00,0.00,0,0,0.00,0.00,0.00,0,0,0.00,0.00,0,0
1432850188,s0-eth3,0.00,1458800.00,1458800.00,145880,0,0.00,1400.00,1400.00,140,0,0.00,0.00,0,0
1432850188,total,375120.00,1646360.00,2021480.00,164636,37512,360.00,1580.00,1940.00,158,36,0.00,0.00,0,0
1432850188,s1-eth1,0.00,187560.00,187560.00,18756,0,0.00,180.00,180.00,18,0,0.00,0.00,0,0
1432850188,s1-eth2,0.00,0.00,0.00,0,0,0.00,0.00,0.00,0,0,0.00,0.00,0,0
1432850188,s1-eth3,187560.00,0.00,187560.00,0,18756,180.00,0.00,180.00,0,18,0.00,0.00,0,0
1432850188,s0,0.00,0.00,0.00,0,0,0.00,0.00,0.00,0,0,0.00,0.00,0,0
1432850188,eth0,0.00,0.00,0.00,0,0,0.00,0.00,0.00,0,0,0.00,0.00,0,0
1432850188,lo,0.00,0.00,0.00,0,0,0.00,0.00,0.00,0,0,0.00,0.00,0,0
1432850188,s1,0.00,0.00,0.00,0,0,0.00,0.00,0.00,0,0,0.00,0.00,0,0
1432850188,s0-eth1,187560.00,0.00,187560.00,0,18756,180.00,0.00,180.00,0,18,0.00,0.00,0,0
1432850188,s0-eth2,0.00,15140.00,15140.00,1514,0,0.00,10.00,10.00,1,0,0.00,0.00,0,0
1432850188,s0-eth3,0.00,0.00,0.00,0,0,0.00,0.00,0.00,0,0,0.00,0.00,0,0
1432850188,total,375120.00,202700.00,577820.00,20270,37512,360.00,190.00,550.00,19,36,0.00,0.00,0,0
1432850188,s1-eth1,7680.00,186720.00,194400.00,18672,768,100.00,120.00,220.00,12,10,0.00,0.00,0,0
1432850188,s1-eth2,165880.00,7680.00,173560.00,768,16588,100.00,100.00,200.00,10,10,0.00,0.00,0,0
1432850188,s1-eth3,20840.00,0.00,20840.00,0,2084,20.00,0.00,20.00,0,2,0.00,0.00,0,0
1432850188,s0,0.00,0.00,0.00,0,0,0.00,0.00,0.00,0,0,0.00,0.00,0,0
1432850188,eth0,0.00,0.00,0.00,0,0,0.00,0.00,0.00,0,0,0.00,0.00,0,0
1432850188,lo,0.00,0.00,0.00,0,0,0.00,0.00,0.00,0,0,0.00,0.00,0,0
1432850188,s1,0.00,0.00,0.00,0,0,0.00,0.00,0.00,0,0,0.00,0.00,0,0
1432850188,s0-eth1,186720.00,7680.00,194400.00,768,18672,120.00,100.00,220.00,10,12,0.00,0.00,0,0
1432850188,s0-eth2,6900.00,196160.00,203060.00,19616,690,90.00,120.00,210.00,12,9,0.00,0.00,0,0
1432850188,s0-eth3,0.00,0.00,0.00,0,0,0.00,0.00,0.00,0,0,0.00,0.00,0,0
1432850188,total,388020.00,398240.00,786260.00,39824,38802,430.00,440.00,870.00,44,43,0.00,0.00,0,0
1432850188,s1-eth1,7440.00,211300.00,218740.00,21130,744,100.00,130.00,230.00,13,10,0.00,0.00,0,0
1432850188,s1-eth2,211300.00,7440.00,218740.00,744,21130,130.00,100.00,230.00,10,13,0.00,0.00,0,0
1432850188,s1-eth3,0.00,0.00,0.00,0,0,0.00,0.00,0.00,0,0,0.00,0.00,0,0
1432850188,s0,0.00,0.00,0.00,0,0,0.00,0.00,0.00,0,0,0.00,0.00,0,0
1432850188,eth0,0.00,0.00,0.00,0,0,0.00,0.00,0.00,0,0,0.00,0.00,0,0
1432850188,lo,0.00,0.00,0.00,0,0,0.00,0.00,0.00,0,0,0.00,0.00,0,0
1432850188,s1,0.00,0.00,0.00,0,0,0.00,0.00,0.00,0,0,0.00,0.00,0,0
1432850188,s0-eth1,211300.00,7440.00,218740.00,744,21130,130.00,100.00,230.00,10,13,0.00,0.00,0,0
1432850188,s0-eth2,8220.00,225120.00,233340.00,22512,822,110.00,120.00,230.00,12,11,0.00,0.00,0,0
1432850188,s0-eth3,0.00,0.00,0.00,0,0,0.00,0.00,0.00,0,0,0.00,0.00,0,0
1432850188,total,438260.00,451300.00,889560.00,45130,43826,470.00,450.00,920.00,45,47,0.00,0.00,0,0
1432850188,s1-eth1,4620.00,177720.00,182340.00,17772,462,70.00,60.00,130.00,6,7,0.00,0.00,0,0
1432850188,s1-eth2,177720.00,4620.00,182340.00,462,17772,60.00,70.00,130.00,7,6,0.00,0.00,0,0
1432850188,s1-eth3,0.00,0.00,0.00,0,0,0.00,0.00,0.00,0,0,0.00,0.00,0,0
1432850188,s0,0.00,0.00,0.00,0,0,0.00,0.00,0.00,0,0,0.00,0.00,0,0
1432850188,eth0,0.00,0.00,0.00,0,0,0.00,0.00,0.00,0,0,0.00,0.00,0,0
1432850188,lo,0.00,0.00,0.00,0,0,0.00,0.00,0.00,0,0,0.00,0.00,0,0
1432850188,s1,0.00,0.00,0.00,0,0,0.00,0.00,0.00,0,0,0.00,0.00,0,0
1432850188,s0-eth1,177720.00,4620.00,182340.00,462,17772,60.00,70.00,130.00,7,6,0.00,0.00,0,0
1432850188,s0-eth2,3960.00,177720.00,181680.00,17772,396,60.00,60.00,120.00,6,6,0.00,0.00,0,0
1432850188,s0-eth3,0.00,0.00,0.00,0,0,0.00,0.00,0.00,0,0,0.00,0.00,0,0
1432850188,total,364020.00,364680.00,728700.00,36468,36402,250.00,260.00,510.00,26,25,0.00,0.00,0,0
1432850188,s1-eth1,3960.00,177720.00,181680.00,17772,396,60.00,60.00,120.00,6,6,0.00,0.00,0,0
1432850188,s1-eth2,177720.00,3960.00,181680.00,396,17772,60.00,60.00,120.00,6,6,0.00,0.00,0,0
1432850188,s1-eth3,0.00,0.00,0.00,0,0,0.00,0.00,0.00,0,0,0.00,0.00,0,0
1432850188,s0,0.00,0.00,0.00,0,0,0.00,0.00,0.00,0,0,0.00,0.00,0,0
1432850188,eth0,0.00,0.00,0.00,0,0,0.00,0.00,0.00,0,0,0.00,0.00,0,0
1432850188,lo,0.00,0.00,0.00,0,0,0.00,0.00,0.00,0,0,0.00,0.00,0,0
1432850188,s1,0.00,0.00,0.00,0,0,0.00,0.00,0.00,0,0,0.00,0.00,0,0
1432850188,s0-eth1,177720.00,3960.00,181680.00,396,17772,60.00,60.00,120.00,6,6,0.00,0.00,0,0
1432850188,s0-eth2,4620.00,177720.00,182340.00,17772,462,70.00,60.00,130.00,6,7,0.00,0.00,0,0
1432850188,s0-eth3,0.00,0.00,0.00,0,0,0.00,0.00,0.00,0,0,0.00,0.00,0,0
1432850188,total,364020.00,363360.00,727380.00,36336,36402,250.00,240.00,490.00,24,25,0.00,0.00,0,0
1432850188,s1-eth1,3960.00,177720.00,181680.00,17772,396,60.00,60.00,120.00,6,6,0.00,0.00,0,0
1432850188,s1-eth2,177720.00,3960.00,181680.00,396,17772,60.00,60.00,120.00,6,6,0.00,0.00,0,0
1432850188,s1-eth3,0.00,0.00,0.00,0,0,0.00,0.00,0.00,0,0,0.00,0.00,0,0
1432850188,s0,0.00,0.00,0.00,0,0,0.00,0.00,0.00,0,0,0.00,0.00,0,0
1432850188,eth0,0.00,0.00,0.00,0,0,0.00,0.00,0.00,0,0,0.00,0.00,0,0
1432850188,lo,0.00,0.00,0.00,0,0,0.00,0.00,0.00,0,0,0.00,0.00,0,0
1432850188,s1,0.00,0.00,0.00,0,0,0.00,0.00,0.00,0,0,0.00,0.00,0,0
1432850188,s0-eth1,177720.00,3960.00,181680.00,396,17772,60.00,60.00,120.00,6,6,0.00,0.00,0,0
1432850188,s0-eth2,3960.00,236960.00,240920.00,23696,396,60.00,80.00,140.00,8,6,0.00,0.00,0,0
1432850188,s0-eth3,0.00,0.00,0.00,0,0,0.00,0.00,0.00,0,0,0.00,0.00,0,0
1432850188,total,363360.00,422600.00,785960.00,42260,36336,240.00,260.00,500.00,26,24,0.00,0.00,0,0
1432850188,s1-eth1,3960.00,207340.00,211300.00,20734,396,60.00,70.00,130.00,7,6,0.00,0.00,0,0
1432850188,s1-eth2,177720.00,3960.00,181680.00,396,17772,60.00,60.00,120.00,6,6,0.00,0.00,0,0
1432850188,s1-eth3,0.00,0.00,0.00,0,0,0.00,0.00,0.00,0,0,0.00,0.00,0,0
1432850188,s0,0.00,0.00,0.00,0,0,0.00,0.00,0.00,0,0,0.00,0.00,0,0
1432850188,eth0,0.00,0.00,0.00,0,0,0.00,0.00,0.00,0,0,0.00,0.00,0,0
1432850188,lo,0.00,0.00,0.00,0,0,0.00,0.00,0.00,0,0,0.00,0.00,0,0
1432850188,s1,0.00,0.00,0.00,0,0,0.00,0.00,0.00,0,0,0.00,0.00,0,0
1432850188,s0-eth1,207340.00,3960.00,211300.00,396,20734,70.00,60.00,130.00,6,7,0.00,0.00,0,0
1432850188,s0-eth2,3960.00,177720.00,181680.00,17772,396,60.00,60.00,120.00,6,6,0.00,0.00,0,0
1432850188,s0-eth3,0.00,0.00,0.00,0,0,0.00,0.00,0.00,0,0,0.00,0.00,0,0
1432850188,total,392980.00,392980.00,785960.00,39298,39298,250.00,250.00,500.00,25,25,0.00,0.00,0,0
1432850188,s1-eth1,3960.00,177720.00,181680.00,17772,396,60.00,60.00,120.00,6,6,0.00,0.00,0,0
1432850188,s1-eth2,207340.00,3960.00,211300.00,396,20734,70.00,60.00,130.00,6,7,0.00,0.00,0,0
1432850188,s1-eth3,0.00,0.00,0.00,0,0,0.00,0.00,0.00,0,0,0.00,0.00,0,0
1432850188,s0,0.00,0.00,0.00,0,0,0.00,0.00,0.00,0,0,0.00,0.00,0,0
1432850188,eth0,0.00,0.00,0.00,0,0,0.00,0.00,0.00,0,0,0.00,0.00,0,0
1432850188,lo,0.00,0.00,0.00,0,0,0.00,0.00,0.00,0,0,0.00,0.00,0,0
1432850188,s1,0.00,0.00,0.00,0,0,0.00,0.00,0.00,0,0,0.00,0.00,0,0
1432850188,s0-eth1,177720.00,3960.00,181680.00,396,17772,60.00,60.00,120.00,6,6,0.00,0.00,0,0
1432850188,s0-eth2,3960.00,177720.00,181680.00,17772,396,60.00,60.00,120.00,6,6,0.00,0.00,0,0
1432850188,s0-eth3,0.00,0.00,0.00,0,0,0.00,0.00,0.00,0,0,0.00,0.00,0,0
1432850188,total,392980.00,363360.00,756340.00,36336,39298,250.00,240.00,490.00,24,25,0.00,0.00,0,0
1432850189,s1-eth1,4574.26,175960.41,180534.66,17772,462,69.31,59.41,128.71,6,7,0.00,0.00,0,0
1432850189,s1-eth2,175960.41,4574.26,180534.66,462,17772,59.41,69.31,128.71,7,6,0.00,0.00,0,0
1432850189,s1-eth3,0.00,0.00,0.00,0,0,0.00,0.00,0.00,0,0,0.00,0.00,0,0
1432850189,s0,0.00,0.00,0.00,0,0,0.00,0.00,0.00,0,0,0.00,0.00,0,0
1432850189,eth0,0.00,0.00,0.00,0,0,0.00,0.00,0.00,0,0,0.00,0.00,0,0
1432850189,lo,0.00,0.00,0.00,0,0,0.00,0.00,0.00,0,0,0.00,0.00,0,0
1432850189,s1,0.00,0.00,0.00,0,0,0.00,0.00,0.00,0,0,0.00,0.00,0,0
1432850189,s0-eth1,175960.41,4574.26,180534.66,462,17772,59.41,69.31,128.71,7,6,0.00,0.00,0,0
1432850189,s0-eth2,3920.79,205287.14,209207.92,20734,396,59.41,69.31,128.71,7,6,0.00,0.00,0,0
1432850189,s0-eth3,0.00,0.00,0.00,0,0,0.00,0.00,0.00,0,0,0.00,0.00,0,0
1432850189,total,360415.84,390396.06,750811.94,39430,36402,247.52,267.33,514.85,27,25,0.00,0.00,0,0
1432850189,s1-eth1,3960.00,177720.00,181680.00,17772,396,60.00,60.00,120.00,6,6,0.00,0.00,0,0
1432850189,s1-eth2,177720.00,3960.00,181680.00,396,17772,60.00,60.00,120.00,6,6,0.00,0.00,0,0
1432850189,s1-eth3,0.00,0.00,0.00,0,0,0.00,0.00,0.00,0,0,0.00,0.00,0,0
1432850189,s0,0.00,0.00,0.00,0,0,0.00,0.00,0.00,0,0,0.00,0.00,0,0
1432850189,eth0,0.00,0.00,0.00,0,0,0.00,0.00,0.00,0,0,0.00,0.00,0,0
1432850189,lo,0.00,0.00,0.00,0,0,0.00,0.00,0.00,0,0,0.00,0.00,0,0
1432850189,s1,0.00,0.00,0.00,0,0,0.00,0.00,0.00,0,0,0.00,0.00,0,0
1432850189,s0-eth1,177720.00,3960.00,181680.00,396,17772,60.00,60.00,120.00,6,6,0.00,0.00,0,0
1432850189,s0-eth2,4620.00,207340.00,211960.00,20734,462,70.00,70.00,140.00,7,7,0.00,0.00,0,0
1432850189,s0-eth3,0.00,0.00,0.00,0,0,0.00,0.00,0.00,0,0,0.00,0.00,0,0
1432850189,total,364020.00,392980.00,757000.00,39298,36402,250.00,250.00,500.00,25,25,0.00,0.00,0,0
1432850189,s1-eth1,3960.00,177720.00,181680.00,17772,396,60.00,60.00,120.00,6,6,0.00,0.00,0,0
1432850189,s1-eth2,177720.00,3960.00,181680.00,396,17772,60.00,60.00,120.00,6,6,0.00,0.00,0,0
1432850189,s1-eth3,0.00,0.00,0.00,0,0,0.00,0.00,0.00,0,0,0.00,0.00,0,0
1432850189,s0,0.00,0.00,0.00,0,0,0.00,0.00,0.00,0,0,0.00,0.00,0,0
1432850189,eth0,0.00,0.00,0.00,0,0,0.00,0.00,0.00,0,0,0.00,0.00,0,0
1432850189,lo,3440.00,3440.00,6880.00,344,344,60.00,60.00,120.00,6,6,0.00,0.00,0,0
1432850189,s1,0.00,0.00,0.00,0,0,0.00,0.00,0.00,0,0,0.00,0.00,0,0
1432850189,s0-eth1,177720.00,3960.00,181680.00,396,17772,60.00,60.00,120.00,6,6,0.00,0.00,0,0
1432850189,s0-eth2,3960.00,177720.00,181680.00,17772,396,60.00,60.00,120.00,6,6,0.00,0.00,0,0
1432850189,s0-eth3,0.00,0.00,0.00,0,0,0.00,0.00,0.00,0,0,0.00,0.00,0,0
1432850189,total,366800.00,366800.00,733600.00,36680,36680,300.00,300.00,600.00,30,30,0.00,0.00,0,0
1432850189,s1-eth1,3960.00,207340.00,211300.00,20734,396,60.00,70.00,130.00,7,6,0.00,0.00,0,0
1432850189,s1-eth2,177720.00,3960.00,181680.00,396,17772,60.00,60.00,120.00,6,6,0.00,0.00,0,0
1432850189,s1-eth3,0.00,0.00,0.00,0,0,0.00,0.00,0.00,0,0,0.00,0.00,0,0
1432850189,s0,0.00,0.00,0.00,0,0,0.00,0.00,0.00,0,0,0.00,0.00,0,0
1432850189,eth0,0.00,0.00,0.00,0,0,0.00,0.00,0.00,0,0,0.00,0.00,0,0
1432850189,lo,0.00,0.00,0.00,0,0,0.00,0.00,0.00,0,0,0.00,0.00,0,0
1432850189,s1,0.00,0.00,0.00,0,0,0.00,0.00,0.00,0,0,0.00,0.00,0,0
1432850189,s0-eth1,207340.00,3960.00,211300.00,396,20734,70.00,60.00,130.00,6,7,0.00,0.00,0,0
1432850189,s0-eth2,3960.00,207340.00,211300.00,20734,396,60.00,70.00,130.00,7,6,0.00,0.00,0,0
1432850189,s0-eth3,0.00,0.00,0.00,0,0,0.00,0.00,0.00,0,0,0.00,0.00,0,0
1432850189,total,392980.00,422600.00,815580.00,42260,39298,250.00,260.00,510.00,26,25,0.00,0.00,0,0
1432850189,s1-eth1,3960.00,177720.00,181680.00,17772,396,60.00,60.00,120.00,6,6,0.00,0.00,0,0
1432850189,s1-eth2,207340.00,4620.00,211960.00,462,20734,70.00,70.00,140.00,7,7,0.00,0.00,0,0
1432850189,s1-eth3,0.00,0.00,0.00,0,0,0.00,0.00,0.00,0,0,0.00,0.00,0,0
1432850189,s0,0.00,0.00,0.00,0,0,0.00,0.00,0.00,0,0,0.00,0.00,0,0
1432850189,eth0,0.00,0.00,0.00,0,0,0.00,0.00,0.00,0,0,0.00,0.00,0,0
1432850189,lo,0.00,0.00,0.00,0,0,0.00,0.00,0.00,0,0,0.00,0.00,0,0
1432850189,s1,0.00,0.00,0.00,0,0,0.00,0.00,0.00,0,0,0.00,0.00,0,0
1432850189,s0-eth1,177720.00,3960.00,181680.00,396,17772,60.00,60.00,120.00,6,6,0.00,0.00,0,0
1432850189,s0-eth2,3960.00,177720.00,181680.00,17772,396,60.00,60.00,120.00,6,6,0.00,0.00,0,0
1432850189,s0-eth3,0.00,0.00,0.00,0,0,0.00,0.00,0.00,0,0,0.00,0.00,0,0
1432850189,total,392980.00,364020.00,757000.00,36402,39298,250.00,250.00,500.00,25,25,0.00,0.00,0,0
1432850189,s1-eth1,4620.00,177720.00,182340.00,17772,462,70.00,60.00,130.00,6,7,0.00,0.00,0,0
1432850189,s1-eth2,177720.00,3960.00,181680.00,396,17772,60.00,60.00,120.00,6,6,0.00,0.00,0,0
1432850189,s1-eth3,0.00,0.00,0.00,0,0,0.00,0.00,0.00,0,0,0.00,0.00,0,0
1432850189,s0,0.00,0.00,0.00,0,0,0.00,0.00,0.00,0,0,0.00,0.00,0,0
1432850189,eth0,0.00,0.00,0.00,0,0,0.00,0.00,0.00,0,0,0.00,0.00,0,0
1432850189,lo,0.00,0.00,0.00,0,0,0.00,0.00,0.00,0,0,0.00,0.00,0,0
1432850189,s1,0.00,0.00,0.00,0,0,0.00,0.00,0.00,0,0,0.00,0.00,0,0
1432850189,s0-eth1,177720.00,4620.00,182340.00,462,17772,60.00,70.00,130.00,7,6,0.00,0.00,0,0
1432850189,s0-eth2,3960.00,177720.00,181680.00,17772,396,60.00,60.00,120.00,6,6,0.00,0.00,0,0
1432850189,s0-eth3,0.00,0.00,0.00,0,0,0.00,0.00,0.00,0,0,0.00,0.00,0,0
1432850189,total,364020.00,364020.00,728040.00,36402,36402,250.00,250.00,500.00,25,25,0.00,0.00,0,0
1432850189,s1-eth1,3960.00,177720.00,181680.00,17772,396,60.00,60.00,120.00,6,6,0.00,0.00,0,0
1432850189,s1-eth2,177720.00,3960.00,181680.00,396,17772,60.00,60.00,120.00,6,6,0.00,0.00,0,0
1432850189,s1-eth3,0.00,0.00,0.00,0,0,0.00,0.00,0.00,0,0,0.00,0.00,0,0
1432850189,s0,0.00,0.00,0.00,0,0,0.00,0.00,0.00,0,0,0.00,0.00,0,0
1432850189,eth0,0.00,0.00,0.00,0,0,0.00,0.00,0.00,0,0,0.00,0.00,0,0
1432850189,lo,0.00,0.00,0.00,0,0,0.00,0.00,0.00,0,0,0.00,0.00,0,0
1432850189,s1,0.00,0.00,0.00,0,0,0.00,0.00,0.00,0,0,0.00,0.00,0,0
1432850189,s0-eth1,177720.00,3960.00,181680.00,396,17772,60.00,60.00,120.00,6,6,0.00,0.00,0,0
1432850189,s0-eth2,4620.00,207340.00,211960.00,20734,462,70.00,70.00,140.00,7,7,0.00,0.00,0,0
1432850189,s0-eth3,0.00,0.00,0.00,0,0,0.00,0.00,0.00,0,0,0.00,0.00,0,0
1432850189,total,364020.00,392980.00,757000.00,39298,36402,250.00,250.00,500.00,25,25,0.00,0.00,0,0
1432850189,s1-eth1,3960.00,177720.00,181680.00,17772,396,60.00,60.00,120.00,6,6,0.00,0.00,0,0
1432850189,s1-eth2,177720.00,3960.00,181680.00,396,17772,60.00,60.00,120.00,6,6,0.00,0.00,0,0
1432850189,s1-eth3,0.00,0.00,0.00,0,0,0.00,0.00,0.00,0,0,0.00,0.00,0,0
1432850189,s0,0.00,0.00,0.00,0,0,0.00,0.00,0.00,0,0,0.00,0.00,0,0
1432850189,eth0,0.00,0.00,0.00,0,0,0.00,0.00,0.00,0,0,0.00,0.00,0,0
1432850189,lo,0.00,0.00,0.00,0,0,0.00,0.00,0.00,0,0,0.00,0.00,0,0
1432850189,s1,0.00,0.00,0.00,0,0,0.00,0.00,0.00,0,0,0.00,0.00,0,0
1432850189,s0-eth1,177720.00,3960.00,181680.00,396,17772,60.00,60.00,120.00,6,6,0.00,0.00,0,0
1432850189,s0-eth2,3960.00,177720.00,181680.00,17772,396,60.00,60.00,120.00,6,6,0.00,0.00,0,0
1432850189,s0-eth3,0.00,0.00,0.00,0,0,0.00,0.00,0.00,0,0,0.00,0.00,0,0
1432850189,total,363360.00,363360.00,726720.00,36336,36336,240.00,240.00,480.00,24,24,0.00,0.00,0,0
1432850189,s1-eth1,3960.00,207340.00,211300.00,20734,396,60.00,70.00,130.00,7,6,0.00,0.00,0,0
1432850189,s1-eth2,177720.00,3960.00,181680.00,396,17772,60.00,60.00,120.00,6,6,0.00,0.00,0,0
1432850189,s1-eth3,0.00,0.00,0.00,0,0,0.00,0.00,0.00,0,0,0.00,0.00,0,0
1432850189,s0,0.00,0.00,0.00,0,0,0.00,0.00,0.00,0,0,0.00,0.00,0,0
1432850189,eth0,0.00,0.00,0.00,0,0,0.00,0.00,0.00,0,0,0.00,0.00,0,0
1432850189,lo,0.00,0.00,0.00,0,0,0.00,0.00,0.00,0,0,0.00,0.00,0,0
1432850189,s1,0.00,0.00,0.00,0,0,0.00,0.00,0.00,0,0,0.00,0.00,0,0
1432850189,s0-eth1,207340.00,3960.00,211300.00,396,20734,70.00,60.00,130.00,6,7,0.00,0.00,0,0
1432850189,s0-eth2,3960.00,207340.00,211300.00,20734,396,60.00,70.00,130.00,7,6,0.00,0.00,0,0
1432850189,s0-eth3,0.00,0.00,0.00,0,0,0.00,0.00,0.00,0,0,0.00,0.00,0,0
1432850189,total,392980.00,422600.00,815580.00,42260,39298,250.00,260.00,510.00,26,25,0.00,0.00,0,0
1432850189,s1-eth1,3960.00,177720.00,181680.00,17772,396,60.00,60.00,120.00,6,6,0.00,0.00,0,0
1432850189,s1-eth2,207340.00,4620.00,211960.00,462,20734,70.00,70.00,140.00,7,7,0.00,0.00,0,0
1432850189,s1-eth3,0.00,0.00,0.00,0,0,0.00,0.00,0.00,0,0,0.00,0.00,0,0
1432850189,s0,0.00,0.00,0.00,0,0,0.00,0.00,0.00,0,0,0.00,0.00,0,0
1432850189,eth0,0.00,0.00,0.00,0,0,0.00,0.00,0.00,0,0,0.00,0.00,0,0
1432850189,lo,0.00,0.00,0.00,0,0,0.00,0.00,0.00,0,0,0.00,0.00,0,0
1432850189,s1,0.00,0.00,0.00,0,0,0.00,0.00,0.00,0,0,0.00,0.00,0,0
1432850189,s0-eth1,177720.00,3960.00,181680.00,396,17772,60.00,60.00,120.00,6,6,0.00,0.00,0,0
1432850189,s0-eth2,3960.00,177720.00,181680.00,17772,396,60.00,60.00,120.00,6,6,0.00,0.00,0,0
1432850189,s0-eth3,0.00,0.00,0.00,0,0,0.00,0.00,0.00,0,0,0.00,0.00,0,0
1432850189,total,392980.00,364020.00,757000.00,36402,39298,250.00,250.00,500.00,25,25,0.00,0.00,0,0
1432850190,s1-eth1,4574.26,175960.41,180534.66,17772,462,69.31,59.41,128.71,6,7,0.00,0.00,0,0
1432850190,s1-eth2,175960.41,3920.79,179881.19,396,17772,59.41,59.41,118.81,6,6,0.00,0.00,0,0
1432850190,s1-eth3,0.00,0.00,0.00,0,0,0.00,0.00,0.00,0,0,0.00,0.00,0,0
1432850190,s0,0.00,0.00,0.00,0,0,0.00,0.00,0.00,0,0,0.00,0.00,0,0
1432850190,eth0,0.00,0.00,0.00,0,0,0.00,0.00,0.00,0,0,0.00,0.00,0,0
1432850190,lo,0.00,0.00,0.00,0,0,0.00,0.00,0.00,0,0,0.00,0.00,0,0
1432850190,s1,0.00,0.00,0.00,0,0,0.00,0.00,0.00,0,0,0.00,0.00,0,0
1432850190,s0-eth1,175960.41,4574.26,180534.66,462,17772,59.41,69.31,128.71,7,6,0.00,0.00,0,0
1432850190,s0-eth2,4574.26,175960.41,180534.66,17772,462,69.31,59.41,128.71,6,7,0.00,0.00,0,0
1432850190,s0-eth3,0.00,0.00,0.00,0,0,0.00,0.00,0.00,0,0,0.00,0.00,0,0
1432850190,total,361069.31,360415.84,721485.19,36402,36468,257.43,247.52,504.95,25,26,0.00,0.00,0,0
1432850190,s1-eth1,3960.00,177720.00,181680.00,17772,396,60.00,60.00,120.00,6,6,0.00,0.00,0,0
1432850190,s1-eth2,177720.00,3960.00,181680.00,396,17772,60.00,60.00,120.00,6,6,0.00,0.00,0,0
1432850190,s1-eth3,0.00,0.00,0.00,0,0,0.00,0.00,0.00,0,0,0.00,0.00,0,0
1432850190,s0,0.00,0.00,0.00,0,0,0.00,0.00,0.00,0,0,0.00,0.00,0,0
1432850190,eth0,0.00,0.00,0.00,0,0,0.00,0.00,0.00,0,0,0.00,0.00,0,0
1432850190,lo,0.00,0.00,0.00,0,0,0.00,0.00,0.00,0,0,0.00,0.00,0,0
1432850190,s1,0.00,0.00,0.00,0,0,0.00,0.00,0.00,0,0,0.00,0.00,0,0
1432850190,s0-eth1,177720.00,3960.00,181680.00,396,17772,60.00,60.00,120.00,6,6,0.00,0.00,0,0
1432850190,s0-eth2,3960.00,207340.00,211300.00,20734,396,60.00,70.00,130.00,7,6,0.00,0.00,0,0
1432850190,s0-eth3,0.00,1531740.00,1531740.00,153174,0,0.00,1470.00,1470.00,147,0,0.00,0.00,0,0
1432850190,total,363360.00,1924720.00,2288080.00,192472,36336,240.00,1720.00,1960.00,172,24,0.00,0.00,0,0
1432850190,s1-eth1,1320.00,184280.00,185600.00,18428,132,20.00,140.00,160.00,14,2,0.00,0.00,0,0
1432850190,s1-eth2,59240.00,1320.00,60560.00,132,5924,20.00,20.00,40.00,2,2,0.00,0.00,0,0
1432850190,s1-eth3,125040.00,0.00,125040.00,0,12504,120.00,0.00,120.00,0,12,0.00,0.00,0,0
1432850190,s0,0.00,0.00,0.00,0,0,0.00,0.00,0.00,0,0,0.00,0.00,0,0
1432850190,eth0,0.00,0.00,0.00,0,0,0.00,0.00,0.00,0,0,0.00,0.00,0,0
1432850190,lo,0.00,0.00,0.00,0,0,0.00,0.00,0.00,0,0,0.00,0.00,0,0
1432850190,s1,0.00,0.00,0.00,0,0,0.00,0.00,0.00,0,0,0.00,0.00,0,0
1432850190,s0-eth1,184280.00,1320.00,185600.00,132,18428,140.00,20.00,160.00,2,14,0.00,0.00,0,0
1432850190,s0-eth2,1320.00,59240.00,60560.00,5924,132,20.00,20.00,40.00,2,2,0.00,0.00,0,0
1432850190,s0-eth3,0.00,1875600.00,1875600.00,187560,0,0.00,1800.00,1800.00,180,0,0.00,0.00,0,0
1432850190,total,371200.00,2121760.00,2492960.00,212176,37120,320.00,2000.00,2320.00,200,32,0.00,0.00,0,0
1432850190,s1-eth1,0.00,187560.00,187560.00,18756,0,0.00,180.00,180.00,18,0,0.00,0.00,0,0
1432850190,s1-eth2,0.00,0.00,0.00,0,0,0.00,0.00,0.00,0,0,0.00,0.00,0,0
1432850190,s1-eth3,187560.00,0.00,187560.00,0,18756,180.00,0.00,180.00,0,18,0.00,0.00,0,0
1432850190,s0,0.00,0.00,0.00,0,0,0.00,0.00,0.00,0,0,0.00,0.00,0,0
1432850190,eth0,0.00,0.00,0.00,0,0,0.00,0.00,0.00,0,0,0.00,0.00,0,0
1432850190,lo,0.00,0.00,0.00,0,0,0.00,0.00,0.00,0,0,0.00,0.00,0,0
1432850190,s1,0.00,0.00,0.00,0,0,0.00,0.00,0.00,0,0,0.00,0.00,0,0
1432850190,s0-eth1,187560.00,0.00,187560.00,0,18756,180.00,0.00,180.00,0,18,0.00,0.00,0,0
1432850190,s0-eth2,0.00,15140.00,15140.00,1514,0,0.00,10.00,10.00,1,0,0.00,0.00,0,0
1432850190,s0-eth3,0.00,1886020.00,1886020.00,188602,0,0.00,1810.00,1810.00,181,0,0.00,0.00,0,0
1432850190,total,375120.00,2088720.00,2463840.00,208872,37512,360.00,2000.00,2360.00,200,36,0.00,0.00,0,0
1432850190,s1-eth1,0.00,187560.00,187560.00,18756,0,0.00,180.00,180.00,18,0,0.00,0.00,0,0
1432850190,s1-eth2,0.00,0.00,0.00,0,0,0.00,0.00,0.00,0,0,0.00,0.00,0,0
1432850190,s1-eth3,187560.00,0.00,187560.00,0,18756,180.00,0.00,180.00,0,18,0.00,0.00,0,0
1432850190,s0,0.00,0.00,0.00,0,0,0.00,0.00,0.00,0,0,0.00,0.00,0,0
1432850190,eth0,0.00,0.00,0.00,0,0,0.00,0.00,0.00,0,0,0.00,0.00,0,0
1432850190,lo,0.00,0.00,0.00,0,0,0.00,0.00,0.00,0,0,0.00,0.00,0,0
1432850190,s1,0.00,0.00,0.00,0,0,0.00,0.00,0.00,0,0,0.00,0.00,0,0
1432850190,s0-eth1,187560.00,0.00,187560.00,0,18756,180.00,0.00,180.00,0,18,0.00,0.00,0,0
1432850190,s0-eth2,0.00,0.00,0.00,0,0,0.00,0.00,0.00,0,0,0.00,0.00,0,0
1432850190,s0-eth3,0.00,1875600.00,1875600.00,187560,0,0.00,1800.00,1800.00,180,0,0.00,0.00,0,0
1432850190,total,375120.00,2063160.00,2438280.00,206316,37512,360.00,1980.00,2340.00,198,36,0.00,0.00,0,0
1432850190,s1-eth1,0.00,187560.00,187560.00,18756,0,0.00,180.00,180.00,18,0,0.00,0.00,0,0
1432850190,s1-eth2,0.00,0.00,0.00,0,0,0.00,0.00,0.00,0,0,0.00,0.00,0,0
1432850190,s1-eth3,187560.00,0.00,187560.00,0,18756,180.00,0.00,180.00,0,18,0.00,0.00,0,0
1432850190,s0,0.00,0.00,0.00,0,0,0.00,0.00,0.00,0,0,0.00,0.00,0,0
1432850190,eth0,0.00,0.00,0.00,0,0,0.00,0.00,0.00,0,0,0.00,0.00,0,0
1432850190,lo,0.00,0.00,0.00,0,0,0.00,0.00,0.00,0,0,0.00,0.00,0,0
1432850190,s1,0.00,0.00,0.00,0,0,0.00,0.00,0.00,0,0,0.00,0.00,0,0
1432850190,s0-eth1,187560.00,0.00,187560.00,0,18756,180.00,0.00,180.00,0,18,0.00,0.00,0,0
1432850190,s0-eth2,0.00,0.00,0.00,0,0,0.00,0.00,0.00,0,0,0.00,0.00,0,0
1432850190,s0-eth3,0.00,1886020.00,1886020.00,188602,0,0.00,1810.00,1810.00,181,0,0.00,0.00,0,0
1432850190,total,375120.00,2073580.00,2448700.00,207358,37512,360.00,1990.00,2350.00,199,36,0.00,0.00,0,0
1432850190,s1-eth1,0.00,187560.00,187560.00,18756,0,0.00,180.00,180.00,18,0,0.00,0.00,0,0
1432850190,s1-eth2,0.00,0.00,0.00,0,0,0.00,0.00,0.00,0,0,0.00,0.00,0,0
1432850190,s1-eth3,187560.00,0.00,187560.00,0,18756,180.00,0.00,180.00,0,18,0.00,0.00,0,0
1432850190,s0,0.00,0.00,0.00,0,0,0.00,0.00,0.00,0,0,0.00,0.00,0,0
1432850190,eth0,0.00,0.00,0.00,0,0,0.00,0.00,0.00,0,0,0.00,0.00,0,0
1432850190,lo,0.00,0.00,0.00,0,0,0.00,0.00,0.00,0,0,0.00,0.00,0,0
1432850190,s1,0.00,0.00,0.00,0,0,0.00,0.00,0.00,0,0,0.00,0.00,0,0
1432850190,s0-eth1,187560.00,0.00,187560.00,0,18756,180.00,0.00,180.00,0,18,0.00,0.00,0,0
1432850190,s0-eth2,0.00,15140.00,15140.00,1514,0,0.00,10.00,10.00,1,0,0.00,0.00,0,0
1432850190,s0-eth3,0.00,1875600.00,1875600.00,187560,0,0.00,1800.00,1800.00,180,0,0.00,0.00,0,0
1432850190,total,375120.00,2078300.00,2453420.00,207830,37512,360.00,1990.00,2350.00,199,36,0.00,0.00,0,0
1432850190,s1-eth1,0.00,187560.00,187560.00,18756,0,0.00,180.00,180.00,18,0,0.00,0.00,0,0
1432850190,s1-eth2,0.00,0.00,0.00,0,0,0.00,0.00,0.00,0,0,0.00,0.00,0,0
1432850190,s1-eth3,187560.00,0.00,187560.00,0,18756,180.00,0.00,180.00,0,18,0.00,0.00,0,0
1432850190,s0,0.00,0.00,0.00,0,0,0.00,0.00,0.00,0,0,0.00,0.00,0,0
1432850190,eth0,0.00,0.00,0.00,0,0,0.00,0.00,0.00,0,0,0.00,0.00,0,0
1432850190,lo,0.00,0.00,0.00,0,0,0.00,0.00,0.00,0,0,0.00,0.00,0,0
1432850190,s1,0.00,0.00,0.00,0,0,0.00,0.00,0.00,0,0,0.00,0.00,0,0
1432850190,s0-eth1,187560.00,0.00,187560.00,0,18756,180.00,0.00,180.00,0,18,0.00,0.00,0,0
1432850190,s0-eth2,0.00,0.00,0.00,0,0,0.00,0.00,0.00,0,0,0.00,0.00,0,0
1432850190,s0-eth3,0.00,31260.00,31260.00,3126,0,0.00,30.00,30.00,3,0,0.00,0.00,0,0
1432850190,total,375120.00,218820.00,593940.00,21882,37512,360.00,210.00,570.00,21,36,0.00,0.00,0,0
1432850190,s1-eth1,0.00,62520.00,62520.00,6252,0,0.00,60.00,60.00,6,0,0.00,0.00,0,0
1432850190,s1-eth2,0.00,0.00,0.00,0,0,0.00,0.00,0.00,0,0,0.00,0.00,0,0
1432850190,s1-eth3,62520.00,0.00,62520.00,0,6252,60.00,0.00,60.00,0,6,0.00,0.00,0,0
1432850190,s0,0.00,0.00,0.00,0,0,0.00,0.00,0.00,0,0,0.00,0.00,0,0
1432850190,eth0,0.00,0.00,0.00,0,0,0.00,0.00,0.00,0,0,0.00,0.00,0,0
1432850190,lo,0.00,0.00,0.00,0,0,0.00,0.00,0.00,0,0,0.00,0.00,0,0
1432850190,s1,0.00,0.00,0.00,0,0,0.00,0.00,0.00,0,0,0.00,0.00,0,0
1432850190,s0-eth1,62520.00,0.00,62520.00,0,6252,60.00,0.00,60.00,0,6,0.00,0.00,0,0
1432850190,s0-eth2,0.00,0.00,0.00,0,0,0.00,0.00,0.00,0,0,0.00,0.00,0,0
1432850190,s0-eth3,0.00,0.00,0.00,0,0,0.00,0.00,0.00,0,0,0.00,0.00,0,0
1432850190,total,125040.00,62520.00,187560.00,6252,12504,120.00,60.00,180.00,6,12,0.00,0.00,0,0
1432850190,s1-eth1,0.00,0.00,0.00,0,0,0.00,0.00,0.00,0,0,0.00,0.00,0,0
1432850190,s1-eth2,0.00,0.00,0.00,0,0,0.00,0.00,0.00,0,0,0.00,0.00,0,0
1432850190,s1-eth3,0.00,0.00,0.00,0,0,0.00,0.00,0.00,0,0,0.00,0.00,0,0
1432850190,s0,0.00,0.00,0.00,0,0,0.00,0.00,0.00,0,0,0.00,0.00,0,0
1432850190,eth0,0.00,0.00,0.00,0,0,0.00,0.00,0.00,0,0,0.00,0.00,0,0
1432850190,lo,0.00,0.00,0.00,0,0,0.00,0.00,0.00,0,0,0.00,0.00,0,0
1432850190,s1,0.00,0.00,0.00,0,0,0.00,0.00,0.00,0,0,0.00,0.00,0,0
1432850190,s0-eth1,0.00,0.00,0.00,0,0,0.00,0.00,0.00,0,0,0.00,0.00,0,0
1432850190,s0-eth2,0.00,0.00,0.00,0,0,0.00,0.00,0.00,0,0,0.00,0.00,0,0
1432850190,s0-eth3,0.00,0.00,0.00,0,0,0.00,0.00,0.00,0,0,0.00,0.00,0,0
1432850190,total,0.00,0.00,0.00,0,0,0.00,0.00,0.00,0,0,0.00,0.00,0,0
1432850191,s1-eth1,0.00,0.00,0.00,0,0,0.00,0.00,0.00,0,0,0.00,0.00,0,0
1432850191,s1-eth2,0.00,0.00,0.00,0,0,0.00,0.00,0.00,0,0,0.00,0.00,0,0
1432850191,s1-eth3,0.00,0.00,0.00,0,0,0.00,0.00,0.00,0,0,0.00,0.00,0,0
1432850191,s0,0.00,0.00,0.00,0,0,0.00,0.00,0.00,0,0,0.00,0.00,0,0
1432850191,eth0,0.00,0.00,0.00,0,0,0.00,0.00,0.00,0,0,0.00,0.00,0,0
1432850191,lo,0.00,0.00,0.00,0,0,0.00,0.00,0.00,0,0,0.00,0.00,0,0
1432850191,s1,0.00,0.00,0.00,0,0,0.00,0.00,0.00,0,0,0.00,0.00,0,0
1432850191,s0-eth1,0.00,0.00,0.00,0,0,0.00,0.00,0.00,0,0,0.00,0.00,0,0
1432850191,s0-eth2,0.00,0.00,0.00,0,0,0.00,0.00,0.00,0,0,0.00,0.00,0,0
1432850191,s0-eth3,0.00,0.00,0.00,0,0,0.00,0.00,0.00,0,0,0.00,0.00,0,0
1432850191,total,0.00,0.00,0.00,0,0,0.00,0.00,0.00,0,0,0.00,0.00,0,0
1432850191,s1-eth1,0.00,0.00,0.00,0,0,0.00,0.00,0.00,0,0,0.00,0.00,0,0
1432850191,s1-eth2,0.00,0.00,0.00,0,0,0.00,0.00,0.00,0,0,0.00,0.00,0,0
1432850191,s1-eth3,0.00,0.00,0.00,0,0,0.00,0.00,0.00,0,0,0.00,0.00,0,0
1432850191,s0,0.00,0.00,0.00,0,0,0.00,0.00,0.00,0,0,0.00,0.00,0,0
1432850191,eth0,0.00,0.00,0.00,0,0,0.00,0.00,0.00,0,0,0.00,0.00,0,0
1432850191,lo,0.00,0.00,0.00,0,0,0.00,0.00,0.00,0,0,0.00,0.00,0,0
1432850191,s1,0.00,0.00,0.00,0,0,0.00,0.00,0.00,0,0,0.00,0.00,0,0
1432850191,s0-eth1,0.00,0.00,0.00,0,0,0.00,0.00,0.00,0,0,0.00,0.00,0,0
1432850191,s0-eth2,0.00,0.00,0.00,0,0,0.00,0.00,0.00,0,0,0.00,0.00,0,0
1432850191,s0-eth3,0.00,0.00,0.00,0,0,0.00,0.00,0.00,0,0,0.00,0.00,0,0
1432850191,total,0.00,0.00,0.00,0,0,0.00,0.00,0.00,0,0,0.00,0.00,0,0
1432850191,s1-eth1,0.00,0.00,0.00,0,0,0.00,0.00,0.00,0,0,0.00,0.00,0,0
1432850191,s1-eth2,0.00,0.00,0.00,0,0,0.00,0.00,0.00,0,0,0.00,0.00,0,0
1432850191,s1-eth3,0.00,0.00,0.00,0,0,0.00,0.00,0.00,0,0,0.00,0.00,0,0
1432850191,s0,0.00,0.00,0.00,0,0,0.00,0.00,0.00,0,0,0.00,0.00,0,0
1432850191,eth0,0.00,0.00,0.00,0,0,0.00,0.00,0.00,0,0,0.00,0.00,0,0
1432850191,lo,0.00,0.00,0.00,0,0,0.00,0.00,0.00,0,0,0.00,0.00,0,0
1432850191,s1,0.00,0.00,0.00,0,0,0.00,0.00,0.00,0,0,0.00,0.00,0,0
1432850191,s0-eth1,0.00,0.00,0.00,0,0,0.00,0.00,0.00,0,0,0.00,0.00,0,0
1432850191,s0-eth2,0.00,0.00,0.00,0,0,0.00,0.00,0.00,0,0,0.00,0.00,0,0
1432850191,s0-eth3,0.00,0.00,0.00,0,0,0.00,0.00,0.00,0,0,0.00,0.00,0,0
1432850191,total,0.00,0.00,0.00,0,0,0.00,0.00,0.00,0,0,0.00,0.00,0,0
1432850191,s1-eth1,6900.00,165880.00,172780.00,16588,690,90.00,100.00,190.00,10,9,0.00,0.00,0,0
1432850191,s1-eth2,165880.00,7680.00,173560.00,768,16588,100.00,100.00,200.00,10,10,0.00,0.00,0,0
1432850191,s1-eth3,0.00,0.00,0.00,0,0,0.00,0.00,0.00,0,0,0.00,0.00,0,0
1432850191,s0,0.00,0.00,0.00,0,0,0.00,0.00,0.00,0,0,0.00,0.00,0,0
1432850191,eth0,0.00,0.00,0.00,0,0,0.00,0.00,0.00,0,0,0.00,0.00,0,0
1432850191,lo,0.00,0.00,0.00,0,0,0.00,0.00,0.00,0,0,0.00,0.00,0,0
1432850191,s1,0.00,0.00,0.00,0,0,0.00,0.00,0.00,0,0,0.00,0.00,0,0
1432850191,s0-eth1,165880.00,6900.00,172780.00,690,16588,100.00,90.00,190.00,9,10,0.00,0.00,0,0
1432850191,s0-eth2,6900.00,271860.00,278760.00,27186,690,90.00,170.00,260.00,17,9,0.00,0.00,0,0
1432850191,s0-eth3,0.00,0.00,0.00,0,0,0.00,0.00,0.00,0,0,0.00,0.00,0,0
1432850191,total,345560.00,452320.00,797880.00,45232,34556,380.00,460.00,840.00,46,38,0.00,0.00,0,0
1432850191,s1-eth1,7200.00,196820.00,204020.00,19682,720,100.00,130.00,230.00,13,10,0.00,0.00,0,0
1432850191,s1-eth2,181680.00,6420.00,188100.00,642,18168,120.00,90.00,210.00,9,12,0.00,0.00,0,0
1432850191,s1-eth3,0.00,0.00,0.00,0,0,0.00,0.00,0.00,0,0,0.00,0.00,0,0
1432850191,s0,0.00,0.00,0.00,0,0,0.00,0.00,0.00,0,0,0.00,0.00,0,0
1432850191,eth0,0.00,0.00,0.00,0,0,0.00,0.00,0.00,0,0,0.00,0.00,0,0
1432850191,lo,0.00,0.00,0.00,0,0,0.00,0.00,0.00,0,0,0.00,0.00,0,0
1432850191,s1,0.00,0.00,0.00,0,0,0.00,0.00,0.00,0,0,0.00,0.00,0,0
1432850191,s0-eth1,196820.00,7200.00,204020.00,720,19682,130.00,100.00,230.00,10,13,0.00,0.00,0,0
1432850191,s0-eth2,7200.00,179700.00,186900.00,17970,720,100.00,90.00,190.00,9,10,0.00,0.00,0,0
1432850191,s0-eth3,0.00,0.00,0.00,0,0,0.00,0.00,0.00,0,0,0.00,0.00,0,0
1432850191,total,392900.00,390140.00,783040.00,39014,39290,450.00,410.00,860.00,41,45,0.00,0.00,0,0
1432850191,s1-eth1,4620.00,177720.00,182340.00,17772,462,70.00,60.00,130.00,6,7,0.00,0.00,0,0
1432850191,s1-eth2,192860.00,4620.00,197480.00,462,19286,70.00,70.00,140.00,7,7,0.00,0.00,0,0
1432850191,s1-eth3,0.00,0.00,0.00,0,0,0.00,0.00,0.00,0,0,0.00,0.00,0,0
1432850191,s0,0.00,0.00,0.00,0,0,0.00,0.00,0.00,0,0,0.00,0.00,0,0
1432850191,eth0,0.00,0.00,0.00,0,0,0.00,0.00,0.00,0,0,0.00,0.00,0,0
1432850191,lo,0.00,0.00,0.00,0,0,0.00,0.00,0.00,0,0,0.00,0.00,0,0
1432850191,s1,0.00,0.00,0.00,0,0,0.00,0.00,0.00,0,0,0.00,0.00,0,0
1432850191,s0-eth1,177720.00,4620.00,182340.00,462,17772,60.00,70.00,130.00,7,6,0.00,0.00,0,0
1432850191,s0-eth2,4620.00,207340.00,211960.00,20734,462,70.00,70.00,140.00,7,7,0.00,0.00,0,0
1432850191,s0-eth3,0.00,0.00,0.00,0,0,0.00,0.00,0.00,0,0,0.00,0.00,0,0
1432850191,total,379820.00,394300.00,774120.00,39430,37982,270.00,270.00,540.00,27,27,0.00,0.00,0,0
1432850191,s1-eth1,3960.00,177720.00,181680.00,17772,396,60.00,60.00,120.00,6,6,0.00,0.00,0,0
1432850191,s1-eth2,177720.00,3960.00,181680.00,396,17772,60.00,60.00,120.00,6,6,0.00,0.00,0,0
1432850191,s1-eth3,0.00,0.00,0.00,0,0,0.00,0.00,0.00,0,0,0.00,0.00,0,0
1432850191,s0,0.00,0.00,0.00,0,0,0.00,0.00,0.00,0,0,0.00,0.00,0,0
1432850191,eth0,0.00,0.00,0.00,0,0,0.00,0.00,0.00,0,0,0.00,0.00,0,0
1432850191,lo,0.00,0.00,0.00,0,0,0.00,0.00,0.00,0,0,0.00,0.00,0,0
1432850191,s1,0.00,0.00,0.00,0,0,0.00,0.00,0.00,0,0,0.00,0.00,0,0
1432850191,s0-eth1,177720.00,3960.00,181680.00,396,17772,60.00,60.00,120.00,6,6,0.00,0.00,0,0
1432850191,s0-eth2,3960.00,207340.00,211300.00,20734,396,60.00,70.00,130.00,7,6,0.00,0.00,0,0
1432850191,s0-eth3,0.00,0.00,0.00,0,0,0.00,0.00,0.00,0,0,0.00,0.00,0,0
1432850191,total,363360.00,392980.00,756340.00,39298,36336,240.00,250.00,490.00,25,24,0.00,0.00,0,0
1432850191,s1-eth1,3960.00,207340.00,211300.00,20734,396,60.00,70.00,130.00,7,6,0.00,0.00,0,0
1432850191,s1-eth2,207340.00,3960.00,211300.00,396,20734,70.00,60.00,130.00,6,7,0.00,0.00,0,0
1432850191,s1-eth3,0.00,0.00,0.00,0,0,0.00,0.00,0.00,0,0,0.00,0.00,0,0
1432850191,s0,0.00,0.00,0.00,0,0,0.00,0.00,0.00,0,0,0.00,0.00,0,0
1432850191,eth0,0.00,0.00,0.00,0,0,0.00,0.00,0.00,0,0,0.00,0.00,0,0
1432850191,lo,0.00,0.00,0.00,0,0,0.00,0.00,0.00,0,0,0.00,0.00,0,0
1432850191,s1,0.00,0.00,0.00,0,0,0.00,0.00,0.00,0,0,0.00,0.00,0,0
1432850191,s0-eth1,207340.00,3960.00,211300.00,396,20734,70.00,60.00,130.00,6,7,0.00,0.00,0,0
1432850191,s0-eth2,3960.00,177720.00,181680.00,17772,396,60.00,60.00,120.00,6,6,0.00,0.00,0,0
1432850191,s0-eth3,0.00,0.00,0.00,0,0,0.00,0.00,0.00,0,0,0.00,0.00,0,0
1432850191,total,422600.00,392980.00,815580.00,39298,42260,260.00,250.00,510.00,25,26,0.00,0.00,0,0
1432850191,s1-eth1,4620.00,177720.00,182340.00,17772,462,70.00,60.00,130.00,6,7,0.00,0.00,0,0
1432850191,s1-eth2,177720.00,4620.00,182340.00,462,17772,60.00,70.00,130.00,7,6,0.00,0.00,0,0
1432850191,s1-eth3,0.00,0.00,0.00,0,0,0.00,0.00,0.00,0,0,0.00,0.00,0,0
1432850191,s0,0.00,0.00,0.00,0,0,0.00,0.00,0.00,0,0,0.00,0.00,0,0
1432850191,eth0,0.00,0.00,0.00,0,0,0.00,0.00,0.00,0,0,0.00,0.00,0,0
1432850191,lo,0.00,0.00,0.00,0,0,0.00,0.00,0.00,0,0,0.00,0.00,0,0
1432850191,s1,0.00,0.00,0.00,0,0,0.00,0.00,0.00,0,0,0.00,0.00,0,0
1432850191,s0-eth1,177720.00,4620.00,182340.00,462,17772,60.00,70.00,130.00,7,6,0.00,0.00,0,0
1432850191,s0-eth2,3960.00,177720.00,181680.00,17772,396,60.00,60.00,120.00,6,6,0.00,0.00,0,0
1432850191,s0-eth3,0.00,0.00,0.00,0,0,0.00,0.00,0.00,0,0,0.00,0.00,0,0
1432850191,total,364020.00,364680.00,728700.00,36468,36402,250.00,260.00,510.00,26,25,0.00,0.00,0,0
1432850191,s1-eth1,3960.00,177720.00,181680.00,17772,396,60.00,60.00,120.00,6,6,0.00,0.00,0,0
1432850191,s1-eth2,177720.00,3960.00,181680.00,396,17772,60.00,60.00,120.00,6,6,0.00,0.00,0,0
1432850191,s1-eth3,0.00,0.00,0.00,0,0,0.00,0.00,0.00,0,0,0.00,0.00,0,0
1432850191,s0,0.00,0.00,0.00,0,0,0.00,0.00,0.00,0,0,0.00,0.00,0,0
1432850191,eth0,0.00,0.00,0.00,0,0,0.00,0.00,0.00,0,0,0.00,0.00,0,0
1432850191,lo,0.00,0.00,0.00,0,0,0.00,0.00,0.00,0,0,0.00,0.00,0,0
1432850191,s1,0.00,0.00,0.00,0,0,0.00,0.00,0.00,0,0,0.00,0.00,0,0
1432850191,s0-eth1,177720.00,3960.00,181680.00,396,17772,60.00,60.00,120.00,6,6,0.00,0.00,0,0
1432850191,s0-eth2,4620.00,207340.00,211960.00,20734,462,70.00,70.00,140.00,7,7,0.00,0.00,0,0
1432850191,s0-eth3,0.00,0.00,0.00,0,0,0.00,0.00,0.00,0,0,0.00,0.00,0,0
1432850191,total,364020.00,392980.00,757000.00,39298,36402,250.00,250.00,500.00,25,25,0.00,0.00,0,0
1432850192,s1-eth1,3920.79,175960.41,179881.19,17772,396,59.41,59.41,118.81,6,6,0.00,0.00,0,0
1432850192,s1-eth2,175960.41,3920.79,179881.19,396,17772,59.41,59.41,118.81,6,6,0.00,0.00,0,0
1432850192,s1-eth3,0.00,0.00,0.00,0,0,0.00,0.00,0.00,0,0,0.00,0.00,0,0
1432850192,s0,0.00,0.00,0.00,0,0,0.00,0.00,0.00,0,0,0.00,0.00,0,0
1432850192,eth0,0.00,0.00,0.00,0,0,0.00,0.00,0.00,0,0,0.00,0.00,0,0
1432850192,lo,0.00,0.00,0.00,0,0,0.00,0.00,0.00,0,0,0.00,0.00,0,0
1432850192,s1,0.00,0.00,0.00,0,0,0.00,0.00,0.00,0,0,0.00,0.00,0,0
1432850192,s0-eth1,175960.41,3920.79,179881.19,396,17772,59.41,59.41,118.81,6,6,0.00,0.00,0,0
1432850192,s0-eth2,3920.79,205287.14,209207.92,20734,396,59.41,69.31,128.71,7,6,0.00,0.00,0,0
1432850192,s0-eth3,0.00,0.00,0.00,0,0,0.00,0.00,0.00,0,0,0.00,0.00,0,0
1432850192,total,359762.38,389089.12,748851.50,39298,36336,237.62,247.52,485.15,25,24,0.00,0.00,0,0
1432850192,s1-eth1,3960.00,207340.00,211300.00,20734,396,60.00,70.00,130.00,7,6,0.00,0.00,0,0
1432850192,s1-eth2,177720.00,3960.00,181680.00,396,17772,60.00,60.00,120.00,6,6,0.00,0.00,0,0
1432850192,s1-eth3,0.00,0.00,0.00,0,0,0.00,0.00,0.00,0,0,0.00,0.00,0,0
1432850192,s0,0.00,0.00,0.00,0,0,0.00,0.00,0.00,0,0,0.00,0.00,0,0
1432850192,eth0,0.00,0.00,0.00,0,0,0.00,0.00,0.00,0,0,0.00,0.00,0,0
1432850192,lo,0.00,0.00,0.00,0,0,0.00,0.00,0.00,0,0,0.00,0.00,0,0
1432850192,s1,0.00,0.00,0.00,0,0,0.00,0.00,0.00,0,0,0.00,0.00,0,0
1432850192,s0-eth1,207340.00,3960.00,211300.00,396,20734,70.00,60.00,130.00,6,7,0.00,0.00,0,0
1432850192,s0-eth2,3960.00,177720.00,181680.00,17772,396,60.00,60.00,120.00,6,6,0.00,0.00,0,0
1432850192,s0-eth3,0.00,0.00,0.00,0,0,0.00,0.00,0.00,0,0,0.00,0.00,0,0
1432850192,total,392980.00,392980.00,785960.00,39298,39298,250.00,250.00,500.00,25,25,0.00,0.00,0,0
1432850192,s1-eth1,3960.00,177720.00,181680.00,17772,396,60.00,60.00,120.00,6,6,0.00,0.00,0,0
1432850192,s1-eth2,207340.00,3960.00,211300.00,396,20734,70.00,60.00,130.00,6,7,0.00,0.00,0,0
1432850192,s1-eth3,0.00,0.00,0.00,0,0,0.00,0.00,0.00,0,0,0.00,0.00,0,0
1432850192,s0,0.00,0.00,0.00,0,0,0.00,0.00,0.00,0,0,0.00,0.00,0,0
1432850192,eth0,0.00,0.00,0.00,0,0,0.00,0.00,0.00,0,0,0.00,0.00,0,0
1432850192,lo,0.00,0.00,0.00,0,0,0.00,0.00,0.00,0,0,0.00,0.00,0,0
1432850192,s1,0.00,0.00,0.00,0,0,0.00,0.00,0.00,0,0,0.00,0.00,0,0
1432850192,s0-eth1,177720.00,3960.00,181680.00,396,17772,60.00,60.00,120.00,6,6,0.00,0.00,0,0
1432850192,s0-eth2,3960.00,177720.00,181680.00,17772,396,60.00,60.00,120.00,6,6,0.00,0.00,0,0
1432850192,s0-eth3,0.00,0.00,0.00,0,0,0.00,0.00,0.00,0,0,0.00,0.00,0,0
1432850192,total,392980.00,363360.00,756340.00,36336,39298,250.00,240.00,490.00,24,25,0.00,0.00,0,0
1432850192,s1-eth1,4620.00,177720.00,182340.00,17772,462,70.00,60.00,130.00,6,7,0.00,0.00,0,0
1432850192,s1-eth2,177720.00,4620.00,182340.00,462,17772,60.00,70.00,130.00,7,6,0.00,0.00,0,0
1432850192,s1-eth3,0.00,0.00,0.00,0,0,0.00,0.00,0.00,0,0,0.00,0.00,0,0
1432850192,s0,0.00,0.00,0.00,0,0,0.00,0.00,0.00,0,0,0.00,0.00,0,0
1432850192,eth0,0.00,0.00,0.00,0,0,0.00,0.00,0.00,0,0,0.00,0.00,0,0
1432850192,lo,0.00,0.00,0.00,0,0,0.00,0.00,0.00,0,0,0.00,0.00,0,0
1432850192,s1,0.00,0.00,0.00,0,0,0.00,0.00,0.00,0,0,0.00,0.00,0,0
1432850192,s0-eth1,177720.00,4620.00,182340.00,462,17772,60.00,70.00,130.00,7,6,0.00,0.00,0,0
1432850192,s0-eth2,3960.00,177720.00,181680.00,17772,396,60.00,60.00,120.00,6,6,0.00,0.00,0,0
1432850192,s0-eth3,0.00,0.00,0.00,0,0,0.00,0.00,0.00,0,0,0.00,0.00,0,0
1432850192,total,364020.00,364680.00,728700.00,36468,36402,250.00,260.00,510.00,26,25,0.00,0.00,0,0
1432850192,s1-eth1,3960.00,177720.00,181680.00,17772,396,60.00,60.00,120.00,6,6,0.00,0.00,0,0
1432850192,s1-eth2,177720.00,3960.00,181680.00,396,17772,60.00,60.00,120.00,6,6,0.00,0.00,0,0
1432850192,s1-eth3,0.00,0.00,0.00,0,0,0.00,0.00,0.00,0,0,0.00,0.00,0,0
1432850192,s0,0.00,0.00,0.00,0,0,0.00,0.00,0.00,0,0,0.00,0.00,0,0
1432850192,eth0,0.00,0.00,0.00,0,0,0.00,0.00,0.00,0,0,0.00,0.00,0,0
1432850192,lo,0.00,0.00,0.00,0,0,0.00,0.00,0.00,0,0,0.00,0.00,0,0
1432850192,s1,0.00,0.00,0.00,0,0,0.00,0.00,0.00,0,0,0.00,0.00,0,0
1432850192,s0-eth1,177720.00,3960.00,181680.00,396,17772,60.00,60.00,120.00,6,6,0.00,0.00,0,0
1432850192,s0-eth2,4620.00,236960.00,241580.00,23696,462,70.00,80.00,150.00,8,7,0.00,0.00,0,0
1432850192,s0-eth3,0.00,0.00,0.00,0,0,0.00,0.00,0.00,0,0,0.00,0.00,0,0
1432850192,total,364020.00,422600.00,786620.00,42260,36402,250.00,260.00,510.00,26,25,0.00,0.00,0,0
1432850192,s1-eth1,3960.00,177720.00,181680.00,17772,396,60.00,60.00,120.00,6,6,0.00,0.00,0,0
1432850192,s1-eth2,177720.00,3960.00,181680.00,396,17772,60.00,60.00,120.00,6,6,0.00,0.00,0,0
1432850192,s1-eth3,0.00,0.00,0.00,0,0,0.00,0.00,0.00,0,0,0.00,0.00,0,0
1432850192,s0,0.00,0.00,0.00,0,0,0.00,0.00,0.00,0,0,0.00,0.00,0,0
1432850192,eth0,0.00,0.00,0.00,0,0,0.00,0.00,0.00,0,0,0.00,0.00,0,0
1432850192,lo,0.00,0.00,0.00,0,0,0.00,0.00,0.00,0,0,0.00,0.00,0,0
1432850192,s1,0.00,0.00,0.00,0,0,0.00,0.00,0.00,0,0,0.00,0.00,0,0
1432850192,s0-eth1,177720.00,3960.00,181680.00,396,17772,60.00,60.00,120.00,6,6,0.00,0.00,0,0
1432850192,s0-eth2,3960.00,177720.00,181680.00,17772,396,60.00,60.00,120.00,6,6,0.00,0.00,0,0
1432850192,s0-eth3,0.00,0.00,0.00,0,0,0.00,0.00,0.00,0,0,0.00,0.00,0,0
1432850192,total,363360.00,363360.00,726720.00,36336,36336,240.00,240.00,480.00,24,24,0.00,0.00,0,0
1432850192,s1-eth1,3960.00,207340.00,211300.00,20734,396,60.00,70.00,130.00,7,6,0.00,0.00,0,0
1432850192,s1-eth2,177720.00,3960.00,181680.00,396,17772,60.00,60.00,120.00,6,6,0.00,0.00,0,0
1432850192,s1-eth3,0.00,0.00,0.00,0,0,0.00,0.00,0.00,0,0,0.00,0.00,0,0
1432850192,s0,0.00,0.00,0.00,0,0,0.00,0.00,0.00,0,0,0.00,0.00,0,0
1432850192,eth0,0.00,0.00,0.00,0,0,0.00,0.00,0.00,0,0,0.00,0.00,0,0
1432850192,lo,0.00,0.00,0.00,0,0,0.00,0.00,0.00,0,0,0.00,0.00,0,0
1432850192,s1,0.00,0.00,0.00,0,0,0.00,0.00,0.00,0,0,0.00,0.00,0,0
1432850192,s0-eth1,207340.00,3960.00,211300.00,396,20734,70.00,60.00,130.00,6,7,0.00,0.00,0,0
1432850192,s0-eth2,3960.00,177720.00,181680.00,17772,396,60.00,60.00,120.00,6,6,0.00,0.00,0,0
1432850192,s0-eth3,0.00,1073260.00,1073260.00,107326,0,0.00,1030.00,1030.00,103,0,0.00,0.00,0,0
1432850192,total,392980.00,1466240.00,1859220.00,146624,39298,250.00,1280.00,1530.00,128,25,0.00,0.00,0,0
1432850192,s1-eth1,2640.00,161800.00,164440.00,16180,264,40.00,100.00,140.00,10,4,0.00,0.00,0,0
1432850192,s1-eth2,118480.00,2640.00,121120.00,264,11848,40.00,40.00,80.00,4,4,0.00,0.00,0,0
1432850192,s1-eth3,72940.00,0.00,72940.00,0,7294,70.00,0.00,70.00,0,7,0.00,0.00,0,0
1432850192,s0,0.00,0.00,0.00,0,0,0.00,0.00,0.00,0,0,0.00,0.00,0,0
1432850192,eth0,0.00,0.00,0.00,0,0,0.00,0.00,0.00,0,0,0.00,0.00,0,0
1432850192,lo,0.00,0.00,0.00,0,0,0.00,0.00,0.00,0,0,0.00,0.00,0,0
1432850192,s1,0.00,0.00,0.00,0,0,0.00,0.00,0.00,0,0,0.00,0.00,0,0
1432850192,s0-eth1,161800.00,2640.00,164440.00,264,16180,100.00,40.00,140.00,4,10,0.00,0.00,0,0
1432850192,s0-eth2,2640.00,118480.00,121120.00,11848,264,40.00,40.00,80.00,4,4,0.00,0.00,0,0
1432850192,s0-eth3,0.00,1886020.00,1886020.00,188602,0,0.00,1810.00,1810.00,181,0,0.00,0.00,0,0
1432850192,total,358500.00,2171580.00,2530080.00,217158,35850,290.00,2030.00,2320.00,203,29,0.00,0.00,0,0
1432850192,s1-eth1,0.00,187560.00,187560.00,18756,0,0.00,180.00,180.00,18,0,0.00,0.00,0,0
1432850192,s1-eth2,0.00,0.00,0.00,0,0,0.00,0.00,0.00,0,0,0.00,0.00,0,0
1432850192,s1-eth3,187560.00,0.00,187560.00,0,18756,180.00,0.00,180.00,0,18,0.00,0.00,0,0
1432850192,s0,0.00,0.00,0.00,0,0,0.00,0.00,0.00,0,0,0.00,0.00,0,0
1432850192,eth0,0.00,0.00,0.00,0,0,0.00,0.00,0.00,0,0,0.00,0.00,0,0
1432850192,lo,0.00,0.00,0.00,0,0,0.00,0.00,0.00,0,0,0.00,0.00,0,0
1432850192,s1,0.00,0.00,0.00,0,0,0.00,0.00,0.00,0,0,0.00,0.00,0,0
1432850192,s0-eth1,187560.00,0.00,187560.00,0,18756,180.00,0.00,180.00,0,18,0.00,0.00,0,0
1432850192,s0-eth2,0.00,0.00,0.00,0,0,0.00,0.00,0.00,0,0,0.00,0.00,0,0
1432850192,s0-eth3,0.00,1875600.00,1875600.00,187560,0,0.00,1800.00,1800.00,180,0,0.00,0.00,0,0
1432850192,total,375120.00,2063160.00,2438280.00,206316,37512,360.00,1980.00,2340.00,198,36,0.00,0.00,0,0
1432850192,s1-eth1,0.00,187560.00,187560.00,18756,0,0.00,180.00,180.00,18,0,0.00,0.00,0,0
1432850192,s1-eth2,0.00,0.00,0.00,0,0,0.00,0.00,0.00,0,0,0.00,0.00,0,0
1432850192,s1-eth3,187560.00,0.00,187560.00,0,18756,180.00,0.00,180.00,0,18,0.00,0.00,0,0
1432850192,s0,0.00,0.00,0.00,0,0,0.00,0.00,0.00,0,0,0.00,0.00,0,0
1432850192,eth0,0.00,0.00,0.00,0,0,0.00,0.00,0.00,0,0,0.00,0.00,0,0
1432850192,lo,0.00,0.00,0.00,0,0,0.00,0.00,0.00,0,0,0.00,0.00,0,0
1432850192,s1,0.00,0.00,0.00,0,0,0.00,0.00,0.00,0,0,0.00,0.00,0,0
1432850192,s0-eth1,187560.00,0.00,187560.00,0,18756,180.00,0.00,180.00,0,18,0.00,0.00,0,0
1432850192,s0-eth2,0.00,15140.00,15140.00,1514,0,0.00,10.00,10.00,1,0,0.00,0.00,0,0
1432850192,s0-eth3,0.00,1886020.00,1886020.00,188602,0,0.00,1810.00,1810.00,181,0,0.00,0.00,0,0
1432850192,total,375120.00,2088720.00,2463840.00,208872,37512,360.00,2000.00,2360.00,200,36,0.00,0.00,0,0
1432850193,s1-eth1,653.47,190376.25,191029.70,19228,66,9.90,178.22,188.12,18,1,0.00,0.00,0,0
1432850193,s1-eth2,14990.10,653.47,15643.57,66,1514,9.90,9.90,19.80,1,1,0.00,0.00,0,0
1432850193,s1-eth3,175386.14,0.00,175386.14,0,17714,168.32,0.00,168.32,0,17,0.00,0.00,0,0
1432850193,s0,0.00,0.00,0.00,0,0,0.00,0.00,0.00,0,0,0.00,0.00,0,0
1432850193,eth0,0.00,0.00,0.00,0,0,0.00,0.00,0.00,0,0,0.00,0.00,0,0
1432850193,lo,0.00,0.00,0.00,0,0,0.00,0.00,0.00,0,0,0.00,0.00,0,0
1432850193,s1,0.00,0.00,0.00,0,0,0.00,0.00,0.00,0,0,0.00,0.00,0,0
1432850193,s0-eth1,190376.25,653.47,191029.70,66,19228,178.22,9.90,188.12,1,18,0.00,0.00,0,0
1432850193,s0-eth2,653.47,29326.73,29980.20,2962,66,9.90,9.90,19.80,1,1,0.00,0.00,0,0
1432850193,s0-eth3,0.00,1867346.62,1867346.62,188602,0,0.00,1792.08,1792.08,181,0,0.00,0.00,0,0
1432850193,total,382059.41,2088356.50,2470416.00,210924,38588,376.24,2000.00,2376.24,202,38,0.00,0.00,0,0
1432850193,s1-eth1,0.00,187560.00,187560.00,18756,0,0.00,180.00,180.00,18,0,0.00,0.00,0,0
1432850193,s1-eth2,0.00,0.00,0.00,0,0,0.00,0.00,0.00,0,0,0.00,0.00,0,0
1432850193,s1-eth3,187560.00,0.00,187560.00,0,18756,180.00,0.00,180.00,0,18,0.00,0.00,0,0
1432850193,s0,0.00,0.00,0.00,0,0,0.00,0.00,0.00,0,0,0.00,0.00,0,0
1432850193,eth0,0.00,0.00,0.00,0,0,0.00,0.00,0.00,0,0,0.00,0.00,0,0
1432850193,lo,0.00,0.00,0.00,0,0,0.00,0.00,0.00,0,0,0.00,0.00,0,0
1432850193,s1,0.00,0.00,0.00,0,0,0.00,0.00,0.00,0,0,0.00,0.00,0,0
1432850193,s0-eth1,187560.00,0.00,187560.00,0,18756,180.00,0.00,180.00,0,18,0.00,0.00,0,0
1432850193,s0-eth2,0.00,0.00,0.00,0,0,0.00,0.00,0.00,0,0,0.00,0.00,0,0
1432850193,s0-eth3,0.00,1875600.00,1875600.00,187560,0,0.00,1800.00,1800.00,180,0,0.00,0.00,0,0
1432850193,total,375120.00,2063160.00,2438280.00,206316,37512,360.00,1980.00,2340.00,198,36,0.00,0.00,0,0
1432850193,s1-eth1,0.00,187560.00,187560.00,18756,0,0.00,180.00,180.00,18,0,0.00,0.00,0,0
1432850193,s1-eth2,0.00,0.00,0.00,0,0,0.00,0.00,0.00,0,0,0.00,0.00,0,0
1432850193,s1-eth3,187560.00,0.00,187560.00,0,18756,180.00,0.00,180.00,0,18,0.00,0.00,0,0
1432850193,s0,0.00,0.00,0.00,0,0,0.00,0.00,0.00,0,0,0.00,0.00,0,0
1432850193,eth0,0.00,0.00,0.00,0,0,0.00,0.00,0.00,0,0,0.00,0.00,0,0
1432850193,lo,0.00,0.00,0.00,0,0,0.00,0.00,0.00,0,0,0.00,0.00,0,0
1432850193,s1,0.00,0.00,0.00,0,0,0.00,0.00,0.00,0,0,0.00,0.00,0,0
1432850193,s0-eth1,187560.00,0.00,187560.00,0,18756,180.00,0.00,180.00,0,18,0.00,0.00,0,0
1432850193,s0-eth2,0.00,15140.00,15140.00,1514,0,0.00,10.00,10.00,1,0,0.00,0.00,0,0
1432850193,s0-eth3,0.00,479320.00,479320.00,47932,0,0.00,460.00,460.00,46,0,0.00,0.00,0,0
1432850193,total,375120.00,682020.00,1057140.00,68202,37512,360.00,650.00,1010.00,65,36,0.00,0.00,0,0
1432850193,s1-eth1,2220.00,189660.00,191880.00,18966,222,30.00,150.00,180.00,15,3,0.00,0.00,0,0
1432850193,s1-eth2,75040.00,3000.00,78040.00,300,7504,40.00,40.00,80.00,4,4,0.00,0.00,0,0
1432850193,s1-eth3,114620.00,0.00,114620.00,0,11462,110.00,0.00,110.00,0,11,0.00,0.00,0,0
1432850193,s0,0.00,0.00,0.00,0,0,0.00,0.00,0.00,0,0,0.00,0.00,0,0
1432850193,eth0,0.00,0.00,0.00,0,0,0.00,0.00,0.00,0,0,0.00,0.00,0,0
1432850193,lo,0.00,0.00,0.00,0,0,0.00,0.00,0.00,0,0,0.00,0.00,0,0
1432850193,s1,0.00,0.00,0.00,0,0,0.00,0.00,0.00,0,0,0.00,0.00,0,0
1432850193,s0-eth1,189660.00,2220.00,191880.00,222,18966,150.00,30.00,180.00,3,15,0.00,0.00,0,0
1432850193,s0-eth2,2220.00,90180.00,92400.00,9018,222,30.00,50.00,80.00,5,3,0.00,0.00,0,0
1432850193,s0-eth3,0.00,0.00,0.00,0,0,0.00,0.00,0.00,0,0,0.00,0.00,0,0
1432850193,total,383760.00,285060.00,668820.00,28506,38376,360.00,270.00,630.00,27,36,0.00,0.00,0,0
1432850193,s1-eth1,10020.00,181680.00,191700.00,18168,1002,130.00,120.00,250.00,12,13,0.00,0.00,0,0
1432850193,s1-eth2,181680.00,9240.00,190920.00,924,18168,120.00,120.00,240.00,12,12,0.00,0.00,0,0
1432850193,s1-eth3,0.00,0.00,0.00,0,0,0.00,0.00,0.00,0,0,0.00,0.00,0,0
1432850193,s0,0.00,0.00,0.00,0,0,0.00,0.00,0.00,0,0,0.00,0.00,0,0
1432850193,eth0,0.00,0.00,0.00,0,0,0.00,0.00,0.00,0,0,0.00,0.00,0,0
1432850193,lo,0.00,0.00,0.00,0,0,0.00,0.00,0.00,0,0,0.00,0.00,0,0
1432850193,s1,0.00,0.00,0.00,0,0,0.00,0.00,0.00,0,0,0.00,0.00,0,0
1432850193,s0-eth1,181680.00,10020.00,191700.00,1002,18168,120.00,130.00,250.00,13,12,0.00,0.00,0,0
1432850193,s0-eth2,9360.00,211960.00,221320.00,21196,936,120.00,140.00,260.00,14,12,0.00,0.00,0,0
1432850193,s0-eth3,0.00,0.00,0.00,0,0,0.00,0.00,0.00,0,0,0.00,0.00,0,0
1432850193,total,382740.00,412900.00,795640.00,41290,38274,490.00,510.00,1000.00,51,49,0.00,0.00,0,0
1432850193,s1-eth1,3960.00,208660.00,212620.00,20866,396,60.00,90.00,150.00,9,6,0.00,0.00,0,0
1432850193,s1-eth2,208660.00,3960.00,212620.00,396,20866,90.00,60.00,150.00,6,9,0.00,0.00,0,0
1432850193,s1-eth3,0.00,0.00,0.00,0,0,0.00,0.00,0.00,0,0,0.00,0.00,0,0
1432850193,s0,0.00,0.00,0.00,0,0,0.00,0.00,0.00,0,0,0.00,0.00,0,0
1432850193,eth0,0.00,0.00,0.00,0,0,0.00,0.00,0.00,0,0,0.00,0.00,0,0
1432850193,lo,0.00,0.00,0.00,0,0,0.00,0.00,0.00,0,0,0.00,0.00,0,0
1432850193,s1,0.00,0.00,0.00,0,0,0.00,0.00,0.00,0,0,0.00,0.00,0,0
1432850193,s0-eth1,208660.00,3960.00,212620.00,396,20866,90.00,60.00,150.00,6,9,0.00,0.00,0,0
1432850193,s0-eth2,4620.00,207340.00,211960.00,20734,462,70.00,70.00,140.00,7,7,0.00,0.00,0,0
1432850193,s0-eth3,0.00,0.00,0.00,0,0,0.00,0.00,0.00,0,0,0.00,0.00,0,0
1432850193,total,425900.00,423920.00,849820.00,42392,42590,310.00,280.00,590.00,28,31,0.00,0.00,0,0
1432850193,s1-eth1,4620.00,177720.00,182340.00,17772,462,70.00,60.00,130.00,6,7,0.00,0.00,0,0
1432850193,s1-eth2,177720.00,4620.00,182340.00,462,17772,60.00,70.00,130.00,7,6,0.00,0.00,0,0
1432850193,s1-eth3,0.00,0.00,0.00,0,0,0.00,0.00,0.00,0,0,0.00,0.00,0,0
1432850193,s0,0.00,0.00,0.00,0,0,0.00,0.00,0.00,0,0,0.00,0.00,0,0
1432850193,eth0,0.00,0.00,0.00,0,0,0.00,0.00,0.00,0,0,0.00,0.00,0,0
1432850193,lo,0.00,0.00,0.00,0,0,0.00,0.00,0.00,0,0,0.00,0.00,0,0
1432850193,s1,0.00,0.00,0.00,0,0,0.00,0.00,0.00,0,0,0.00,0.00,0,0
1432850193,s0-eth1,177720.00,4620.00,182340.00,462,17772,60.00,70.00,130.00,7,6,0.00,0.00,0,0
1432850193,s0-eth2,3960.00,177720.00,181680.00,17772,396,60.00,60.00,120.00,6,6,0.00,0.00,0,0
1432850193,s0-eth3,0.00,0.00,0.00,0,0,0.00,0.00,0.00,0,0,0.00,0.00,0,0
1432850193,total,364020.00,364680.00,728700.00,36468,36402,250.00,260.00,510.00,26,25,0.00,0.00,0,0
1432850193,s1-eth1,3960.00,177720.00,181680.00,17772,396,60.00,60.00,120.00,6,6,0.00,0.00,0,0
1432850193,s1-eth2,177720.00,3960.00,181680.00,396,17772,60.00,60.00,120.00,6,6,0.00,0.00,0,0
1432850193,s1-eth3,0.00,0.00,0.00,0,0,0.00,0.00,0.00,0,0,0.00,0.00,0,0
1432850193,s0,0.00,0.00,0.00,0,0,0.00,0.00,0.00,0,0,0.00,0.00,0,0
1432850193,eth0,0.00,0.00,0.00,0,0,0.00,0.00,0.00,0,0,0.00,0.00,0,0
1432850193,lo,0.00,0.00,0.00,0,0,0.00,0.00,0.00,0,0,0.00,0.00,0,0
1432850193,s1,0.00,0.00,0.00,0,0,0.00,0.00,0.00,0,0,0.00,0.00,0,0
1432850193,s0-eth1,177720.00,3960.00,181680.00,396,17772,60.00,60.00,120.00,6,6,0.00,0.00,0,0
1432850193,s0-eth2,4620.00,207340.00,211960.00,20734,462,70.00,70.00,140.00,7,7,0.00,0.00,0,0
1432850193,s0-eth3,0.00,0.00,0.00,0,0,0.00,0.00,0.00,0,0,0.00,0.00,0,0
1432850193,total,364020.00,392980.00,757000.00,39298,36402,250.00,250.00,500.00,25,25,0.00,0.00,0,0
1432850193,s1-eth1,3960.00,177720.00,181680.00,17772,396,60.00,60.00,120.00,6,6,0.00,0.00,0,0
1432850193,s1-eth2,177720.00,3960.00,181680.00,396,17772,60.00,60.00,120.00,6,6,0.00,0.00,0,0
1432850193,s1-eth3,0.00,0.00,0.00,0,0,0.00,0.00,0.00,0,0,0.00,0.00,0,0
1432850193,s0,0.00,0.00,0.00,0,0,0.00,0.00,0.00,0,0,0.00,0.00,0,0
1432850193,eth0,0.00,0.00,0.00,0,0,0.00,0.00,0.00,0,0,0.00,0.00,0,0
1432850193,lo,0.00,0.00,0.00,0,0,0.00,0.00,0.00,0,0,0.00,0.00,0,0
1432850193,s1,0.00,0.00,0.00,0,0,0.00,0.00,0.00,0,0,0.00,0.00,0,0
1432850193,s0-eth1,177720.00,3960.00,181680.00,396,17772,60.00,60.00,120.00,6,6,0.00,0.00,0,0
1432850193,s0-eth2,3960.00,207340.00,211300.00,20734,396,60.00,70.00,130.00,7,6,0.00,0.00,0,0
1432850193,s0-eth3,0.00,0.00,0.00,0,0,0.00,0.00,0.00,0,0,0.00,0.00,0,0
1432850193,total,363360.00,392980.00,756340.00,39298,36336,240.00,250.00,490.00,25,24,0.00,0.00,0,0
1432850193,s1-eth1,3960.00,207340.00,211300.00,20734,396,60.00,70.00,130.00,7,6,0.00,0.00,0,0
1432850193,s1-eth2,177720.00,3960.00,181680.00,396,17772,60.00,60.00,120.00,6,6,0.00,0.00,0,0
1432850193,s1-eth3,0.00,0.00,0.00,0,0,0.00,0.00,0.00,0,0,0.00,0.00,0,0
1432850193,s0,0.00,0.00,0.00,0,0,0.00,0.00,0.00,0,0,0.00,0.00,0,0
1432850193,eth0,0.00,0.00,0.00,0,0,0.00,0.00,0.00,0,0,0.00,0.00,0,0
1432850193,lo,0.00,0.00,0.00,0,0,0.00,0.00,0.00,0,0,0.00,0.00,0,0
1432850193,s1,0.00,0.00,0.00,0,0,0.00,0.00,0.00,0,0,0.00,0.00,0,0
1432850193,s0-eth1,207340.00,3960.00,211300.00,396,20734,70.00,60.00,130.00,6,7,0.00,0.00,0,0
1432850193,s0-eth2,3960.00,177720.00,181680.00,17772,396,60.00,60.00,120.00,6,6,0.00,0.00,0,0
1432850193,s0-eth3,0.00,0.00,0.00,0,0,0.00,0.00,0.00,0,0,0.00,0.00,0,0
1432850193,total,392980.00,392980.00,785960.00,39298,39298,250.00,250.00,500.00,25,25,0.00,0.00,0,0
1432850194,s1-eth1,3920.79,175960.41,179881.19,17772,396,59.41,59.41,118.81,6,6,0.00,0.00,0,0
1432850194,s1-eth2,205287.14,3920.79,209207.92,396,20734,69.31,59.41,128.71,6,7,0.00,0.00,0,0
1432850194,s1-eth3,0.00,0.00,0.00,0,0,0.00,0.00,0.00,0,0,0.00,0.00,0,0
1432850194,s0,0.00,0.00,0.00,0,0,0.00,0.00,0.00,0,0,0.00,0.00,0,0
1432850194,eth0,0.00,0.00,0.00,0,0,0.00,0.00,0.00,0,0,0.00,0.00,0,0
1432850194,lo,0.00,0.00,0.00,0,0,0.00,0.00,0.00,0,0,0.00,0.00,0,0
1432850194,s1,0.00,0.00,0.00,0,0,0.00,0.00,0.00,0,0,0.00,0.00,0,0
1432850194,s0-eth1,175960.41,3920.79,179881.19,396,17772,59.41,59.41,118.81,6,6,0.00,0.00,0,0
1432850194,s0-eth2,3920.79,205287.14,209207.92,20734,396,59.41,69.31,128.71,7,6,0.00,0.00,0,0
1432850194,s0-eth3,0.00,0.00,0.00,0,0,0.00,0.00,0.00,0,0,0.00,0.00,0,0
1432850194,total,389089.12,389089.12,778178.25,39298,39298,247.52,247.52,495.05,25,25,0.00,0.00,0,0
1432850194,s1-eth1,4620.00,177720.00,182340.00,17772,462,70.00,60.00,130.00,6,7,0.00,0.00,0,0
1432850194,s1-eth2,177720.00,4620.00,182340.00,462,17772,60.00,70.00,130.00,7,6,0.00,0.00,0,0
1432850194,s1-eth3,0.00,0.00,0.00,0,0,0.00,0.00,0.00,0,0,0.00,0.00,0,0
1432850194,s0,0.00,0.00,0.00,0,0,0.00,0.00,0.00,0,0,0.00,0.00,0,0
1432850194,eth0,0.00,0.00,0.00,0,0,0.00,0.00,0.00,0,0,0.00,0.00,0,0
1432850194,lo,0.00,0.00,0.00,0,0,0.00,0.00,0.00,0,0,0.00,0.00,0,0
1432850194,s1,0.00,0.00,0.00,0,0,0.00,0.00,0.00,0,0,0.00,0.00,0,0
1432850194,s0-eth1,177720.00,4620.00,182340.00,462,17772,60.00,70.00,130.00,7,6,0.00,0.00,0,0
1432850194,s0-eth2,3960.00,177720.00,181680.00,17772,396,60.00,60.00,120.00,6,6,0.00,0.00,0,0
1432850194,s0-eth3,0.00,0.00,0.00,0,0,0.00,0.00,0.00,0,0,0.00,0.00,0,0
1432850194,total,364020.00,364680.00,728700.00,36468,36402,250.00,260.00,510.00,26,25,0.00,0.00,0,0
1432850194,s1-eth1,3960.00,177720.00,181680.00,17772,396,60.00,60.00,120.00,6,6,0.00,0.00,0,0
1432850194,s1-eth2,177720.00,3960.00,181680.00,396,17772,60.00,60.00,120.00,6,6,0.00,0.00,0,0
1432850194,s1-eth3,0.00,0.00,0.00,0,0,0.00,0.00,0.00,0,0,0.00,0.00,0,0
1432850194,s0,0.00,0.00,0.00,0,0,0.00,0.00,0.00,0,0,0.00,0.00,0,0
1432850194,eth0,0.00,0.00,0.00,0,0,0.00,0.00,0.00,0,0,0.00,0.00,0,0
1432850194,lo,3440.00,3440.00,6880.00,344,344,60.00,60.00,120.00,6,6,0.00,0.00,0,0
1432850194,s1,0.00,0.00,0.00,0,0,0.00,0.00,0.00,0,0,0.00,0.00,0,0
1432850194,s0-eth1,177720.00,3960.00,181680.00,396,17772,60.00,60.00,120.00,6,6,0.00,0.00,0,0
1432850194,s0-eth2,4620.00,207340.00,211960.00,20734,462,70.00,70.00,140.00,7,7,0.00,0.00,0,0
1432850194,s0-eth3,0.00,0.00,0.00,0,0,0.00,0.00,0.00,0,0,0.00,0.00,0,0
1432850194,total,367460.00,396420.00,763880.00,39642,36746,310.00,310.00,620.00,31,31,0.00,0.00,0,0
1432850194,s1-eth1,3960.00,177720.00,181680.00,17772,396,60.00,60.00,120.00,6,6,0.00,0.00,0,0
1432850194,s1-eth2,177720.00,3960.00,181680.00,396,17772,60.00,60.00,120.00,6,6,0.00,0.00,0,0
1432850194,s1-eth3,0.00,0.00,0.00,0,0,0.00,0.00,0.00,0,0,0.00,0.00,0,0
1432850194,s0,0.00,0.00,0.00,0,0,0.00,0.00,0.00,0,0,0.00,0.00,0,0
1432850194,eth0,0.00,0.00,0.00,0,0,0.00,0.00,0.00,0,0,0.00,0.00,0,0
1432850194,lo,0.00,0.00,0.00,0,0,0.00,0.00,0.00,0,0,0.00,0.00,0,0
1432850194,s1,0.00,0.00,0.00,0,0,0.00,0.00,0.00,0,0,0.00,0.00,0,0
1432850194,s0-eth1,177720.00,3960.00,181680.00,396,17772,60.00,60.00,120.00,6,6,0.00,0.00,0,0
1432850194,s0-eth2,3960.00,177720.00,181680.00,17772,396,60.00,60.00,120.00,6,6,0.00,0.00,0,0
1432850194,s0-eth3,0.00,0.00,0.00,0,0,0.00,0.00,0.00,0,0,0.00,0.00,0,0
1432850194,total,363360.00,363360.00,726720.00,36336,36336,240.00,240.00,480.00,24,24,0.00,0.00,0,0
1432850194,s1-eth1,3960.00,207340.00,211300.00,20734,396,60.00,70.00,130.00,7,6,0.00,0.00,0,0
1432850194,s1-eth2,177720.00,3960.00,181680.00,396,17772,60.00,60.00,120.00,6,6,0.00,0.00,0,0
1432850194,s1-eth3,0.00,0.00,0.00,0,0,0.00,0.00,0.00,0,0,0.00,0.00,0,0
1432850194,s0,0.00,0.00,0.00,0,0,0.00,0.00,0.00,0,0,0.00,0.00,0,0
1432850194,eth0,0.00,0.00,0.00,0,0,0.00,0.00,0.00,0,0,0.00,0.00,0,0
1432850194,lo,0.00,0.00,0.00,0,0,0.00,0.00,0.00,0,0,0.00,0.00,0,0
1432850194,s1,0.00,0.00,0.00,0,0,0.00,0.00,0.00,0,0,0.00,0.00,0,0
1432850194,s0-eth1,207340.00,3960.00,211300.00,396,20734,70.00,60.00,130.00,6,7,0.00,0.00,0,0
1432850194,s0-eth2,3960.00,207340.00,211300.00,20734,396,60.00,70.00,130.00,7,6,0.00,0.00,0,0
1432850194,s0-eth3,0.00,0.00,0.00,0,0,0.00,0.00,0.00,0,0,0.00,0.00,0,0
1432850194,total,392980.00,422600.00,815580.00,42260,39298,250.00,260.00,510.00,26,25,0.00,0.00,0,0
1432850194,s1-eth1,3960.00,177720.00,181680.00,17772,396,60.00,60.00,120.00,6,6,0.00,0.00,0,0
1432850194,s1-eth2,207340.00,4620.00,211960.00,462,20734,70.00,70.00,140.00,7,7,0.00,0.00,0,0
1432850194,s1-eth3,0.00,0.00,0.00,0,0,0.00,0.00,0.00,0,0,0.00,0.00,0,0
1432850194,s0,0.00,0.00,0.00,0,0,0.00,0.00,0.00,0,0,0.00,0.00,0,0
1432850194,eth0,0.00,0.00,0.00,0,0,0.00,0.00,0.00,0,0,0.00,0.00,0,0
1432850194,lo,0.00,0.00,0.00,0,0,0.00,0.00,0.00,0,0,0.00,0.00,0,0
1432850194,s1,0.00,0.00,0.00,0,0,0.00,0.00,0.00,0,0,0.00,0.00,0,0
1432850194,s0-eth1,177720.00,3960.00,181680.00,396,17772,60.00,60.00,120.00,6,6,0.00,0.00,0,0
1432850194,s0-eth2,3960.00,177720.00,181680.00,17772,396,60.00,60.00,120.00,6,6,0.00,0.00,0,0
1432850194,s0-eth3,0.00,0.00,0.00,0,0,0.00,0.00,0.00,0,0,0.00,0.00,0,0
1432850194,total,392980.00,364020.00,757000.00,36402,39298,250.00,250.00,500.00,25,25,0.00,0.00,0,0
1432850194,s1-eth1,5160.00,177720.00,182880.00,17772,516,80.00,60.00,140.00,6,8,0.00,0.00,0,0
1432850194,s1-eth2,177720.00,4500.00,182220.00,450,17772,60.00,70.00,130.00,7,6,0.00,0.00,0,0
1432850194,s0,0.00,0.00,0.00,0,0,0.00,0.00,0.00,0,0,0.00,0.00,0,0
1432850194,eth0,6920.00,0.00,6920.00,0,692,60.00,0.00,60.00,0,6,0.00,0.00,0,0
1432850194,lo,3120.00,3120.00,6240.00,312,312,60.00,60.00,120.00,6,6,0.00,0.00,0,0
1432850194,s1,0.00,0.00,0.00,0,0,0.00,0.00,0.00,0,0,0.00,0.00,0,0
1432850194,s0-eth1,177720.00,5160.00,182880.00,516,17772,60.00,80.00,140.00,8,6,0.00,0.00,0,0
1432850194,s0-eth2,5160.00,179040.00,184200.00,17904,516,80.00,80.00,160.00,8,8,0.00,0.00,0,0
1432850194,s0-eth3,0.00,0.00,0.00,0,0,0.00,0.00,0.00,0,0,0.00,0.00,0,0
1432850194,total,184467440737095516160.00,354240.00,184467440737095516160.00,35424,18446744073707851415,184467440737095483392.00,140.00,184467440737095483392.00,14,18446744073709549927,0.00,0.00,0,0
1432850194,s0,0.00,0.00,0.00,0,0,0.00,0.00,0.00,0,0,0.00,0.00,0,0
1432850194,eth0,5420.00,6600.00,12020.00,660,542,50.00,100.00,150.00,10,5,0.00,0.00,0,0
1432850194,lo,0.00,0.00,0.00,0,0,0.00,0.00,0.00,0,0,0.00,0.00,0,0
1432850194,s1,0.00,0.00,0.00,0,0,0.00,0.00,0.00,0,0,0.00,0.00,0,0
1432850194,total,184467440737095516160.00,184467440737095516160.00,184467440737095516160.00,18446744073676430119,18446744073694586389,184467440737095385088.00,184467440737095221248.00,184467440737095122944.00,18446744073709523049,18446744073709539996,0.00,0.00,0,0
1432850194,eth0,1500.00,1320.00,2820.00,132,150,10.00,20.00,30.00,2,1,0.00,0.00,0,0
1432850194,lo,0.00,0.00,0.00,0,0,0.00,0.00,0.00,0,0,0.00,0.00,0,0
1432850194,total,184467440737095516160.00,184467440737095516160.00,184467440737095516160.00,18446744073709544785,18446744073709550469,184467440737095516160.00,184467440737095516160.00,184467440737095516160.00,18446744073709551524,18446744073709551600,0.00,0.00,0,0
1432850194,eth0,0.00,0.00,0.00,0,0,0.00,0.00,0.00,0,0,0.00,0.00,0,0
1432850194,lo,0.00,0.00,0.00,0,0,0.00,0.00,0.00,0,0,0.00,0.00,0,0
1432850194,total,0.00,0.00,0.00,0,0,0.00,0.00,0.00,0,0,0.00,0.00,0,0
1432850195,eth0,0.00,0.00,0.00,0,0,0.00,0.00,0.00,0,0,0.00,0.00,0,0
1432850195,lo,0.00,0.00,0.00,0,0,0.00,0.00,0.00,0,0,0.00,0.00,0,0
1432850195,total,0.00,0.00,0.00,0,0,0.00,0.00,0.00,0,0,0.00,0.00,0,0
1432850195,eth0,0.00,0.00,0.00,0,0,0.00,0.00,0.00,0,0,0.00,0.00,0,0
1432850195,lo,0.00,0.00,0.00,0,0,0.00,0.00,0.00,0,0,0.00,0.00,0,0
1432850195,total,0.00,0.00,0.00,0,0,0.00,0.00,0.00,0,0,0.00,0.00,0,0
1432850195,eth0,0.00,0.00,0.00,0,0,0.00,0.00,0.00,0,0,0.00,0.00,0,0
1432850195,lo,0.00,0.00,0.00,0,0,0.00,0.00,0.00,0,0,0.00,0.00,0,0
1432850195,total,0.00,0.00,0.00,0,0,0.00,0.00,0.00,0,0,0.00,0.00,0,0
1432850195,eth0,0.00,0.00,0.00,0,0,0.00,0.00,0.00,0,0,0.00,0.00,0,0
1432850195,lo,0.00,0.00,0.00,0,0,0.00,0.00,0.00,0,0,0.00,0.00,0,0
1432850195,total,0.00,0.00,0.00,0,0,0.00,0.00,0.00,0,0,0.00,0.00,0,0
1432850195,eth0,0.00,0.00,0.00,0,0,0.00,0.00,0.00,0,0,0.00,0.00,0,0
1432850195,lo,0.00,0.00,0.00,0,0,0.00,0.00,0.00,0,0,0.00,0.00,0,0
1432850195,total,0.00,0.00,0.00,0,0,0.00,0.00,0.00,0,0,0.00,0.00,0,0
1432850195,eth0,0.00,0.00,0.00,0,0,0.00,0.00,0.00,0,0,0.00,0.00,0,0
1432850195,lo,0.00,0.00,0.00,0,0,0.00,0.00,0.00,0,0,0.00,0.00,0,0
1432850195,total,0.00,0.00,0.00,0,0,0.00,0.00,0.00,0,0,0.00,0.00,0,0
1432850195,eth0,0.00,0.00,0.00,0,0,0.00,0.00,0.00,0,0,0.00,0.00,0,0
1432850195,lo,0.00,0.00,0.00,0,0,0.00,0.00,0.00,0,0,0.00,0.00,0,0
1432850195,total,0.00,0.00,0.00,0,0,0.00,0.00,0.00,0,0,0.00,0.00,0,0
1432850195,eth0,0.00,0.00,0.00,0,0,0.00,0.00,0.00,0,0,0.00,0.00,0,0
1432850195,lo,0.00,0.00,0.00,0,0,0.00,0.00,0.00,0,0,0.00,0.00,0,0
1432850195,total,0.00,0.00,0.00,0,0,0.00,0.00,0.00,0,0,0.00,0.00,0,0
1432850195,eth0,0.00,0.00,0.00,0,0,0.00,0.00,0.00,0,0,0.00,0.00,0,0
1432850195,lo,0.00,0.00,0.00,0,0,0.00,0.00,0.00,0,0,0.00,0.00,0,0
1432850195,total,0.00,0.00,0.00,0,0,0.00,0.00,0.00,0,0,0.00,0.00,0,0
1432850195,eth0,0.00,0.00,0.00,0,0,0.00,0.00,0.00,0,0,0.00,0.00,0,0
1432850195,lo,0.00,0.00,0.00,0,0,0.00,0.00,0.00,0,0,0.00,0.00,0,0
1432850195,total,0.00,0.00,0.00,0,0,0.00,0.00,0.00,0,0,0.00,0.00,0,0
1432850196,eth0,0.00,0.00,0.00,0,0,0.00,0.00,0.00,0,0,0.00,0.00,0,0
1432850196,lo,0.00,0.00,0.00,0,0,0.00,0.00,0.00,0,0,0.00,0.00,0,0
1432850196,total,0.00,0.00,0.00,0,0,0.00,0.00,0.00,0,0,0.00,0.00,0,0
1432850196,eth0,0.00,0.00,0.00,0,0,0.00,0.00,0.00,0,0,0.00,0.00,0,0
1432850196,lo,0.00,0.00,0.00,0,0,0.00,0.00,0.00,0,0,0.00,0.00,0,0
1432850196,total,0.00,0.00,0.00,0,0,0.00,0.00,0.00,0,0,0.00,0.00,0,0
1432850196,eth0,0.00,0.00,0.00,0,0,0.00,0.00,0.00,0,0,0.00,0.00,0,0
1432850196,lo,0.00,0.00,0.00,0,0,0.00,0.00,0.00,0,0,0.00,0.00,0,0
1432850196,total,0.00,0.00,0.00,0,0,0.00,0.00,0.00,0,0,0.00,0.00,0,0
1432850196,eth0,0.00,0.00,0.00,0,0,0.00,0.00,0.00,0,0,0.00,0.00,0,0
1432850196,lo,0.00,0.00,0.00,0,0,0.00,0.00,0.00,0,0,0.00,0.00,0,0
1432850196,total,0.00,0.00,0.00,0,0,0.00,0.00,0.00,0,0,0.00,0.00,0,0
1432850196,eth0,0.00,0.00,0.00,0,0,0.00,0.00,0.00,0,0,0.00,0.00,0,0
1432850196,lo,0.00,0.00,0.00,0,0,0.00,0.00,0.00,0,0,0.00,0.00,0,0
1432850196,total,0.00,0.00,0.00,0,0,0.00,0.00,0.00,0,0,0.00,0.00,0,0
1432850196,eth0,0.00,0.00,0.00,0,0,0.00,0.00,0.00,0,0,0.00,0.00,0,0
1432850196,lo,0.00,0.00,0.00,0,0,0.00,0.00,0.00,0,0,0.00,0.00,0,0
1432850196,total,0.00,0.00,0.00,0,0,0.00,0.00,0.00,0,0,0.00,0.00,0,0
1432850196,eth0,0.00,0.00,0.00,0,0,0.00,0.00,0.00,0,0,0.00,0.00,0,0
1432850196,lo,0.00,0.00,0.00,0,0,0.00,0.00,0.00,0,0,0.00,0.00,0,0
1432850196,total,0.00,0.00,0.00,0,0,0.00,0.00,0.00,0,0,0.00,0.00,0,0
1432850196,eth0,0.00,0.00,0.00,0,0,0.00,0.00,0.00,0,0,0.00,0.00,0,0
1432850196,lo,0.00,0.00,0.00,0,0,0.00,0.00,0.00,0,0,0.00,0.00,0,0
1432850196,total,0.00,0.00,0.00,0,0,0.00,0.00,0.00,0,0,0.00,0.00,0,0
1432850196,eth0,0.00,0.00,0.00,0,0,0.00,0.00,0.00,0,0,0.00,0.00,0,0
1432850196,lo,0.00,0.00,0.00,0,0,0.00,0.00,0.00,0,0,0.00,0.00,0,0
1432850196,total,0.00,0.00,0.00,0,0,0.00,0.00,0.00,0,0,0.00,0.00,0,0
1432850196,eth0,0.00,0.00,0.00,0,0,0.00,0.00,0.00,0,0,0.00,0.00,0,0
1432850196,lo,0.00,0.00,0.00,0,0,0.00,0.00,0.00,0,0,0.00,0.00,0,0
1432850196,total,0.00,0.00,0.00,0,0,0.00,0.00,0.00,0,0,0.00,0.00,0,0
1432850197,eth0,0.00,0.00,0.00,0,0,0.00,0.00,0.00,0,0,0.00,0.00,0,0
1432850197,lo,0.00,0.00,0.00,0,0,0.00,0.00,0.00,0,0,0.00,0.00,0,0
1432850197,total,0.00,0.00,0.00,0,0,0.00,0.00,0.00,0,0,0.00,0.00,0,0
1432850197,eth0,0.00,0.00,0.00,0,0,0.00,0.00,0.00,0,0,0.00,0.00,0,0
1432850197,lo,0.00,0.00,0.00,0,0,0.00,0.00,0.00,0,0,0.00,0.00,0,0
1432850197,total,0.00,0.00,0.00,0,0,0.00,0.00,0.00,0,0,0.00,0.00,0,0
1432850197,eth0,0.00,0.00,0.00,0,0,0.00,0.00,0.00,0,0,0.00,0.00,0,0
1432850197,lo,0.00,0.00,0.00,0,0,0.00,0.00,0.00,0,0,0.00,0.00,0,0
1432850197,total,0.00,0.00,0.00,0,0,0.00,0.00,0.00,0,0,0.00,0.00,0,0
1432850197,eth0,0.00,0.00,0.00,0,0,0.00,0.00,0.00,