1432850296,s1-eth1,0.00,0.00,0.00,0,0,0.00,0.00,0.00,0,0,0.00,0.00,0,0
1432850296,s1-eth2,0.00,0.00,0.00,0,0,0.00,0.00,0.00,0,0,0.00,0.00,0,0
1432850296,s1-eth3,0.00,0.00,0.00,0,0,0.00,0.00,0.00,0,0,0.00,0.00,0,0
1432850296,s0,0.00,0.00,0.00,0,0,0.00,0.00,0.00,0,0,0.00,0.00,0,0
1432850296,eth0,0.00,0.00,0.00,0,0,0.00,0.00,0.00,0,0,0.00,0.00,0,0
1432850296,lo,0.00,0.00,0.00,0,0,0.00,0.00,0.00,0,0,0.00,0.00,0,0
1432850296,s1,0.00,0.00,0.00,0,0,0.00,0.00,0.00,0,0,0.00,0.00,0,0
1432850296,s0-eth1,0.00,0.00,0.00,0,0,0.00,0.00,0.00,0,0,0.00,0.00,0,0
1432850296,s0-eth2,0.00,0.00,0.00,0,0,0.00,0.00,0.00,0,0,0.00,0.00,0,0
1432850296,s0-eth3,0.00,0.00,0.00,0,0,0.00,0.00,0.00,0,0,0.00,0.00,0,0
1432850296,total,0.00,0.00,0.00,0,0,0.00,0.00,0.00,0,0,0.00,0.00,0,0
1432850296,s1-eth1,3960.00,177720.00,181680.00,17772,396,60.00,60.00,120.00,6,6,0.00,0.00,0,0
1432850296,s1-eth2,177720.00,3960.00,181680.00,396,17772,60.00,60.00,120.00,6,6,0.00,0.00,0,0
1432850296,s1-eth3,0.00,0.00,0.00,0,0,0.00,0.00,0.00,0,0,0.00,0.00,0,0
1432850296,s0,0.00,0.00,0.00,0,0,0.00,0.00,0.00,0,0,0.00,0.00,0,0
1432850296,eth0,0.00,0.00,0.00,0,0,0.00,0.00,0.00,0,0,0.00,0.00,0,0
1432850296,lo,0.00,0.00,0.00,0,0,0.00,0.00,0.00,0,0,0.00,0.00,0,0
1432850296,s1,0.00,0.00,0.00,0,0,0.00,0.00,0.00,0,0,0.00,0.00,0,0
1432850296,s0-eth1,177720.00,3960.00,181680.00,396,17772,60.00,60.00,120.00,6,6,0.00,0.00,0,0
1432850296,s0-eth2,3960.00,177720.00,181680.00,17772,396,60.00,60.00,120.00,6,6,0.00,0.00,0,0
1432850296,s0-eth3,0.00,0.00,0.00,0,0,0.00,0.00,0.00,0,0,0.00,0.00,0,0
1432850296,total,363360.00,363360.00,726720.00,36336,36336,240.00,240.00,480.00,24,24,0.00,0.00,0,0
1432850296,s1-eth1,3960.00,207340.00,211300.00,20734,396,60.00,70.00,130.00,7,6,0.00,0.00,0,0
1432850296,s1-eth2,177720.00,3960.00,181680.00,396,17772,60.00,60.00,120.00,6,6,0.00,0.00,0,0
1432850296,s1-eth3,0.00,0.00,0.00,0,0,0.00,0.00,0.00,0,0,0.00,0.00,0,0
1432850296,s0,0.00,0.00,0.00,0,0,0.00,0.00,0.00,0,0,0.00,0.00,0,0
1432850296,eth0,0.00,0.00,0.00,0,0,0.00,0.00,0.00,0,0,0.00,0.00,0,0
1432850296,lo,0.00,0.00,0.00,0,0,0.00,0.00,0.00,0,0,0.00,0.00,0,0
1432850296,s1,0.00,0.00,0.00,0,0,0.00,0.00,0.00,0,0,0.00,0.00,0,0
1432850296,s0-eth1,207340.00,3960.00,211300.00,396,20734,70.00,60.00,130.00,6,7,0.00,0.00,0,0
1432850296,s0-eth2,3960.00,177720.00,181680.00,17772,396,60.00,60.00,120.00,6,6,0.00,0.00,0,0
1432850296,s0-eth3,0.00,0.00,0.00,0,0,0.00,0.00,0.00,0,0,0.00,0.00,0,0
1432850296,total,392980.00,392980.00,785960.00,39298,39298,250.00,250.00,500.00,25,25,0.00,0.00,0,0
1432850296,s1-eth1,3960.00,177720.00,181680.00,17772,396,60.00,60.00,120.00,6,6,0.00,0.00,0,0
1432850296,s1-eth2,207340.00,4620.00,211960.00,462,20734,70.00,70.00,140.00,7,7,0.00,0.00,0,0
1432850296,s1-eth3,0.00,0.00,0.00,0,0,0.00,0.00,0.00,0,0,0.00,0.00,0,0
1432850296,s0,0.00,0.00,0.00,0,0,0.00,0.00,0.00,0,0,0.00,0.00,0,0
1432850296,eth0,0.00,0.00,0.00,0,0,0.00,0.00,0.00,0,0,0.00,0.00,0,0
1432850296,lo,0.00,0.00,0.00,0,0,0.00,0.00,0.00,0,0,0.00,0.00,0,0
1432850296,s1,0.00,0.00,0.00,0,0,0.00,0.00,0.00,0,0,0.00,0.00,0,0
1432850296,s0-eth1,177720.00,3960.00,181680.00,396,17772,60.00,60.00,120.00,6,6,0.00,0.00,0,0
1432850296,s0-eth2,3960.00,177720.00,181680.00,17772,396,60.00,60.00,120.00,6,6,0.00,0.00,0,0
1432850296,s0-eth3,0.00,0.00,0.00,0,0,0.00,0.00,0.00,0,0,0.00,0.00,0,0
1432850296,total,392980.00,364020.00,757000.00,36402,39298,250.00,250.00,500.00,25,25,0.00,0.00,0,0
1432850296,s1-eth1,4620.00,177720.00,182340.00,17772,462,70.00,60.00,130.00,6,7,0.00,0.00,0,0
1432850296,s1-eth2,177720.00,3960.00,181680.00,396,17772,60.00,60.00,120.00,6,6,0.00,0.00,0,0
1432850296,s1-eth3,0.00,0.00,0.00,0,0,0.00,0.00,0.00,0,0,0.00,0.00,0,0
1432850296,s0,0.00,0.00,0.00,0,0,0.00,0.00,0.00,0,0,0.00,0.00,0,0
1432850296,eth0,0.00,0.00,0.00,0,0,0.00,0.00,0.00,0,0,0.00,0.00,0,0
1432850296,lo,0.00,0.00,0.00,0,0,0.00,0.00,0.00,0,0,0.00,0.00,0,0
1432850296,s1,0.00,0.00,0.00,0,0,0.00,0.00,0.00,0,0,0.00,0.00,0,0
1432850296,s0-eth1,177720.00,4620.00,182340.00,462,17772,60.00,70.00,130.00,7,6,0.00,0.00,0,0
1432850296,s0-eth2,3960.00,207340.00,211300.00,20734,396,60.00,70.00,130.00,7,6,0.00,0.00,0,0
1432850296,s0-eth3,0.00,0.00,0.00,0,0,0.00,0.00,0.00,0,0,0.00,0.00,0,0
1432850296,total,364020.00,393640.00,757660.00,39364,36402,250.00,260.00,510.00,26,25,0.00,0.00,0,0
1432850296,s1-eth1,3960.00,177720.00,181680.00,17772,396,60.00,60.00,120.00,6,6,0.00,0.00,0,0
1432850296,s1-eth2,177720.00,3960.00,181680.00,396,17772,60.00,60.00,120.00,6,6,0.00,0.00,0,0
1432850296,s1-eth3,0.00,0.00,0.00,0,0,0.00,0.00,0.00,0,0,0.00,0.00,0,0
1432850296,s0,0.00,0.00,0.00,0,0,0.00,0.00,0.00,0,0,0.00,0.00,0,0
1432850296,eth0,0.00,0.00,0.00,0,0,0.00,0.00,0.00,0,0,0.00,0.00,0,0
1432850296,lo,0.00,0.00,0.00,0,0,0.00,0.00,0.00,0,0,0.00,0.00,0,0
1432850296,s1,0.00,0.00,0.00,0,0,0.00,0.00,0.00,0,0,0.00,0.00,0,0
1432850296,s0-eth1,177720.00,3960.00,181680.00,396,17772,60.00,60.00,120.00,6,6,0.00,0.00,0,0
1432850296,s0-eth2,4620.00,207340.00,211960.00,20734,462,70.00,70.00,140.00,7,7,0.00,0.00,0,0
1432850296,s0-eth3,0.00,0.00,0.00,0,0,0.00,0.00,0.00,0,0,0.00,0.00,0,0
1432850296,total,364020.00,392980.00,757000.00,39298,36402,250.00,250.00,500.00,25,25,0.00,0.00,0,0
1432850296,s1-eth1,3960.00,177720.00,181680.00,17772,396,60.00,60.00,120.00,6,6,0.00,0.00,0,0
1432850296,s1-eth2,177720.00,3960.00,181680.00,396,17772,60.00,60.00,120.00,6,6,0.00,0.00,0,0
1432850296,s1-eth3,0.00,0.00,0.00,0,0,0.00,0.00,0.00,0,0,0.00,0.00,0,0
1432850296,s0,0.00,0.00,0.00,0,0,0.00,0.00,0.00,0,0,0.00,0.00,0,0
1432850296,eth0,0.00,0.00,0.00,0,0,0.00,0.00,0.00,0,0,0.00,0.00,0,0
1432850296,lo,0.00,0.00,0.00,0,0,0.00,0.00,0.00,0,0,0.00,0.00,0,0
1432850296,s1,0.00,0.00,0.00,0,0,0.00,0.00,0.00,0,0,0.00,0.00,0,0
1432850296,s0-eth1,177720.00,3960.00,181680.00,396,17772,60.00,60.00,120.00,6,6,0.00,0.00,0,0
1432850296,s0-eth2,3960.00,177720.00,181680.00,17772,396,60.00,60.00,120.00,6,6,0.00,0.00,0,0
1432850296,s0-eth3,0.00,0.00,0.00,0,0,0.00,0.00,0.00,0,0,0.00,0.00,0,0
1432850296,total,363360.00,363360.00,726720.00,36336,36336,240.00,240.00,480.00,24,24,0.00,0.00,0,0
1432850296,s1-eth1,3960.00,207340.00,211300.00,20734,396,60.00,70.00,130.00,7,6,0.00,0.00,0,0
1432850296,s1-eth2,177720.00,3960.00,181680.00,396,17772,60.00,60.00,120.00,6,6,0.00,0.00,0,0
1432850296,s1-eth3,0.00,0.00,0.00,0,0,0.00,0.00,0.00,0,0,0.00,0.00,0,0
1432850296,s0,0.00,0.00,0.00,0,0,0.00,0.00,0.00,0,0,0.00,0.00,0,0
1432850296,eth0,0.00,0.00,0.00,0,0,0.00,0.00,0.00,0,0,0.00,0.00,0,0
1432850296,lo,0.00,0.00,0.00,0,0,0.00,0.00,0.00,0,0,0.00,0.00,0,0
1432850296,s1,0.00,0.00,0.00,0,0,0.00,0.00,0.00,0,0,0.00,0.00,0,0
1432850296,s0-eth1,207340.00,3960.00,211300.00,396,20734,70.00,60.00,130.00,6,7,0.00,0.00,0,0
1432850296,s0-eth2,3960.00,177720.00,181680.00,17772,396,60.00,60.00,120.00,6,6,0.00,0.00,0,0
1432850296,s0-eth3,0.00,0.00,0.00,0,0,0.00,0.00,0.00,0,0,0.00,0.00,0,0
1432850296,total,392980.00,392980.00,785960.00,39298,39298,250.00,250.00,500.00,25,25,0.00,0.00,0,0
1432850297,s1-eth1,3920.79,175960.41,179881.19,17772,396,59.41,59.41,118.81,6,6,0.00,0.00,0,0
1432850297,s1-eth2,205287.14,4574.26,209861.39,462,20734,69.31,69.31,138.61,7,7,0.00,0.00,0,0
1432850297,s1-eth3,0.00,0.00,0.00,0,0,0.00,0.00,0.00,0,0,0.00,0.00,0,0
1432850297,s0,0.00,0.00,0.00,0,0,0.00,0.00,0.00,0,0,0.00,0.00,0,0
1432850297,eth0,0.00,0.00,0.00,0,0,0.00,0.00,0.00,0,0,0.00,0.00,0,0
1432850297,lo,0.00,0.00,0.00,0,0,0.00,0.00,0.00,0,0,0.00,0.00,0,0
1432850297,s1,0.00,0.00,0.00,0,0,0.00,0.00,0.00,0,0,0.00,0.00,0,0
1432850297,s0-eth1,175960.41,3920.79,179881.19,396,17772,59.41,59.41,118.81,6,6,0.00,0.00,0,0
1432850297,s0-eth2,3920.79,175960.41,179881.19,17772,396,59.41,59.41,118.81,6,6,0.00,0.00,0,0
1432850297,s0-eth3,0.00,381722.78,381722.78,38554,0,0.00,366.34,366.34,37,0,0.00,0.00,0,0
1432850297,total,389089.12,742138.62,1131227.75,74956,39298,247.52,613.86,861.39,62,25,0.00,0.00,0,0
1432850297,s1-eth1,4620.00,177720.00,182340.00,17772,462,70.00,60.00,130.00,6,7,0.00,0.00,0,0
1432850297,s1-eth2,177720.00,3960.00,181680.00,396,17772,60.00,60.00,120.00,6,6,0.00,0.00,0,0
1432850297,s1-eth3,0.00,0.00,0.00,0,0,0.00,0.00,0.00,0,0,0.00,0.00,0,0
1432850297,s0,0.00,0.00,0.00,0,0,0.00,0.00,0.00,0,0,0.00,0.00,0,0
1432850297,eth0,0.00,0.00,0.00,0,0,0.00,0.00,0.00,0,0,0.00,0.00,0,0
1432850297,lo,0.00,0.00,0.00,0,0,0.00,0.00,0.00,0,0,0.00,0.00,0,0
1432850297,s1,0.00,0.00,0.00,0,0,0.00,0.00,0.00,0,0,0.00,0.00,0,0
1432850297,s0-eth1,177720.00,4620.00,182340.00,462,17772,60.00,70.00,130.00,7,6,0.00,0.00,0,0
1432850297,s0-eth2,4620.00,177720.00,182340.00,17772,462,70.00,60.00,130.00,6,7,0.00,0.00,0,0
1432850297,s0-eth3,0.00,1875600.00,1875600.00,187560,0,0.00,1800.00,1800.00,180,0,0.00,0.00,0,0
1432850297,total,364680.00,2239620.00,2604300.00,223962,36468,260.00,2050.00,2310.00,205,26,0.00,0.00,0,0
1432850297,s1-eth1,1320.00,173860.00,175180.00,17386,132,20.00,130.00,150.00,13,2,0.00,0.00,0,0
1432850297,s1-eth2,59240.00,1320.00,60560.00,132,5924,20.00,20.00,40.00,2,2,0.00,0.00,0,0
1432850297,s1-eth3,114620.00,0.00,114620.00,0,11462,110.00,0.00,110.00,0,11,0.00,0.00,0,0
1432850297,s0,0.00,0.00,0.00,0,0,0.00,0.00,0.00,0,0,0.00,0.00,0,0
1432850297,eth0,0.00,0.00,0.00,0,0,0.00,0.00,0.00,0,0,0.00,0.00,0,0
1432850297,lo,0.00,0.00,0.00,0,0,0.00,0.00,0.00,0,0,0.00,0.00,0,0
1432850297,s1,0.00,0.00,0.00,0,0,0.00,0.00,0.00,0,0,0.00,0.00,0,0
1432850297,s0-eth1,173860.00,1320.00,175180.00,132,17386,130.00,20.00,150.00,2,13,0.00,0.00,0,0
1432850297,s0-eth2,1320.00,88860.00,90180.00,8886,132,20.00,30.00,50.00,3,2,0.00,0.00,0,0
1432850297,s0-eth3,0.00,1886020.00,1886020.00,188602,0,0.00,1810.00,1810.00,181,0,0.00,0.00,0,0
1432850297,total,350360.00,2151380.00,2501740.00,215138,35036,300.00,2010.00,2310.00,201,30,0.00,0.00,0,0
1432850297,s1-eth1,0.00,187560.00,187560.00,18756,0,0.00,180.00,180.00,18,0,0.00,0.00,0,0
1432850297,s1-eth2,0.00,0.00,0.00,0,0,0.00,0.00,0.00,0,0,0.00,0.00,0,0
1432850297,s1-eth3,187560.00,0.00,187560.00,0,18756,180.00,0.00,180.00,0,18,0.00,0.00,0,0
1432850297,s0,0.00,0.00,0.00,0,0,0.00,0.00,0.00,0,0,0.00,0.00,0,0
1432850297,eth0,0.00,0.00,0.00,0,0,0.00,0.00,0.00,0,0,0.00,0.00,0,0
1432850297,lo,0.00,0.00,0.00,0,0,0.00,0.00,0.00,0,0,0.00,0.00,0,0
1432850297,s1,0.00,0.00,0.00,0,0,0.00,0.00,0.00,0,0,0.00,0.00,0,0
1432850297,s0-eth1,187560.00,0.00,187560.00,0,18756,180.00,0.00,180.00,0,18,0.00,0.00,0,0
1432850297,s0-eth2,0.00,0.00,0.00,0,0,0.00,0.00,0.00,0,0,0.00,0.00,0,0
1432850297,s0-eth3,0.00,1875600.00,1875600.00,187560,0,0.00,1800.00,1800.00,180,0,0.00,0.00,0,0
1432850297,total,375120.00,2063160.00,2438280.00,206316,37512,360.00,1980.00,2340.00,198,36,0.00,0.00,0,0
1432850297,s1-eth1,0.00,187560.00,187560.00,18756,0,0.00,180.00,180.00,18,0,0.00,0.00,0,0
1432850297,s1-eth2,0.00,0.00,0.00,0,0,0.00,0.00,0.00,0,0,0.00,0.00,0,0
1432850297,s1-eth3,187560.00,0.00,187560.00,0,18756,180.00,0.00,180.00,0,18,0.00,0.00,0,0
1432850297,s0,0.00,0.00,0.00,0,0,0.00,0.00,0.00,0,0,0.00,0.00,0,0
1432850297,eth0,0.00,0.00,0.00,0,0,0.00,0.00,0.00,0,0,0.00,0.00,0,0
1432850297,lo,0.00,0.00,0.00,0,0,0.00,0.00,0.00,0,0,0.00,0.00,0,0
1432850297,s1,0.00,0.00,0.00,0,0,0.00,0.00,0.00,0,0,0.00,0.00,0,0
1432850297,s0-eth1,187560.00,0.00,187560.00,0,18756,180.00,0.00,180.00,0,18,0.00,0.00,0,0
1432850297,s0-eth2,0.00,15140.00,15140.00,1514,0,0.00,10.00,10.00,1,0,0.00,0.00,0,0
1432850297,s0-eth3,0.00,1875600.00,1875600.00,187560,0,0.00,1800.00,1800.00,180,0,0.00,0.00,0,0
1432850297,total,375120.00,2078300.00,2453420.00,207830,37512,360.00,1990.00,2350.00,199,36,0.00,0.00,0,0
1432850297,s1-eth1,0.00,197980.00,197980.00,19798,0,0.00,190.00,190.00,19,0,0.00,0.00,0,0
1432850297,s1-eth2,0.00,0.00,0.00,0,0,0.00,0.00,0.00,0,0,0.00,0.00,0,0
1432850297,s1-eth3,187560.00,0.00,187560.00,0,18756,180.00,0.00,180.00,0,18,0.00,0.00,0,0
1432850297,s0,0.00,0.00,0.00,0,0,0.00,0.00,0.00,0,0,0.00,0.00,0,0
1432850297,eth0,0.00,0.00,0.00,0,0,0.00,0.00,0.00,0,0,0.00,0.00,0,0
1432850297,lo,0.00,0.00,0.00,0,0,0.00,0.00,0.00,0,0,0.00,0.00,0,0
1432850297,s1,0.00,0.00,0.00,0,0,0.00,0.00,0.00,0,0,0.00,0.00,0,0
1432850297,s0-eth1,197980.00,0.00,197980.00,0,19798,190.00,0.00,190.00,0,19,0.00,0.00,0,0
1432850297,s0-eth2,0.00,0.00,0.00,0,0,0.00,0.00,0.00,0,0,0.00,0.00,0,0
1432850297,s0-eth3,0.00,1886020.00,1886020.00,188602,0,0.00,1810.00,1810.00,181,0,0.00,0.00,0,0
1432850297,total,385540.00,2084000.00,2469540.00,208400,38554,370.00,2000.00,2370.00,200,37,0.00,0.00,0,0
1432850297,s1-eth1,0.00,187560.00,187560.00,18756,0,0.00,180.00,180.00,18,0,0.00,0.00,0,0
1432850297,s1-eth2,0.00,0.00,0.00,0,0,0.00,0.00,0.00,0,0,0.00,0.00,0,0
1432850297,s1-eth3,187560.00,0.00,187560.00,0,18756,180.00,0.00,180.00,0,18,0.00,0.00,0,0
1432850297,s0,0.00,0.00,0.00,0,0,0.00,0.00,0.00,0,0,0.00,0.00,0,0
1432850297,eth0,0.00,0.00,0.00,0,0,0.00,0.00,0.00,0,0,0.00,0.00,0,0
1432850297,lo,0.00,0.00,0.00,0,0,0.00,0.00,0.00,0,0,0.00,0.00,0,0
1432850297,s1,0.00,0.00,0.00,0,0,0.00,0.00,0.00,0,0,0.00,0.00,0,0
1432850297,s0-eth1,187560.00,0.00,187560.00,0,18756,180.00,0.00,180.00,0,18,0.00,0.00,0,0
1432850297,s0-eth2,0.00,0.00,0.00,0,0,0.00,0.00,0.00,0,0,0.00,0.00,0,0
1432850297,s0-eth3,0.00,1177460.00,1177460.00,117746,0,0.00,1130.00,1130.00,113,0,0.00,0.00,0,0
1432850297,total,375120.00,1365020.00,1740140.00,136502,37512,360.00,1310.00,1670.00,131,36,0.00,0.00,0,0
1432850297,s1-eth1,0.00,177140.00,177140.00,17714,0,0.00,170.00,170.00,17,0,0.00,0.00,0,0
1432850297,s1-eth2,0.00,0.00,0.00,0,0,0.00,0.00,0.00,0,0,0.00,0.00,0,0
1432850297,s1-eth3,187560.00,0.00,187560.00,0,18756,180.00,0.00,180.00,0,18,0.00,0.00,0,0
1432850297,s0,0.00,0.00,0.00,0,0,0.00,0.00,0.00,0,0,0.00,0.00,0,0
1432850297,eth0,0.00,0.00,0.00,0,0,0.00,0.00,0.00,0,0,0.00,0.00,0,0
1432850297,lo,0.00,0.00,0.00,0,0,0.00,0.00,0.00,0,0,0.00,0.00,0,0
1432850297,s1,0.00,0.00,0.00,0,0,0.00,0.00,0.00,0,0,0.00,0.00,0,0
1432850297,s0-eth1,177140.00,0.00,177140.00,0,17714,170.00,0.00,170.00,0,17,0.00,0.00,0,0
1432850297,s0-eth2,0.00,0.00,0.00,0,0,0.00,0.00,0.00,0,0,0.00,0.00,0,0
1432850297,s0-eth3,0.00,0.00,0.00,0,0,0.00,0.00,0.00,0,0,0.00,0.00,0,0
1432850297,total,364700.00,177140.00,541840.00,17714,36470,350.00,170.00,520.00,17,35,0.00,0.00,0,0
1432850297,s1-eth1,6120.00,135600.00,141720.00,13560,612,80.00,80.00,160.00,8,8,0.00,0.00,0,0
1432850297,s1-eth2,135600.00,6120.00,141720.00,612,13560,80.00,80.00,160.00,8,8,0.00,0.00,0,0
1432850297,s1-eth3,0.00,0.00,0.00,0,0,0.00,0.00,0.00,0,0,0.00,0.00,0,0
1432850297,s0,0.00,0.00,0.00,0,0,0.00,0.00,0.00,0,0,0.00,0.00,0,0
1432850297,eth0,0.00,0.00,0.00,0,0,0.00,0.00,0.00,0,0,0.00,0.00,0,0
1432850297,lo,0.00,0.00,0.00,0,0,0.00,0.00,0.00,0,0,0.00,0.00,0,0
1432850297,s1,0.00,0.00,0.00,0,0,0.00,0.00,0.00,0,0,0.00,0.00,0,0
1432850297,s0-eth1,135600.00,6120.00,141720.00,612,13560,80.00,80.00,160.00,8,8,0.00,0.00,0,0
1432850297,s0-eth2,5340.00,226440.00,231780.00,22644,534,70.00,140.00,210.00,14,7,0.00,0.00,0,0
1432850297,s0-eth3,0.00,0.00,0.00,0,0,0.00,0.00,0.00,0,0,0.00,0.00,0,0
1432850297,total,282660.00,374280.00,656940.00,37428,28266,310.00,380.00,690.00,38,31,0.00,0.00,0,0
1432850297,s1-eth1,9360.00,196820.00,206180.00,19682,936,120.00,130.00,250.00,13,12,0.00,0.00,0,0
1432850297,s1-eth2,196820.00,9360.00,206180.00,936,19682,130.00,120.00,250.00,12,13,0.00,0.00,0,0
1432850297,s1-eth3,0.00,0.00,0.00,0,0,0.00,0.00,0.00,0,0,0.00,0.00,0,0
1432850297,s0,0.00,0.00,0.00,0,0,0.00,0.00,0.00,0,0,0.00,0.00,0,0
1432850297,eth0,0.00,0.00,0.00,0,0,0.00,0.00,0.00,0,0,0.00,0.00,0,0
1432850297,lo,0.00,0.00,0.00,0,0,0.00,0.00,0.00,0,0,0.00,0.00,0,0
1432850297,s1,0.00,0.00,0.00,0,0,0.00,0.00,0.00,0,0,0.00,0.00,0,0
1432850297,s0-eth1,196820.00,9360.00,206180.00,936,19682,130.00,120.00,250.00,12,13,0.00,0.00,0,0
1432850297,s0-eth2,10140.00,257380.00,267520.00,25738,1014,130.00,170.00,300.00,17,13,0.00,0.00,0,0
1432850297,s0-eth3,0.00,0.00,0.00,0,0,0.00,0.00,0.00,0,0,0.00,0.00,0,0
1432850297,total,413140.00,472920.00,886060.00,47292,41314,510.00,540.00,1050.00,54,51,0.00,0.00,0,0
1432850298,s1-eth1,4574.26,179227.73,183801.98,18102,462,69.31,108.91,178.22,11,7,0.00,0.00,0,0
1432850298,s1-eth2,179227.73,4574.26,183801.98,462,18102,108.91,69.31,178.22,7,11,0.00,0.00,0,0
1432850298,s1-eth3,0.00,0.00,0.00,0,0,0.00,0.00,0.00,0,0,0.00,0.00,0,0
1432850298,s0,0.00,0.00,0.00,0,0,0.00,0.00,0.00,0,0,0.00,0.00,0,0
1432850298,eth0,0.00,0.00,0.00,0,0,0.00,0.00,0.00,0,0,0.00,0.00,0,0
1432850298,lo,0.00,0.00,0.00,0,0,0.00,0.00,0.00,0,0,0.00,0.00,0,0
1432850298,s1,0.00,0.00,0.00,0,0,0.00,0.00,0.00,0,0,0.00,0.00,0,0
1432850298,s0-eth1,179227.73,4574.26,183801.98,462,18102,108.91,69.31,178.22,7,11,0.00,0.00,0,0
1432850298,s0-eth2,4574.26,205287.14,209861.39,20734,462,69.31,69.31,138.61,7,7,0.00,0.00,0,0
1432850298,s0-eth3,0.00,0.00,0.00,0,0,0.00,0.00,0.00,0,0,0.00,0.00,0,0
1432850298,total,367603.97,393663.38,761267.38,39760,37128,356.44,316.83,673.27,32,36,0.00,0.00,0,0
1432850298,s1-eth1,3960.00,207340.00,211300.00,20734,396,60.00,70.00,130.00,7,6,0.00,0.00,0,0
1432850298,s1-eth2,177720.00,3960.00,181680.00,396,17772,60.00,60.00,120.00,6,6,0.00,0.00,0,0
1432850298,s1-eth3,0.00,0.00,0.00,0,0,0.00,0.00,0.00,0,0,0.00,0.00,0,0
1432850298,s0,0.00,0.00,0.00,0,0,0.00,0.00,0.00,0,0,0.00,0.00,0,0
1432850298,eth0,0.00,0.00,0.00,0,0,0.00,0.00,0.00,0,0,0.00,0.00,0,0
1432850298,lo,0.00,0.00,0.00,0,0,0.00,0.00,0.00,0,0,0.00,0.00,0,0
1432850298,s1,0.00,0.00,0.00,0,0,0.00,0.00,0.00,0,0,0.00,0.00,0,0
1432850298,s0-eth1,207340.00,3960.00,211300.00,396,20734,70.00,60.00,130.00,6,7,0.00,0.00,0,0
1432850298,s0-eth2,3960.00,177720.00,181680.00,17772,396,60.00,60.00,120.00,6,6,0.00,0.00,0,0
1432850298,s0-eth3,0.00,0.00,0.00,0,0,0.00,0.00,0.00,0,0,0.00,0.00,0,0
1432850298,total,392980.00,392980.00,785960.00,39298,39298,250.00,250.00,500.00,25,25,0.00,0.00,0,0
1432850298,s1-eth1,3960.00,177720.00,181680.00,17772,396,60.00,60.00,120.00,6,6,0.00,0.00,0,0
1432850298,s1-eth2,207340.00,4620.00,211960.00,462,20734,70.00,70.00,140.00,7,7,0.00,0.00,0,0
1432850298,s1-eth3,0.00,0.00,0.00,0,0,0.00,0.00,0.00,0,0,0.00,0.00,0,0
1432850298,s0,0.00,0.00,0.00,0,0,0.00,0.00,0.00,0,0,0.00,0.00,0,0
1432850298,eth0,0.00,0.00,0.00,0,0,0.00,0.00,0.00,0,0,0.00,0.00,0,0
1432850298,lo,0.00,0.00,0.00,0,0,0.00,0.00,0.00,0,0,0.00,0.00,0,0
1432850298,s1,0.00,0.00,0.00,0,0,0.00,0.00,0.00,0,0,0.00,0.00,0,0
1432850298,s0-eth1,177720.00,3960.00,181680.00,396,17772,60.00,60.00,120.00,6,6,0.00,0.00,0,0
1432850298,s0-eth2,3960.00,177720.00,181680.00,17772,396,60.00,60.00,120.00,6,6,0.00,0.00,0,0
1432850298,s0-eth3,0.00,0.00,0.00,0,0,0.00,0.00,0.00,0,0,0.00,0.00,0,0
1432850298,total,392980.00,364020.00,757000.00,36402,39298,250.00,250.00,500.00,25,25,0.00,0.00,0,0
1432850298,s1-eth1,4620.00,177720.00,182340.00,17772,462,70.00,60.00,130.00,6,7,0.00,0.00,0,0
1432850298,s1-eth2,177720.00,3960.00,181680.00,396,17772,60.00,60.00,120.00,6,6,0.00,0.00,0,0
1432850298,s1-eth3,0.00,0.00,0.00,0,0,0.00,0.00,0.00,0,0,0.00,0.00,0,0
1432850298,s0,0.00,0.00,0.00,0,0,0.00,0.00,0.00,0,0,0.00,0.00,0,0
1432850298,eth0,0.00,0.00,0.00,0,0,0.00,0.00,0.00,0,0,0.00,0.00,0,0
1432850298,lo,0.00,0.00,0.00,0,0,0.00,0.00,0.00,0,0,0.00,0.00,0,0
1432850298,s1,0.00,0.00,0.00,0,0,0.00,0.00,0.00,0,0,0.00,0.00,0,0
1432850298,s0-eth1,177720.00,4620.00,182340.00,462,17772,60.00,70.00,130.00,7,6,0.00,0.00,0,0
1432850298,s0-eth2,4620.00,177720.00,182340.00,17772,462,70.00,60.00,130.00,6,7,0.00,0.00,0,0
1432850298,s0-eth3,0.00,0.00,0.00,0,0,0.00,0.00,0.00,0,0,0.00,0.00,0,0
1432850298,total,364680.00,364020.00,728700.00,36402,36468,260.00,250.00,510.00,25,26,0.00,0.00,0,0
1432850298,s1-eth1,3960.00,177720.00,181680.00,17772,396,60.00,60.00,120.00,6,6,0.00,0.00,0,0
1432850298,s1-eth2,177720.00,3960.00,181680.00,396,17772,60.00,60.00,120.00,6,6,0.00,0.00,0,0
1432850298,s1-eth3,0.00,0.00,0.00,0,0,0.00,0.00,0.00,0,0,0.00,0.00,0,0
1432850298,s0,0.00,0.00,0.00,0,0,0.00,0.00,0.00,0,0,0.00,0.00,0,0
1432850298,eth0,0.00,0.00,0.00,0,0,0.00,0.00,0.00,0,0,0.00,0.00,0,0
1432850298,lo,0.00,0.00,0.00,0,0,0.00,0.00,0.00,0,0,0.00,0.00,0,0
1432850298,s1,0.00,0.00,0.00,0,0,0.00,0.00,0.00,0,0,0.00,0.00,0,0
1432850298,s0-eth1,177720.00,3960.00,181680.00,396,17772,60.00,60.00,120.00,6,6,0.00,0.00,0,0
1432850298,s0-eth2,3960.00,236960.00,240920.00,23696,396,60.00,80.00,140.00,8,6,0.00,0.00,0,0
1432850298,s0-eth3,0.00,0.00,0.00,0,0,0.00,0.00,0.00,0,0,0.00,0.00,0,0
1432850298,total,363360.00,422600.00,785960.00,42260,36336,240.00,260.00,500.00,26,24,0.00,0.00,0,0
1432850298,s1-eth1,3960.00,177720.00,181680.00,17772,396,60.00,60.00,120.00,6,6,0.00,0.00,0,0
1432850298,s1-eth2,177720.00,3960.00,181680.00,396,17772,60.00,60.00,120.00,6,6,0.00,0.00,0,0
1432850298,s1-eth3,0.00,0.00,0.00,0,0,0.00,0.00,0.00,0,0,0.00,0.00,0,0
1432850298,s0,0.00,0.00,0.00,0,0,0.00,0.00,0.00,0,0,0.00,0.00,0,0
1432850298,eth0,0.00,0.00,0.00,0,0,0.00,0.00,0.00,0,0,0.00,0.00,0,0
1432850298,lo,0.00,0.00,0.00,0,0,0.00,0.00,0.00,0,0,0.00,0.00,0,0
1432850298,s1,0.00,0.00,0.00,0,0,0.00,0.00,0.00,0,0,0.00,0.00,0,0
1432850298,s0-eth1,177720.00,3960.00,181680.00,396,17772,60.00,60.00,120.00,6,6,0.00,0.00,0,0
1432850298,s0-eth2,3960.00,177720.00,181680.00,17772,396,60.00,60.00,120.00,6,6,0.00,0.00,0,0
1432850298,s0-eth3,0.00,0.00,0.00,0,0,0.00,0.00,0.00,0,0,0.00,0.00,0,0
1432850298,total,363360.00,363360.00,726720.00,36336,36336,240.00,240.00,480.00,24,24,0.00,0.00,0,0
1432850298,s1-eth1,3960.00,207340.00,211300.00,20734,396,60.00,70.00,130.00,7,6,0.00,0.00,0,0
1432850298,s1-eth2,207340.00,3960.00,211300.00,396,20734,70.00,60.00,130.00,6,7,0.00,0.00,0,0
1432850298,s1-eth3,0.00,0.00,0.00,0,0,0.00,0.00,0.00,0,0,0.00,0.00,0,0
1432850298,s0,0.00,0.00,0.00,0,0,0.00,0.00,0.00,0,0,0.00,0.00,0,0
1432850298,eth0,0.00,0.00,0.00,0,0,0.00,0.00,0.00,0,0,0.00,0.00,0,0
1432850298,lo,0.00,0.00,0.00,0,0,0.00,0.00,0.00,0,0,0.00,0.00,0,0
1432850298,s1,0.00,0.00,0.00,0,0,0.00,0.00,0.00,0,0,0.00,0.00,0,0
1432850298,s0-eth1,207340.00,3960.00,211300.00,396,20734,70.00,60.00,130.00,6,7,0.00,0.00,0,0
1432850298,s0-eth2,3960.00,177720.00,181680.00,17772,396,60.00,60.00,120.00,6,6,0.00,0.00,0,0
1432850298,s0-eth3,0.00,0.00,0.00,0,0,0.00,0.00,0.00,0,0,0.00,0.00,0,0
1432850298,total,422600.00,392980.00,815580.00,39298,42260,260.00,250.00,510.00,25,26,0.00,0.00,0,0
1432850298,s1-eth1,3960.00,177720.00,181680.00,17772,396,60.00,60.00,120.00,6,6,0.00,0.00,0,0
1432850298,s1-eth2,177720.00,4620.00,182340.00,462,17772,60.00,70.00,130.00,7,6,0.00,0.00,0,0
1432850298,s1-eth3,0.00,0.00,0.00,0,0,0.00,0.00,0.00,0,0,0.00,0.00,0,0
1432850298,s0,0.00,0.00,0.00,0,0,0.00,0.00,0.00,0,0,0.00,0.00,0,0
1432850298,eth0,0.00,0.00,0.00,0,0,0.00,0.00,0.00,0,0,0.00,0.00,0,0
1432850298,lo,0.00,0.00,0.00,0,0,0.00,0.00,0.00,0,0,0.00,0.00,0,0
1432850298,s1,0.00,0.00,0.00,0,0,0.00,0.00,0.00,0,0,0.00,0.00,0,0
1432850298,s0-eth1,177720.00,3960.00,181680.00,396,17772,60.00,60.00,120.00,6,6,0.00,0.00,0,0
1432850298,s0-eth2,3960.00,177720.00,181680.00,17772,396,60.00,60.00,120.00,6,6,0.00,0.00,0,0
1432850298,s0-eth3,0.00,0.00,0.00,0,0,0.00,0.00,0.00,0,0,0.00,0.00,0,0
1432850298,total,363360.00,364020.00,727380.00,36402,36336,240.00,250.00,490.00,25,24,0.00,0.00,0,0
1432850298,s1-eth1,4620.00,177720.00,182340.00,17772,462,70.00,60.00,130.00,6,7,0.00,0.00,0,0
1432850298,s1-eth2,177720.00,3960.00,181680.00,396,17772,60.00,60.00,120.00,6,6,0.00,0.00,0,0
1432850298,s1-eth3,0.00,0.00,0.00,0,0,0.00,0.00,0.00,0,0,0.00,0.00,0,0
1432850298,s0,0.00,0.00,0.00,0,0,0.00,0.00,0.00,0,0,0.00,0.00,0,0
1432850298,eth0,0.00,0.00,0.00,0,0,0.00,0.00,0.00,0,0,0.00,0.00,0,0
1432850298,lo,0.00,0.00,0.00,0,0,0.00,0.00,0.00,0,0,0.00,0.00,0,0
1432850298,s1,0.00,0.00,0.00,0,0,0.00,0.00,0.00,0,0,0.00,0.00,0,0
1432850298,s0-eth1,177720.00,4620.00,182340.00,462,17772,60.00,70.00,130.00,7,6,0.00,0.00,0,0
1432850298,s0-eth2,4620.00,177720.00,182340.00,17772,462,70.00,60.00,130.00,6,7,0.00,0.00,0,0
1432850298,s0-eth3,0.00,0.00,0.00,0,0,0.00,0.00,0.00,0,0,0.00,0.00,0,0
1432850298,total,364680.00,364020.00,728700.00,36402,36468,260.00,250.00,510.00,25,26,0.00,0.00,0,0
1432850298,s1-eth1,3960.00,177720.00,181680.00,17772,396,60.00,60.00,120.00,6,6,0.00,0.00,0,0
1432850298,s1-eth2,177720.00,3960.00,181680.00,396,17772,60.00,60.00,120.00,6,6,0.00,0.00,0,0
1432850298,s1-eth3,0.00,0.00,0.00,0,0,0.00,0.00,0.00,0,0,0.00,0.00,0,0
1432850298,s0,0.00,0.00,0.00,0,0,0.00,0.00,0.00,0,0,0.00,0.00,0,0
1432850298,eth0,0.00,0.00,0.00,0,0,0.00,0.00,0.00,0,0,0.00,0.00,0,0
1432850298,lo,0.00,0.00,0.00,0,0,0.00,0.00,0.00,0,0,0.00,0.00,0,0
1432850298,s1,0.00,0.00,0.00,0,0,0.00,0.00,0.00,0,0,0.00,0.00,0,0
1432850298,s0-eth1,177720.00,3960.00,181680.00,396,17772,60.00,60.00,120.00,6,6,0.00,0.00,0,0
1432850298,s0-eth2,3960.00,236960.00,240920.00,23696,396,60.00,80.00,140.00,8,6,0.00,0.00,0,0
1432850298,s0-eth3,0.00,0.00,0.00,0,0,0.00,0.00,0.00,0,0,0.00,0.00,0,0
1432850298,total,363360.00,422600.00,785960.00,42260,36336,240.00,260.00,500.00,26,24,0.00,0.00,0,0
1432850299,s1-eth1,3920.79,175960.41,179881.19,17772,396,59.41,59.41,118.81,6,6,0.00,0.00,0,0
1432850299,s1-eth2,175960.41,3920.79,179881.19,396,17772,59.41,59.41,118.81,6,6,0.00,0.00,0,0
1432850299,s1-eth3,0.00,0.00,0.00,0,0,0.00,0.00,0.00,0,0,0.00,0.00,0,0
1432850299,s0,0.00,0.00,0.00,0,0,0.00,0.00,0.00,0,0,0.00,0.00,0,0
1432850299,eth0,0.00,0.00,0.00,0,0,0.00,0.00,0.00,0,0,0.00,0.00,0,0
1432850299,lo,0.00,0.00,0.00,0,0,0.00,0.00,0.00,0,0,0.00,0.00,0,0
1432850299,s1,0.00,0.00,0.00,0,0,0.00,0.00,0.00,0,0,0.00,0.00,0,0
1432850299,s0-eth1,175960.41,3920.79,179881.19,396,17772,59.41,59.41,118.81,6,6,0.00,0.00,0,0
1432850299,s0-eth2,3920.79,175960.41,179881.19,17772,396,59.41,59.41,118.81,6,6,0.00,0.00,0,0
1432850299,s0-eth3,0.00,0.00,0.00,0,0,0.00,0.00,0.00,0,0,0.00,0.00,0,0
1432850299,total,359762.38,359762.38,719524.75,36336,36336,237.62,237.62,475.25,24,24,0.00,0.00,0,0
1432850299,s1-eth1,3960.00,207340.00,211300.00,20734,396,60.00,70.00,130.00,7,6,0.00,0.00,0,0
1432850299,s1-eth2,207340.00,3960.00,211300.00,396,20734,70.00,60.00,130.00,6,7,0.00,0.00,0,0
1432850299,s1-eth3,0.00,0.00,0.00,0,0,0.00,0.00,0.00,0,0,0.00,0.00,0,0
1432850299,s0,0.00,0.00,0.00,0,0,0.00,0.00,0.00,0,0,0.00,0.00,0,0
1432850299,eth0,0.00,0.00,0.00,0,0,0.00,0.00,0.00,0,0,0.00,0.00,0,0
1432850299,lo,0.00,0.00,0.00,0,0,0.00,0.00,0.00,0,0,0.00,0.00,0,0
1432850299,s1,0.00,0.00,0.00,0,0,0.00,0.00,0.00,0,0,0.00,0.00,0,0
1432850299,s0-eth1,207340.00,3960.00,211300.00,396,20734,70.00,60.00,130.00,6,7,0.00,0.00,0,0
1432850299,s0-eth2,3960.00,177720.00,181680.00,17772,396,60.00,60.00,120.00,6,6,0.00,0.00,0,0
1432850299,s0-eth3,0.00,0.00,0.00,0,0,0.00,0.00,0.00,0,0,0.00,0.00,0,0
1432850299,total,422600.00,392980.00,815580.00,39298,42260,260.00,250.00,510.00,25,26,0.00,0.00,0,0
1432850299,s1-eth1,4620.00,177720.00,182340.00,17772,462,70.00,60.00,130.00,6,7,0.00,0.00,0,0
1432850299,s1-eth2,177720.00,4620.00,182340.00,462,17772,60.00,70.00,130.00,7,6,0.00,0.00,0,0
1432850299,s1-eth3,0.00,0.00,0.00,0,0,0.00,0.00,0.00,0,0,0.00,0.00,0,0
1432850299,s0,0.00,0.00,0.00,0,0,0.00,0.00,0.00,0,0,0.00,0.00,0,0
1432850299,eth0,0.00,0.00,0.00,0,0,0.00,0.00,0.00,0,0,0.00,0.00,0,0
1432850299,lo,0.00,0.00,0.00,0,0,0.00,0.00,0.00,0,0,0.00,0.00,0,0
1432850299,s1,0.00,0.00,0.00,0,0,0.00,0.00,0.00,0,0,0.00,0.00,0,0
1432850299,s0-eth1,177720.00,4620.00,182340.00,462,17772,60.00,70.00,130.00,7,6,0.00,0.00,0,0
1432850299,s0-eth2,3960.00,177720.00,181680.00,17772,396,60.00,60.00,120.00,6,6,0.00,0.00,0,0
1432850299,s0-eth3,0.00,0.00,0.00,0,0,0.00,0.00,0.00,0,0,0.00,0.00,0,0
1432850299,total,364020.00,364680.00,728700.00,36468,36402,250.00,260.00,510.00,26,25,0.00,0.00,0,0
1432850299,s1-eth1,3960.00,177720.00,181680.00,17772,396,60.00,60.00,120.00,6,6,0.00,0.00,0,0
1432850299,s1-eth2,177720.00,3960.00,181680.00,396,17772,60.00,60.00,120.00,6,6,0.00,0.00,0,0
1432850299,s1-eth3,0.00,0.00,0.00,0,0,0.00,0.00,0.00,0,0,0.00,0.00,0,0
1432850299,s0,0.00,0.00,0.00,0,0,0.00,0.00,0.00,0,0,0.00,0.00,0,0
1432850299,eth0,0.00,0.00,0.00,0,0,0.00,0.00,0.00,0,0,0.00,0.00,0,0
1432850299,lo,0.00,0.00,0.00,0,0,0.00,0.00,0.00,0,0,0.00,0.00,0,0
1432850299,s1,0.00,0.00,0.00,0,0,0.00,0.00,0.00,0,0,0.00,0.00,0,0
1432850299,s0-eth1,177720.00,3960.00,181680.00,396,17772,60.00,60.00,120.00,6,6,0.00,0.00,0,0
1432850299,s0-eth2,4620.00,177720.00,182340.00,17772,462,70.00,60.00,130.00,6,7,0.00,0.00,0,0
1432850299,s0-eth3,0.00,0.00,0.00,0,0,0.00,0.00,0.00,0,0,0.00,0.00,0,0
1432850299,total,364020.00,363360.00,727380.00,36336,36402,250.00,240.00,490.00,24,25,0.00,0.00,0,0
1432850299,s1-eth1,3960.00,177720.00,181680.00,17772,396,60.00,60.00,120.00,6,6,0.00,0.00,0,0
1432850299,s1-eth2,177720.00,3960.00,181680.00,396,17772,60.00,60.00,120.00,6,6,0.00,0.00,0,0
1432850299,s1-eth3,0.00,0.00,0.00,0,0,0.00,0.00,0.00,0,0,0.00,0.00,0,0
1432850299,s0,0.00,0.00,0.00,0,0,0.00,0.00,0.00,0,0,0.00,0.00,0,0
1432850299,eth0,0.00,0.00,0.00,0,0,0.00,0.00,0.00,0,0,0.00,0.00,0,0
1432850299,lo,0.00,0.00,0.00,0,0,0.00,0.00,0.00,0,0,0.00,0.00,0,0
1432850299,s1,0.00,0.00,0.00,0,0,0.00,0.00,0.00,0,0,0.00,0.00,0,0
1432850299,s0-eth1,177720.00,3960.00,181680.00,396,17772,60.00,60.00,120.00,6,6,0.00,0.00,0,0
1432850299,s0-eth2,3960.00,207340.00,211300.00,20734,396,60.00,70.00,130.00,7,6,0.00,0.00,0,0
1432850299,s0-eth3,0.00,0.00,0.00,0,0,0.00,0.00,0.00,0,0,0.00,0.00,0,0
1432850299,total,363360.00,392980.00,756340.00,39298,36336,240.00,250.00,490.00,25,24,0.00,0.00,0,0
1432850299,s1-eth1,4380.00,207340.00,211720.00,20734,438,70.00,70.00,140.00,7,7,0.00,0.00,0,0
1432850299,s1-eth2,177720.00,4380.00,182100.00,438,17772,60.00,70.00,130.00,7,6,0.00,0.00,0,0
1432850299,s1-eth3,0.00,0.00,0.00,0,0,0.00,0.00,0.00,0,0,0.00,0.00,0,0
1432850299,s0,0.00,0.00,0.00,0,0,0.00,0.00,0.00,0,0,0.00,0.00,0,0
1432850299,eth0,0.00,0.00,0.00,0,0,0.00,0.00,0.00,0,0,0.00,0.00,0,0
1432850299,lo,5920.00,5920.00,11840.00,592,592,60.00,60.00,120.00,6,6,0.00,0.00,0,0
1432850299,s1,0.00,0.00,0.00,0,0,0.00,0.00,0.00,0,0,0.00,0.00,0,0
1432850299,s0-eth1,207340.00,4380.00,211720.00,438,20734,70.00,70.00,140.00,7,7,0.00,0.00,0,0
1432850299,s0-eth2,4380.00,207760.00,212140.00,20776,438,70.00,80.00,150.00,8,7,0.00,0.00,0,0
1432850299,s0-eth3,0.00,0.00,0.00,0,0,0.00,0.00,0.00,0,0,0.00,0.00,0,0
1432850299,total,399740.00,429780.00,829520.00,42978,39974,330.00,350.00,680.00,35,33,0.00,0.00,0,0
1432850299,s1-eth1,3960.00,177720.00,181680.00,17772,396,60.00,60.00,120.00,6,6,0.00,0.00,0,0
1432850299,s1-eth2,207340.00,3960.00,211300.00,396,20734,70.00,60.00,130.00,6,7,0.00,0.00,0,0
1432850299,s1-eth3,0.00,0.00,0.00,0,0,0.00,0.00,0.00,0,0,0.00,0.00,0,0
1432850299,s0,0.00,0.00,0.00,0,0,0.00,0.00,0.00,0,0,0.00,0.00,0,0
1432850299,eth0,0.00,0.00,0.00,0,0,0.00,0.00,0.00,0,0,0.00,0.00,0,0
1432850299,lo,0.00,0.00,0.00,0,0,0.00,0.00,0.00,0,0,0.00,0.00,0,0
1432850299,s1,0.00,0.00,0.00,0,0,0.00,0.00,0.00,0,0,0.00,0.00,0,0
1432850299,s0-eth1,177720.00,3960.00,181680.00,396,17772,60.00,60.00,120.00,6,6,0.00,0.00,0,0
1432850299,s0-eth2,3960.00,177720.00,181680.00,17772,396,60.00,60.00,120.00,6,6,0.00,0.00,0,0
1432850299,s0-eth3,0.00,0.00,0.00,0,0,0.00,0.00,0.00,0,0,0.00,0.00,0,0
1432850299,total,392980.00,363360.00,756340.00,36336,39298,250.00,240.00,490.00,24,25,0.00,0.00,0,0
1432850299,s1-eth1,4620.00,178140.00,182760.00,17814,462,70.00,70.00,140.00,7,7,0.00,0.00,0,0
1432850299,s1-eth2,178140.00,4620.00,182760.00,462,17814,70.00,70.00,140.00,7,7,0.00,0.00,0,0
1432850299,s1-eth3,0.00,0.00,0.00,0,0,0.00,0.00,0.00,0,0,0.00,0.00,0,0
1432850299,s0,0.00,0.00,0.00,0,0,0.00,0.00,0.00,0,0,0.00,0.00,0,0
1432850299,eth0,0.00,0.00,0.00,0,0,0.00,0.00,0.00,0,0,0.00,0.00,0,0
1432850299,lo,0.00,0.00,0.00,0,0,0.00,0.00,0.00,0,0,0.00,0.00,0,0
1432850299,s1,0.00,0.00,0.00,0,0,0.00,0.00,0.00,0,0,0.00,0.00,0,0
1432850299,s0-eth1,178140.00,4620.00,182760.00,462,17814,70.00,70.00,140.00,7,7,0.00,0.00,0,0
1432850299,s0-eth2,3960.00,177720.00,181680.00,17772,396,60.00,60.00,120.00,6,6,0.00,0.00,0,0
1432850299,s0-eth3,0.00,0.00,0.00,0,0,0.00,0.00,0.00,0,0,0.00,0.00,0,0
1432850299,total,364860.00,365100.00,729960.00,36510,36486,270.00,270.00,540.00,27,27,0.00,0.00,0,0
1432850299,s1-eth1,3960.00,177720.00,181680.00,17772,396,60.00,60.00,120.00,6,6,0.00,0.00,0,0
1432850299,s1-eth2,177720.00,3960.00,181680.00,396,17772,60.00,60.00,120.00,6,6,0.00,0.00,0,0
1432850299,s1-eth3,0.00,0.00,0.00,0,0,0.00,0.00,0.00,0,0,0.00,0.00,0,0
1432850299,s0,0.00,0.00,0.00,0,0,0.00,0.00,0.00,0,0,0.00,0.00,0,0
1432850299,eth0,0.00,0.00,0.00,0,0,0.00,0.00,0.00,0,0,0.00,0.00,0,0
1432850299,lo,0.00,0.00,0.00,0,0,0.00,0.00,0.00,0,0,0.00,0.00,0,0
1432850299,s1,0.00,0.00,0.00,0,0,0.00,0.00,0.00,0,0,0.00,0.00,0,0
1432850299,s0-eth1,177720.00,3960.00,181680.00,396,17772,60.00,60.00,120.00,6,6,0.00,0.00,0,0
1432850299,s0-eth2,4620.00,177720.00,182340.00,17772,462,70.00,60.00,130.00,6,7,0.00,0.00,0,0
1432850299,s0-eth3,0.00,0.00,0.00,0,0,0.00,0.00,0.00,0,0,0.00,0.00,0,0
1432850299,total,364020.00,363360.00,727380.00,36336,36402,250.00,240.00,490.00,24,25,0.00,0.00,0,0
1432850299,s1-eth1,3960.00,177720.00,181680.00,17772,396,60.00,60.00,120.00,6,6,0.00,0.00,0,0
1432850299,s1-eth2,177720.00,3960.00,181680.00,396,17772,60.00,60.00,120.00,6,6,0.00,0.00,0,0
1432850299,s1-eth3,0.00,0.00,0.00,0,0,0.00,0.00,0.00,0,0,0.00,0.00,0,0
1432850299,s0,0.00,0.00,0.00,0,0,0.00,0.00,0.00,0,0,0.00,0.00,0,0
1432850299,eth0,0.00,0.00,0.00,0,0,0.00,0.00,0.00,0,0,0.00,0.00,0,0
1432850299,lo,0.00,0.00,0.00,0,0,0.00,0.00,0.00,0,0,0.00,0.00,0,0
1432850299,s1,0.00,0.00,0.00,0,0,0.00,0.00,0.00,0,0,0.00,0.00,0,0
1432850299,s0-eth1,177720.00,3960.00,181680.00,396,17772,60.00,60.00,120.00,6,6,0.00,0.00,0,0
1432850299,s0-eth2,3960.00,207340.00,211300.00,20734,396,60.00,70.00,130.00,7,6,0.00,0.00,0,0
1432850299,s0-eth3,0.00,0.00,0.00,0,0,0.00,0.00,0.00,0,0,0.00,0.00,0,0
1432850299,total,363360.00,392980.00,756340.00,39298,36336,240.00,250.00,490.00,25,24,0.00,0.00,0,0
1432850300,s1-eth1,3920.79,205287.14,209207.92,20734,396,59.41,69.31,128.71,7,6,0.00,0.00,0,0
1432850300,s1-eth2,175960.41,3920.79,179881.19,396,17772,59.41,59.41,118.81,6,6,0.00,0.00,0,0
1432850300,s1-eth3,0.00,0.00,0.00,0,0,0.00,0.00,0.00,0,0,0.00,0.00,0,0
1432850300,s0,0.00,0.00,0.00,0,0,0.00,0.00,0.00,0,0,0.00,0.00,0,0
1432850300,eth0,0.00,0.00,0.00,0,0,0.00,0.00,0.00,0,0,0.00,0.00,0,0
1432850300,lo,0.00,0.00,0.00,0,0,0.00,0.00,0.00,0,0,0.00,0.00,0,0
1432850300,s1,0.00,0.00,0.00,0,0,0.00,0.00,0.00,0,0,0.00,0.00,0,0
1432850300,s0-eth1,205287.14,3920.79,209207.92,396,20734,69.31,59.41,128.71,6,7,0.00,0.00,0,0
1432850300,s0-eth2,3920.79,175960.41,179881.19,17772,396,59.41,59.41,118.81,6,6,0.00,0.00,0,0
1432850300,s0-eth3,0.00,0.00,0.00,0,0,0.00,0.00,0.00,0,0,0.00,0.00,0,0
1432850300,total,389089.12,389089.12,778178.25,39298,39298,247.52,247.52,495.05,25,25,0.00,0.00,0,0
1432850300,s1-eth1,3960.00,177720.00,181680.00,17772,396,60.00,60.00,120.00,6,6,0.00,0.00,0,0
1432850300,s1-eth2,207340.00,4620.00,211960.00,462,20734,70.00,70.00,140.00,7,7,0.00,0.00,0,0
1432850300,s1-eth3,0.00,0.00,0.00,0,0,0.00,0.00,0.00,0,0,0.00,0.00,0,0
1432850300,s0,0.00,0.00,0.00,0,0,0.00,0.00,0.00,0,0,0.00,0.00,0,0
1432850300,eth0,0.00,0.00,0.00,0,0,0.00,0.00,0.00,0,0,0.00,0.00,0,0
1432850300,lo,0.00,0.00,0.00,0,0,0.00,0.00,0.00,0,0,0.00,0.00,0,0
1432850300,s1,0.00,0.00,0.00,0,0,0.00,0.00,0.00,0,0,0.00,0.00,0,0
1432850300,s0-eth1,177720.00,3960.00,181680.00,396,17772,60.00,60.00,120.00,6,6,0.00,0.00,0,0
1432850300,s0-eth2,3960.00,207340.00,211300.00,20734,396,60.00,70.00,130.00,7,6,0.00,0.00,0,0
1432850300,s0-eth3,0.00,0.00,0.00,0,0,0.00,0.00,0.00,0,0,0.00,0.00,0,0
1432850300,total,392980.00,393640.00,786620.00,39364,39298,250.00,260.00,510.00,26,25,0.00,0.00,0,0
1432850300,s1-eth1,4620.00,177720.00,182340.00,17772,462,70.00,60.00,130.00,6,7,0.00,0.00,0,0
1432850300,s1-eth2,177720.00,3960.00,181680.00,396,17772,60.00,60.00,120.00,6,6,0.00,0.00,0,0
1432850300,s1-eth3,0.00,0.00,0.00,0,0,0.00,0.00,0.00,0,0,0.00,0.00,0,0
1432850300,s0,0.00,0.00,0.00,0,0,0.00,0.00,0.00,0,0,0.00,0.00,0,0
1432850300,eth0,0.00,0.00,0.00,0,0,0.00,0.00,0.00,0,0,0.00,0.00,0,0
1432850300,lo,0.00,0.00,0.00,0,0,0.00,0.00,0.00,0,0,0.00,0.00,0,0
1432850300,s1,0.00,0.00,0.00,0,0,0.00,0.00,0.00,0,0,0.00,0.00,0,0
1432850300,s0-eth1,177720.00,4620.00,182340.00,462,17772,60.00,70.00,130.00,7,6,0.00,0.00,0,0
1432850300,s0-eth2,3960.00,177720.00,181680.00,17772,396,60.00,60.00,120.00,6,6,0.00,0.00,0,0
1432850300,s0-eth3,0.00,0.00,0.00,0,0,0.00,0.00,0.00,0,0,0.00,0.00,0,0
1432850300,total,364020.00,364020.00,728040.00,36402,36402,250.00,250.00,500.00,25,25,0.00,0.00,0,0
1432850300,s1-eth1,3960.00,177720.00,181680.00,17772,396,60.00,60.00,120.00,6,6,0.00,0.00,0,0
1432850300,s1-eth2,177720.00,3960.00,181680.00,396,17772,60.00,60.00,120.00,6,6,0.00,0.00,0,0
1432850300,s1-eth3,0.00,0.00,0.00,0,0,0.00,0.00,0.00,0,0,0.00,0.00,0,0
1432850300,s0,0.00,0.00,0.00,0,0,0.00,0.00,0.00,0,0,0.00,0.00,0,0
1432850300,eth0,0.00,0.00,0.00,0,0,0.00,0.00,0.00,0,0,0.00,0.00,0,0
1432850300,lo,0.00,0.00,0.00,0,0,0.00,0.00,0.00,0,0,0.00,0.00,0,0
1432850300,s1,0.00,0.00,0.00,0,0,0.00,0.00,0.00,0,0,0.00,0.00,0,0
1432850300,s0-eth1,177720.00,3960.00,181680.00,396,17772,60.00,60.00,120.00,6,6,0.00,0.00,0,0
1432850300,s0-eth2,4620.00,207340.00,211960.00,20734,462,70.00,70.00,140.00,7,7,0.00,0.00,0,0
1432850300,s0-eth3,0.00,0.00,0.00,0,0,0.00,0.00,0.00,0,0,0.00,0.00,0,0
1432850300,total,364020.00,392980.00,757000.00,39298,36402,250.00,250.00,500.00,25,25,0.00,0.00,0,0
1432850300,s1-eth1,3960.00,177720.00,181680.00,17772,396,60.00,60.00,120.00,6,6,0.00,0.00,0,0
1432850300,s1-eth2,177720.00,3960.00,181680.00,396,17772,60.00,60.00,120.00,6,6,0.00,0.00,0,0
1432850300,s1-eth3,0.00,0.00,0.00,0,0,0.00,0.00,0.00,0,0,0.00,0.00,0,0
1432850300,s0,0.00,0.00,0.00,0,0,0.00,0.00,0.00,0,0,0.00,0.00,0,0
1432850300,eth0,0.00,0.00,0.00,0,0,0.00,0.00,0.00,0,0,0.00,0.00,0,0
1432850300,lo,0.00,0.00,0.00,0,0,0.00,0.00,0.00,0,0,0.00,0.00,0,0
1432850300,s1,0.00,0.00,0.00,0,0,0.00,0.00,0.00,0,0,0.00,0.00,0,0
1432850300,s0-eth1,177720.00,3960.00,181680.00,396,17772,60.00,60.00,120.00,6,6,0.00,0.00,0,0
1432850300,s0-eth2,3960.00,177720.00,181680.00,17772,396,60.00,60.00,120.00,6,6,0.00,0.00,0,0
1432850300,s0-eth3,0.00,0.00,0.00,0,0,0.00,0.00,0.00,0,0,0.00,0.00,0,0
1432850300,total,363360.00,363360.00,726720.00,36336,36336,240.00,240.00,480.00,24,24,0.00,0.00,0,0
1432850300,s1-eth1,3960.00,207340.00,211300.00,20734,396,60.00,70.00,130.00,7,6,0.00,0.00,0,0
1432850300,s1-eth2,177720.00,3960.00,181680.00,396,17772,60.00,60.00,120.00,6,6,0.00,0.00,0,0
1432850300,s1-eth3,0.00,0.00,0.00,0,0,0.00,0.00,0.00,0,0,0.00,0.00,0,0
1432850300,s0,0.00,0.00,0.00,0,0,0.00,0.00,0.00,0,0,0.00,0.00,0,0
1432850300,eth0,0.00,0.00,0.00,0,0,0.00,0.00,0.00,0,0,0.00,0.00,0,0
1432850300,lo,0.00,0.00,0.00,0,0,0.00,0.00,0.00,0,0,0.00,0.00,0,0
1432850300,s1,0.00,0.00,0.00,0,0,0.00,0.00,0.00,0,0,0.00,0.00,0,0
1432850300,s0-eth1,207340.00,3960.00,211300.00,396,20734,70.00,60.00,130.00,6,7,0.00,0.00,0,0
1432850300,s0-eth2,3960.00,177720.00,181680.00,17772,396,60.00,60.00,120.00,6,6,0.00,0.00,0,0
1432850300,s0-eth3,0.00,0.00,0.00,0,0,0.00,0.00,0.00,0,0,0.00,0.00,0,0
1432850300,total,392980.00,392980.00,785960.00,39298,39298,250.00,250.00,500.00,25,25,0.00,0.00,0,0
1432850300,s1-eth1,3960.00,177720.00,181680.00,17772,396,60.00,60.00,120.00,6,6,0.00,0.00,0,0
1432850300,s1-eth2,207340.00,4620.00,211960.00,462,20734,70.00,70.00,140.00,7,7,0.00,0.00,0,0
1432850300,s1-eth3,0.00,0.00,0.00,0,0,0.00,0.00,0.00,0,0,0.00,0.00,0,0
1432850300,s0,0.00,0.00,0.00,0,0,0.00,0.00,0.00,0,0,0.00,0.00,0,0
1432850300,eth0,0.00,0.00,0.00,0,0,0.00,0.00,0.00,0,0,0.00,0.00,0,0
1432850300,lo,0.00,0.00,0.00,0,0,0.00,0.00,0.00,0,0,0.00,0.00,0,0
1432850300,s1,0.00,0.00,0.00,0,0,0.00,0.00,0.00,0,0,0.00,0.00,0,0
1432850300,s0-eth1,177720.00,3960.00,181680.00,396,17772,60.00,60.00,120.00,6,6,0.00,0.00,0,0
1432850300,s0-eth2,3960.00,177720.00,181680.00,17772,396,60.00,60.00,120.00,6,6,0.00,0.00,0,0
1432850300,s0-eth3,0.00,1833920.00,1833920.00,183392,0,0.00,1760.00,1760.00,176,0,0.00,0.00,0,0
1432850300,total,392980.00,2197940.00,2590920.00,219794,39298,250.00,2010.00,2260.00,201,25,0.00,0.00,0,0
1432850300,s1-eth1,2640.00,172220.00,174860.00,17222,264,40.00,110.00,150.00,11,4,0.00,0.00,0,0
1432850300,s1-eth2,88860.00,1980.00,90840.00,198,8886,30.00,30.00,60.00,3,3,0.00,0.00,0,0
1432850300,s1-eth3,72940.00,0.00,72940.00,0,7294,70.00,0.00,70.00,0,7,0.00,0.00,0,0
1432850300,s0,0.00,0.00,0.00,0,0,0.00,0.00,0.00,0,0,0.00,0.00,0,0
1432850300,eth0,0.00,0.00,0.00,0,0,0.00,0.00,0.00,0,0,0.00,0.00,0,0
1432850300,lo,0.00,0.00,0.00,0,0,0.00,0.00,0.00,0,0,0.00,0.00,0,0
1432850300,s1,0.00,0.00,0.00,0,0,0.00,0.00,0.00,0,0,0.00,0.00,0,0
1432850300,s0-eth1,172220.00,2640.00,174860.00,264,17222,110.00,40.00,150.00,4,11,0.00,0.00,0,0
1432850300,s0-eth2,2640.00,118480.00,121120.00,11848,264,40.00,40.00,80.00,4,4,0.00,0.00,0,0
1432850300,s0-eth3,0.00,1875600.00,1875600.00,187560,0,0.00,1800.00,1800.00,180,0,0.00,0.00,0,0
1432850300,total,339300.00,2170920.00,2510220.00,217092,33930,290.00,2020.00,2310.00,202,29,0.00,0.00,0,0
1432850300,s1-eth1,660.00,185920.00,186580.00,18592,66,10.00,160.00,170.00,16,1,0.00,0.00,0,0
1432850300,s1-eth2,29620.00,660.00,30280.00,66,2962,10.00,10.00,20.00,1,1,0.00,0.00,0,0
1432850300,s1-eth3,166720.00,0.00,166720.00,0,16672,160.00,0.00,160.00,0,16,0.00,0.00,0,0
1432850300,s0,0.00,0.00,0.00,0,0,0.00,0.00,0.00,0,0,0.00,0.00,0,0
1432850300,eth0,0.00,0.00,0.00,0,0,0.00,0.00,0.00,0,0,0.00,0.00,0,0
1432850300,lo,0.00,0.00,0.00,0,0,0.00,0.00,0.00,0,0,0.00,0.00,0,0
1432850300,s1,0.00,0.00,0.00,0,0,0.00,0.00,0.00,0,0,0.00,0.00,0,0
1432850300,s0-eth1,185920.00,660.00,186580.00,66,18592,160.00,10.00,170.00,1,16,0.00,0.00,0,0
1432850300,s0-eth2,660.00,29620.00,30280.00,2962,66,10.00,10.00,20.00,1,1,0.00,0.00,0,0
1432850300,s0-eth3,0.00,1886020.00,1886020.00,188602,0,0.00,1810.00,1810.00,181,0,0.00,0.00,0,0
1432850300,total,383580.00,2102880.00,2486460.00,210288,38358,350.00,2000.00,2350.00,200,35,0.00,0.00,0,0
1432850300,s1-eth1,0.00,187560.00,187560.00,18756,0,0.00,180.00,180.00,18,0,0.00,0.00,0,0
1432850300,s1-eth2,0.00,0.00,0.00,0,0,0.00,0.00,0.00,0,0,0.00,0.00,0,0
1432850300,s1-eth3,187560.00,0.00,187560.00,0,18756,180.00,0.00,180.00,0,18,0.00,0.00,0,0
1432850300,s0,0.00,0.00,0.00,0,0,0.00,0.00,0.00,0,0,0.00,0.00,0,0
1432850300,eth0,0.00,0.00,0.00,0,0,0.00,0.00,0.00,0,0,0.00,0.00,0,0
1432850300,lo,0.00,0.00,0.00,0,0,0.00,0.00,0.00,0,0,0.00,0.00,0,0
1432850300,s1,0.00,0.00,0.00,0,0,0.00,0.00,0.00,0,0,0.00,0.00,0,0
1432850300,s0-eth1,187560.00,0.00,187560.00,0,18756,180.00,0.00,180.00,0,18,0.00,0.00,0,0
1432850300,s0-eth2,0.00,0.00,0.00,0,0,0.00,0.00,0.00,0,0,0.00,0.00,0,0
1432850300,s0-eth3,0.00,1875600.00,1875600.00,187560,0,0.00,1800.00,1800.00,180,0,0.00,0.00,0,0
1432850300,total,375120.00,2063160.00,2438280.00,206316,37512,360.00,1980.00,2340.00,198,36,0.00,0.00,0,0
1432850301,s1-eth1,0.00,185702.98,185702.98,18756,0,0.00,178.22,178.22,18,0,0.00,0.00,0,0
1432850301,s1-eth2,0.00,0.00,0.00,0,0,0.00,0.00,0.00,0,0,0.00,0.00,0,0
1432850301,s1-eth3,185702.98,0.00,185702.98,0,18756,178.22,0.00,178.22,0,18,0.00,0.00,0,0
1432850301,s0,0.00,0.00,0.00,0,0,0.00,0.00,0.00,0,0,0.00,0.00,0,0
1432850301,eth0,0.00,0.00,0.00,0,0,0.00,0.00,0.00,0,0,0.00,0.00,0,0
1432850301,lo,0.00,0.00,0.00,0,0,0.00,0.00,0.00,0,0,0.00,0.00,0,0
1432850301,s1,0.00,0.00,0.00,0,0,0.00,0.00,0.00,0,0,0.00,0.00,0,0
1432850301,s0-eth1,185702.98,0.00,185702.98,0,18756,178.22,0.00,178.22,0,18,0.00,0.00,0,0
1432850301,s0-eth2,0.00,14990.10,14990.10,1514,0,0.00,9.90,9.90,1,0,0.00,0.00,0,0
1432850301,s0-eth3,0.00,1867346.62,1867346.62,188602,0,0.00,1792.08,1792.08,181,0,0.00,0.00,0,0
1432850301,total,371405.97,2068039.62,2439445.75,208872,37512,356.44,1980.20,2336.63,200,36,0.00,0.00,0,0
1432850301,s1-eth1,0.00,187560.00,187560.00,18756,0,0.00,180.00,180.00,18,0,0.00,0.00,0,0
1432850301,s1-eth2,0.00,0.00,0.00,0,0,0.00,0.00,0.00,0,0,0.00,0.00,0,0
1432850301,s1-eth3,187560.00,0.00,187560.00,0,18756,180.00,0.00,180.00,0,18,0.00,0.00,0,0
1432850301,s0,0.00,0.00,0.00,0,0,0.00,0.00,0.00,0,0,0.00,0.00,0,0
1432850301,eth0,0.00,0.00,0.00,0,0,0.00,0.00,0.00,0,0,0.00,0.00,0,0
1432850301,lo,0.00,0.00,0.00,0,0,0.00,0.00,0.00,0,0,0.00,0.00,0,0
1432850301,s1,0.00,0.00,0.00,0,0,0.00,0.00,0.00,0,0,0.00,0.00,0,0
1432850301,s0-eth1,187560.00,0.00,187560.00,0,18756,180.00,0.00,180.00,0,18,0.00,0.00,0,0
1432850301,s0-eth2,0.00,0.00,0.00,0,0,0.00,0.00,0.00,0,0,0.00,0.00,0,0
1432850301,s0-eth3,0.00,1604680.00,1604680.00,160468,0,0.00,1540.00,1540.00,154,0,0.00,0.00,0,0
1432850301,total,375120.00,1792240.00,2167360.00,179224,37512,360.00,1720.00,2080.00,172,36,0.00,0.00,0,0
1432850301,s1-eth1,0.00,187560.00,187560.00,18756,0,0.00,180.00,180.00,18,0,0.00,0.00,0,0
1432850301,s1-eth2,0.00,0.00,0.00,0,0,0.00,0.00,0.00,0,0,0.00,0.00,0,0
1432850301,s1-eth3,187560.00,0.00,187560.00,0,18756,180.00,0.00,180.00,0,18,0.00,0.00,0,0
1432850301,s0,0.00,0.00,0.00,0,0,0.00,0.00,0.00,0,0,0.00,0.00,0,0
1432850301,eth0,0.00,0.00,0.00,0,0,0.00,0.00,0.00,0,0,0.00,0.00,0,0
1432850301,lo,0.00,0.00,0.00,0,0,0.00,0.00,0.00,0,0,0.00,0.00,0,0
1432850301,s1,0.00,0.00,0.00,0,0,0.00,0.00,0.00,0,0,0.00,0.00,0,0
1432850301,s0-eth1,187560.00,0.00,187560.00,0,18756,180.00,0.00,180.00,0,18,0.00,0.00,0,0
1432850301,s0-eth2,0.00,0.00,0.00,0,0,0.00,0.00,0.00,0,0,0.00,0.00,0,0
1432850301,s0-eth3,0.00,0.00,0.00,0,0,0.00,0.00,0.00,0,0,0.00,0.00,0,0
1432850301,total,375120.00,187560.00,562680.00,18756,37512,360.00,180.00,540.00,18,36,0.00,0.00,0,0
1432850301,s1-eth1,0.00,31260.00,31260.00,3126,0,0.00,30.00,30.00,3,0,0.00,0.00,0,0
1432850301,s1-eth2,0.00,0.00,0.00,0,0,0.00,0.00,0.00,0,0,0.00,0.00,0,0
1432850301,s1-eth3,31260.00,0.00,31260.00,0,3126,30.00,0.00,30.00,0,3,0.00,0.00,0,0
1432850301,s0,0.00,0.00,0.00,0,0,0.00,0.00,0.00,0,0,0.00,0.00,0,0
1432850301,eth0,0.00,0.00,0.00,0,0,0.00,0.00,0.00,0,0,0.00,0.00,0,0
1432850301,lo,0.00,0.00,0.00,0,0,0.00,0.00,0.00,0,0,0.00,0.00,0,0
1432850301,s1,0.00,0.00,0.00,0,0,0.00,0.00,0.00,0,0,0.00,0.00,0,0
1432850301,s0-eth1,31260.00,0.00,31260.00,0,3126,30.00,0.00,30.00,0,3,0.00,0.00,0,0
1432850301,s0-eth2,0.00,0.00,0.00,0,0,0.00,0.00,0.00,0,0,0.00,0.00,0,0
1432850301,s0-eth3,0.00,0.00,0.00,0,0,0.00,0.00,0.00,0,0,0.00,0.00,0,0
1432850301,total,62520.00,31260.00,93780.00,3126,6252,60.00,30.00,90.00,3,6,0.00,0.00,0,0
1432850301,s1-eth1,0.00,0.00,0.00,0,0,0.00,0.00,0.00,0,0,0.00,0.00,0,0
1432850301,s1-eth2,0.00,0.00,0.00,0,0,0.00,0.00,0.00,0,0,0.00,0.00,0,0
1432850301,s1-eth3,0.00,0.00,0.00,0,0,0.00,0.00,0.00,0,0,0.00,0.00,0,0
1432850301,s0,0.00,0.00,0.00,0,0,0.00,0.00,0.00,0,0,0.00,0.00,0,0
1432850301,eth0,0.00,0.00,0.00,0,0,0.00,0.00,0.00,0,0,0.00,0.00,0,0
1432850301,lo,0.00,0.00,0.00,0,0,0.00,0.00,0.00,0,0,0.00,0.00,0,0
1432850301,s1,0.00,0.00,0.00,0,0,0.00,0.00,0.00,0,0,0.00,0.00,0,0
1432850301,s0-eth1,0.00,0.00,0.00,0,0,0.00,0.00,0.00,0,0,0.00,0.00,0,0
1432850301,s0-eth2,0.00,0.00,0.00,0,0,0.00,0.00,0.00,0,0,0.00,0.00,0,0
1432850301,s0-eth3,0.00,0.00,0.00,0,0,0.00,0.00,0.00,0,0,0.00,0.00,0,0
1432850301,total,0.00,0.00,0.00,0,0,0.00,0.00,0.00,0,0,0.00,0.00,0,0
1432850301,s1-eth1,3000.00,90180.00,93180.00,9018,300,40.00,50.00,90.00,5,4,0.00,0.00,0,0
1432850301,s1-eth2,75040.00,3000.00,78040.00,300,7504,40.00,40.00,80.00,4,4,0.00,0.00,0,0
1432850301,s1-eth3,0.00,0.00,0.00,0,0,0.00,0.00,0.00,0,0,0.00,0.00,0,0
1432850301,s0,0.00,0.00,0.00,0,0,0.00,0.00,0.00,0,0,0.00,0.00,0,0
1432850301,eth0,0.00,0.00,0.00,0,0,0.00,0.00,0.00,0,0,0.00,0.00,0,0
1432850301,lo,0.00,0.00,0.00,0,0,0.00,0.00,0.00,0,0,0.00,0.00,0,0
1432850301,s1,0.00,0.00,0.00,0,0,0.00,0.00,0.00,0,0,0.00,0.00,0,0
1432850301,s0-eth1,90180.00,3000.00,93180.00,300,9018,50.00,40.00,90.00,4,5,0.00,0.00,0,0
1432850301,s0-eth2,3000.00,105320.00,108320.00,10532,300,40.00,60.00,100.00,6,4,0.00,0.00,0,0
1432850301,s0-eth3,0.00,0.00,0.00,0,0,0.00,0.00,0.00,0,0,0.00,0.00,0,0
1432850301,total,171220.00,201500.00,372720.00,20150,17122,170.00,190.00,360.00,19,17,0.00,0.00,0,0
1432850301,s1-eth1,9360.00,181680.00,191040.00,18168,936,120.00,120.00,240.00,12,12,0.00,0.00,0,0
1432850301,s1-eth2,196820.00,10140.00,206960.00,1014,19682,130.00,130.00,260.00,13,13,0.00,0.00,0,0
1432850301,s1-eth3,0.00,0.00,0.00,0,0,0.00,0.00,0.00,0,0,0.00,0.00,0,0
1432850301,s0,0.00,0.00,0.00,0,0,0.00,0.00,0.00,0,0,0.00,0.00,0,0
1432850301,eth0,0.00,0.00,0.00,0,0,0.00,0.00,0.00,0,0,0.00,0.00,0,0
1432850301,lo,0.00,0.00,0.00,0,0,0.00,0.00,0.00,0,0,0.00,0.00,0,0
1432850301,s1,0.00,0.00,0.00,0,0,0.00,0.00,0.00,0,0,0.00,0.00,0,0
1432850301,s0-eth1,181680.00,9360.00,191040.00,936,18168,120.00,120.00,240.00,12,12,0.00,0.00,0,0
1432850301,s0-eth2,9360.00,317940.00,327300.00,31794,936,120.00,210.00,330.00,21,12,0.00,0.00,0,0
1432850301,s0-eth3,0.00,0.00,0.00,0,0,0.00,0.00,0.00,0,0,0.00,0.00,0,0
1432850301,total,397220.00,519120.00,916340.00,51912,39722,490.00,580.00,1070.00,58,49,0.00,0.00,0,0
1432850301,s1-eth1,6420.00,196820.00,203240.00,19682,642,90.00,130.00,220.00,13,9,0.00,0.00,0,0
1432850301,s1-eth2,181680.00,5640.00,187320.00,564,18168,120.00,80.00,200.00,8,12,0.00,0.00,0,0
1432850301,s1-eth3,0.00,0.00,0.00,0,0,0.00,0.00,0.00,0,0,0.00,0.00,0,0
1432850301,s0,0.00,0.00,0.00,0,0,0.00,0.00,0.00,0,0,0.00,0.00,0,0
1432850301,eth0,0.00,0.00,0.00,0,0,0.00,0.00,0.00,0,0,0.00,0.00,0,0
1432850301,lo,0.00,0.00,0.00,0,0,0.00,0.00,0.00,0,0,0.00,0.00,0,0
1432850301,s1,0.00,0.00,0.00,0,0,0.00,0.00,0.00,0,0,0.00,0.00,0,0
1432850301,s0-eth1,196820.00,6420.00,203240.00,642,19682,130.00,90.00,220.00,9,13,0.00,0.00,0,0
1432850301,s0-eth2,6420.00,179040.00,185460.00,17904,642,90.00,80.00,170.00,8,9,0.00,0.00,0,0
1432850301,s0-eth3,0.00,0.00,0.00,0,0,0.00,0.00,0.00,0,0,0.00,0.00,0,0
1432850301,total,391340.00,387920.00,779260.00,38792,39134,430.00,380.00,810.00,38,43,0.00,0.00,0,0
1432850301,s1-eth1,3960.00,192860.00,196820.00,19286,396,60.00,70.00,130.00,7,6,0.00,0.00,0,0
1432850301,s1-eth2,208000.00,4620.00,212620.00,462,20800,80.00,70.00,150.00,7,8,0.00,0.00,0,0
1432850301,s1-eth3,0.00,0.00,0.00,0,0,0.00,0.00,0.00,0,0,0.00,0.00,0,0
1432850301,s0,0.00,0.00,0.00,0,0,0.00,0.00,0.00,0,0,0.00,0.00,0,0
1432850301,eth0,0.00,0.00,0.00,0,0,0.00,0.00,0.00,0,0,0.00,0.00,0,0
1432850301,lo,0.00,0.00,0.00,0,0,0.00,0.00,0.00,0,0,0.00,0.00,0,0
1432850301,s1,0.00,0.00,0.00,0,0,0.00,0.00,0.00,0,0,0.00,0.00,0,0
1432850301,s0-eth1,192860.00,3960.00,196820.00,396,19286,70.00,60.00,130.00,6,7,0.00,0.00,0,0
1432850301,s0-eth2,3960.00,207340.00,211300.00,20734,396,60.00,70.00,130.00,7,6,0.00,0.00,0,0
1432850301,s0-eth3,0.00,0.00,0.00,0,0,0.00,0.00,0.00,0,0,0.00,0.00,0,0
1432850301,total,408780.00,408780.00,817560.00,40878,40878,270.00,270.00,540.00,27,27,0.00,0.00,0,0
1432850301,s1-eth1,4620.00,177720.00,182340.00,17772,462,70.00,60.00,130.00,6,7,0.00,0.00,0,0
1432850301,s1-eth2,177720.00,3960.00,181680.00,396,17772,60.00,60.00,120.00,6,6,0.00,0.00,0,0
1432850301,s1-eth3,0.00,0.00,0.00,0,0,0.00,0.00,0.00,0,0,0.00,0.00,0,0
1432850301,s0,0.00,0.00,0.00,0,0,0.00,0.00,0.00,0,0,0.00,0.00,0,0
1432850301,eth0,0.00,0.00,0.00,0,0,0.00,0.00,0.00,0,0,0.00,0.00,0,0
1432850301,lo,0.00,0.00,0.00,0,0,0.00,0.00,0.00,0,0,0.00,0.00,0,0
1432850301,s1,0.00,0.00,0.00,0,0,0.00,0.00,0.00,0,0,0.00,0.00,0,0
1432850301,s0-eth1,177720.00,4620.00,182340.00,462,17772,60.00,70.00,130.00,7,6,0.00,0.00,0,0
1432850301,s0-eth2,3960.00,177720.00,181680.00,17772,396,60.00,60.00,120.00,6,6,0.00,0.00,0,0
1432850301,s0-eth3,0.00,0.00,0.00,0,0,0.00,0.00,0.00,0,0,0.00,0.00,0,0
1432850301,total,364020.00,364020.00,728040.00,36402,36402,250.00,250.00,500.00,25,25,0.00,0.00,0,0
1432850302,s1-eth1,3920.79,175960.41,179881.19,17772,396,59.41,59.41,118.81,6,6,0.00,0.00,0,0
1432850302,s1-eth2,175960.41,3920.79,179881.19,396,17772,59.41,59.41,118.81,6,6,0.00,0.00,0,0
1432850302,s1-eth3,0.00,0.00,0.00,0,0,0.00,0.00,0.00,0,0,0.00,0.00,0,0
1432850302,s0,0.00,0.00,0.00,0,0,0.00,0.00,0.00,0,0,0.00,0.00,0,0
1432850302,eth0,0.00,0.00,0.00,0,0,0.00,0.00,0.00,0,0,0.00,0.00,0,0
1432850302,lo,0.00,0.00,0.00,0,0,0.00,0.00,0.00,0,0,0.00,0.00,0,0
1432850302,s1,0.00,0.00,0.00,0,0,0.00,0.00,0.00,0,0,0.00,0.00,0,0
1432850302,s0-eth1,175960.41,3920.79,179881.19,396,17772,59.41,59.41,118.81,6,6,0.00,0.00,0,0
1432850302,s0-eth2,4574.26,205287.14,209861.39,20734,462,69.31,69.31,138.61,7,7,0.00,0.00,0,0
1432850302,s0-eth3,0.00,0.00,0.00,0,0,0.00,0.00,0.00,0,0,0.00,0.00,0,0
1432850302,total,360415.84,389089.12,749505.00,39298,36402,247.52,247.52,495.05,25,25,0.00,0.00,0,0
1432850302,s1-eth1,3960.00,177720.00,181680.00,17772,396,60.00,60.00,120.00,6,6,0.00,0.00,0,0
1432850302,s1-eth2,177720.00,3960.00,181680.00,396,17772,60.00,60.00,120.00,6,6,0.00,0.00,0,0
1432850302,s1-eth3,0.00,0.00,0.00,0,0,0.00,0.00,0.00,0,0,0.00,0.00,0,0
1432850302,s0,0.00,0.00,0.00,0,0,0.00,0.00,0.00,0,0,0.00,0.00,0,0
1432850302,eth0,0.00,0.00,0.00,0,0,0.00,0.00,0.00,0,0,0.00,0.00,0,0
1432850302,lo,0.00,0.00,0.00,0,0,0.00,0.00,0.00,0,0,0.00,0.00,0,0
1432850302,s1,0.00,0.00,0.00,0,0,0.00,0.00,0.00,0,0,0.00,0.00,0,0
1432850302,s0-eth1,177720.00,3960.00,181680.00,396,17772,60.00,60.00,120.00,6,6,0.00,0.00,0,0
1432850302,s0-eth2,3960.00,207340.00,211300.00,20734,396,60.00,70.00,130.00,7,6,0.00,0.00,0,0
1432850302,s0-eth3,0.00,0.00,0.00,0,0,0.00,0.00,0.00,0,0,0.00,0.00,0,0
1432850302,total,363360.00,392980.00,756340.00,39298,36336,240.00,250.00,490.00,25,24,0.00,0.00,0,0
1432850302,s1-eth1,3960.00,207340.00,211300.00,20734,396,60.00,70.00,130.00,7,6,0.00,0.00,0,0
1432850302,s1-eth2,177720.00,3960.00,181680.00,396,17772,60.00,60.00,120.00,6,6,0.00,0.00,0,0
1432850302,s1-eth3,0.00,0.00,0.00,0,0,0.00,0.00,0.00,0,0,0.00,0.00,0,0
1432850302,s0,0.00,0.00,0.00,0,0,0.00,0.00,0.00,0,0,0.00,0.00,0,0
1432850302,eth0,0.00,0.00,0.00,0,0,0.00,0.00,0.00,0,0,0.00,0.00,0,0
1432850302,lo,0.00,0.00,0.00,0,0,0.00,0.00,0.00,0,0,0.00,0.00,0,0
1432850302,s1,0.00,0.00,0.00,0,0,0.00,0.00,0.00,0,0,0.00,0.00,0,0
1432850302,s0-eth1,207340.00,3960.00,211300.00,396,20734,70.00,60.00,130.00,6,7,0.00,0.00,0,0
1432850302,s0-eth2,3960.00,177720.00,181680.00,17772,396,60.00,60.00,120.00,6,6,0.00,0.00,0,0
1432850302,s0-eth3,0.00,0.00,0.00,0,0,0.00,0.00,0.00,0,0,0.00,0.00,0,0
1432850302,total,392980.00,392980.00,785960.00,39298,39298,250.00,250.00,500.00,25,25,0.00,0.00,0,0
1432850302,s1-eth1,3960.00,177720.00,181680.00,17772,396,60.00,60.00,120.00,6,6,0.00,0.00,0,0
1432850302,s1-eth2,207340.00,4620.00,211960.00,462,20734,70.00,70.00,140.00,7,7,0.00,0.00,0,0
1432850302,s1-eth3,0.00,0.00,0.00,0,0,0.00,0.00,0.00,0,0,0.00,0.00,0,0
1432850302,s0,0.00,0.00,0.00,0,0,0.00,0.00,0.00,0,0,0.00,0.00,0,0
1432850302,eth0,0.00,0.00,0.00,0,0,0.00,0.00,0.00,0,0,0.00,0.00,0,0
1432850302,lo,0.00,0.00,0.00,0,0,0.00,0.00,0.00,0,0,0.00,0.00,0,0
1432850302,s1,0.00,0.00,0.00,0,0,0.00,0.00,0.00,0,0,0.00,0.00,0,0
1432850302,s0-eth1,177720.00,3960.00,181680.00,396,17772,60.00,60.00,120.00,6,6,0.00,0.00,0,0
1432850302,s0-eth2,3960.00,177720.00,181680.00,17772,396,60.00,60.00,120.00,6,6,0.00,0.00,0,0
1432850302,s0-eth3,0.00,0.00,0.00,0,0,0.00,0.00,0.00,0,0,0.00,0.00,0,0
1432850302,total,392980.00,364020.00,757000.00,36402,39298,250.00,250.00,500.00,25,25,0.00,0.00,0,0
1432850302,s1-eth1,4620.00,177720.00,182340.00,17772,462,70.00,60.00,130.00,6,7,0.00,0.00,0,0
1432850302,s1-eth2,177720.00,3960.00,181680.00,396,17772,60.00,60.00,120.00,6,6,0.00,0.00,0,0
1432850302,s1-eth3,0.00,0.00,0.00,0,0,0.00,0.00,0.00,0,0,0.00,0.00,0,0
1432850302,s0,0.00,0.00,0.00,0,0,0.00,0.00,0.00,0,0,0.00,0.00,0,0
1432850302,eth0,0.00,0.00,0.00,0,0,0.00,0.00,0.00,0,0,0.00,0.00,0,0
1432850302,lo,0.00,0.00,0.00,0,0,0.00,0.00,0.00,0,0,0.00,0.00,0,0
1432850302,s1,0.00,0.00,0.00,0,0,0.00,0.00,0.00,0,0,0.00,0.00,0,0
1432850302,s0-eth1,177720.00,4620.00,182340.00,462,17772,60.00,70.00,130.00,7,6,0.00,0.00,0,0
1432850302,s0-eth2,4620.00,177720.00,182340.00,17772,462,70.00,60.00,130.00,6,7,0.00,0.00,0,0
1432850302,s0-eth3,0.00,0.00,0.00,0,0,0.00,0.00,0.00,0,0,0.00,0.00,0,0
1432850302,total,364680.00,364020.00,728700.00,36402,36468,260.00,250.00,510.00,25,26,0.00,0.00,0,0
1432850302,s1-eth1,3960.00,177720.00,181680.00,17772,396,60.00,60.00,120.00,6,6,0.00,0.00,0,0
1432850302,s1-eth2,177720.00,3960.00,181680.00,396,17772,60.00,60.00,120.00,6,6,0.00,0.00,0,0
1432850302,s1-eth3,0.00,0.00,0.00,0,0,0.00,0.00,0.00,0,0,0.00,0.00,0,0
1432850302,s0,0.00,0.00,0.00,0,0,0.00,0.00,0.00,0,0,0.00,0.00,0,0
1432850302,eth0,0.00,0.00,0.00,0,0,0.00,0.00,0.00,0,0,0.00,0.00,0,0
1432850302,lo,0.00,0.00,0.00,0,0,0.00,0.00,0.00,0,0,0.00,0.00,0,0
1432850302,s1,0.00,0.00,0.00,0,0,0.00,0.00,0.00,0,0,0.00,0.00,0,0
1432850302,s0-eth1,177720.00,3960.00,181680.00,396,17772,60.00,60.00,120.00,6,6,0.00,0.00,0,0
1432850302,s0-eth2,3960.00,207340.00,211300.00,20734,396,60.00,70.00,130.00,7,6,0.00,0.00,0,0
1432850302,s0-eth3,0.00,0.00,0.00,0,0,0.00,0.00,0.00,0,0,0.00,0.00,0,0
1432850302,total,363360.00,392980.00,756340.00,39298,36336,240.00,250.00,490.00,25,24,0.00,0.00,0,0
1432850302,s1-eth1,3960.00,177720.00,181680.00,17772,396,60.00,60.00,120.00,6,6,0.00,0.00,0,0
1432850302,s1-eth2,177720.00,3960.00,181680.00,396,17772,60.00,60.00,120.00,6,6,0.00,0.00,0,0
1432850302,s1-eth3,0.00,0.00,0.00,0,0,0.00,0.00,0.00,0,0,0.00,0.00,0,0
1432850302,s0,0.00,0.00,0.00,0,0,0.00,0.00,0.00,0,0,0.00,0.00,0,0
1432850302,eth0,0.00,0.00,0.00,0,0,0.00,0.00,0.00,0,0,0.00,0.00,0,0
1432850302,lo,0.00,0.00,0.00,0,0,0.00,0.00,0.00,0,0,0.00,0.00,0,0
1432850302,s1,0.00,0.00,0.00,0,0,0.00,0.00,0.00,0,0,0.00,0.00,0,0
1432850302,s0-eth1,177720.00,3960.00,181680.00,396,17772,60.00,60.00,120.00,6,6,0.00,0.00,0,0
1432850302,s0-eth2,3960.00,207340.00,211300.00,20734,396,60.00,70.00,130.00,7,6,0.00,0.00,0,0
1432850302,s0-eth3,0.00,0.00,0.00,0,0,0.00,0.00,0.00,0,0,0.00,0.00,0,0
1432850302,total,363360.00,392980.00,756340.00,39298,36336,240.00,250.00,490.00,25,24,0.00,0.00,0,0
1432850302,s1-eth1,3960.00,207340.00,211300.00,20734,396,60.00,70.00,130.00,7,6,0.00,0.00,0,0
1432850302,s1-eth2,207340.00,3960.00,211300.00,396,20734,70.00,60.00,130.00,6,7,0.00,0.00,0,0
1432850302,s1-eth3,0.00,0.00,0.00,0,0,0.00,0.00,0.00,0,0,0.00,0.00,0,0
1432850302,s0,0.00,0.00,0.00,0,0,0.00,0.00,0.00,0,0,0.00,0.00,0,0
1432850302,eth0,0.00,0.00,0.00,0,0,0.00,0.00,0.00,0,0,0.00,0.00,0,0
1432850302,lo,0.00,0.00,0.00,0,0,0.00,0.00,0.00,0,0,0.00,0.00,0,0
1432850302,s1,0.00,0.00,0.00,0,0,0.00,0.00,0.00,0,0,0.00,0.00,0,0
1432850302,s0-eth1,207340.00,3960.00,211300.00,396,20734,70.00,60.00,130.00,6,7,0.00,0.00,0,0
1432850302,s0-eth2,3960.00,177720.00,181680.00,17772,396,60.00,60.00,120.00,6,6,0.00,0.00,0,0
1432850302,s0-eth3,0.00,0.00,0.00,0,0,0.00,0.00,0.00,0,0,0.00,0.00,0,0
1432850302,total,422600.00,392980.00,815580.00,39298,42260,260.00,250.00,510.00,25,26,0.00,0.00,0,0
1432850302,s1-eth1,4620.00,177720.00,182340.00,17772,462,70.00,60.00,130.00,6,7,0.00,0.00,0,0
1432850302,s1-eth2,177720.00,4620.00,182340.00,462,17772,60.00,70.00,130.00,7,6,0.00,0.00,0,0
1432850302,s1-eth3,0.00,0.00,0.00,0,0,0.00,0.00,0.00,0,0,0.00,0.00,0,0
1432850302,s0,0.00,0.00,0.00,0,0,0.00,0.00,0.00,0,0,0.00,0.00,0,0
1432850302,eth0,0.00,0.00,0.00,0,0,0.00,0.00,0.00,0,0,0.00,0.00,0,0
1432850302,lo,0.00,0.00,0.00,0,0,0.00,0.00,0.00,0,0,0.00,0.00,0,0
1432850302,s1,0.00,0.00,0.00,0,0,0.00,0.00,0.00,0,0,0.00,0.00,0,0
1432850302,s0-eth1,177720.00,4620.00,182340.00,462,17772,60.00,70.00,130.00,7,6,0.00,0.00,0,0
1432850302,s0-eth2,3960.00,177720.00,181680.00,17772,396,60.00,60.00,120.00,6,6,0.00,0.00,0,0
1432850302,s0-eth3,0.00,0.00,0.00,0,0,0.00,0.00,0.00,0,0,0.00,0.00,0,0
1432850302,total,364020.00,364680.00,728700.00,36468,36402,250.00,260.00,510.00,26,25,0.00,0.00,0,0
1432850302,s1-eth1,3960.00,177720.00,181680.00,17772,396,60.00,60.00,120.00,6,6,0.00,0.00,0,0
1432850302,s1-eth2,177720.00,3960.00,181680.00,396,17772,60.00,60.00,120.00,6,6,0.00,0.00,0,0
1432850302,s1-eth3,0.00,0.00,0.00,0,0,0.00,0.00,0.00,0,0,0.00,0.00,0,0
1432850302,s0,0.00,0.00,0.00,0,0,0.00,0.00,0.00,0,0,0.00,0.00,0,0
1432850302,eth0,0.00,0.00,0.00,0,0,0.00,0.00,0.00,0,0,0.00,0.00,0,0
1432850302,lo,0.00,0.00,0.00,0,0,0.00,0.00,0.00,0,0,0.00,0.00,0,0
1432850302,s1,0.00,0.00,0.00,0,0,0.00,0.00,0.00,0,0,0.00,0.00,0,0
1432850302,s0-eth1,177720.00,3960.00,181680.00,396,17772,60.00,60.00,120.00,6,6,0.00,0.00,0,0
1432850302,s0-eth2,4620.00,177720.00,182340.00,17772,462,70.00,60.00,130.00,6,7,0.00,0.00,0,0
1432850302,s0-eth3,0.00,0.00,0.00,0,0,0.00,0.00,0.00,0,0,0.00,0.00,0,0
1432850302,total,364020.00,363360.00,727380.00,36336,36402,250.00,240.00,490.00,24,25,0.00,0.00,0,0
1432850303,s1-eth1,3920.79,175960.41,179881.19,17772,396,59.41,59.41,118.81,6,6,0.00,0.00,0,0
1432850303,s1-eth2,175960.41,3920.79,179881.19,396,17772,59.41,59.41,118.81,6,6,0.00,0.00,0,0
1432850303,s1-eth3,0.00,0.00,0.00,0,0,0.00,0.00,0.00,0,0,0.00,0.00,0,0
1432850303,s0,0.00,0.00,0.00,0,0,0.00,0.00,0.00,0,0,0.00,0.00,0,0
1432850303,eth0,0.00,0.00,0.00,0,0,0.00,0.00,0.00,0,0,0.00,0.00,0,0
1432850303,lo,0.00,0.00,0.00,0,0,0.00,0.00,0.00,0,0,0.00,0.00,0,0
1432850303,s1,0.00,0.00,0.00,0,0,0.00,0.00,0.00,0,0,0.00,0.00,0,0
1432850303,s0-eth1,175960.41,3920.79,179881.19,396,17772,59.41,59.41,118.81,6,6,0.00,0.00,0,0
1432850303,s0-eth2,3920.79,205287.14,209207.92,20734,396,59.41,69.31,128.71,7,6,0.00,0.00,0,0
1432850303,s0-eth3,0.00,0.00,0.00,0,0,0.00,0.00,0.00,0,0,0.00,0.00,0,0
1432850303,total,359762.38,389089.12,748851.50,39298,36336,237.62,247.52,485.15,25,24,0.00,0.00,0,0
1432850303,s1-eth1,3960.00,207340.00,211300.00,20734,396,60.00,70.00,130.00,7,6,0.00,0.00,0,0
1432850303,s1-eth2,177720.00,3960.00,181680.00,396,17772,60.00,60.00,120.00,6,6,0.00,0.00,0,0
1432850303,s1-eth3,0.00,0.00,0.00,0,0,0.00,0.00,0.00,0,0,0.00,0.00,0,0
1432850303,s0,0.00,0.00,0.00,0,0,0.00,0.00,0.00,0,0,0.00,0.00,0,0
1432850303,eth0,0.00,0.00,0.00,0,0,0.00,0.00,0.00,0,0,0.00,0.00,0,0
1432850303,lo,0.00,0.00,0.00,0,0,0.00,0.00,0.00,0,0,0.00,0.00,0,0
1432850303,s1,0.00,0.00,0.00,0,0,0.00,0.00,0.00,0,0,0.00,0.00,0,0
1432850303,s0-eth1,207340.00,3960.00,211300.00,396,20734,70.00,60.00,130.00,6,7,0.00,0.00,0,0
1432850303,s0-eth2,3960.00,177720.00,181680.00,17772,396,60.00,60.00,120.00,6,6,0.00,0.00,0,0
1432850303,s0-eth3,0.00,0.00,0.00,0,0,0.00,0.00,0.00,0,0,0.00,0.00,0,0
1432850303,total,392980.00,392980.00,785960.00,39298,39298,250.00,250.00,500.00,25,25,0.00,0.00,0,0
1432850303,s1-eth1,3960.00,177720.00,181680.00,17772,396,60.00,60.00,120.00,6,6,0.00,0.00,0,0
1432850303,s1-eth2,207340.00,3960.00,211300.00,396,20734,70.00,60.00,130.00,6,7,0.00,0.00,0,0
1432850303,s1-eth3,0.00,0.00,0.00,0,0,0.00,0.00,0.00,0,0,0.00,0.00,0,0
1432850303,s0,0.00,0.00,0.00,0,0,0.00,0.00,0.00,0,0,0.00,0.00,0,0
1432850303,eth0,0.00,0.00,0.00,0,0,0.00,0.00,0.00,0,0,0.00,0.00,0,0
1432850303,lo,0.00,0.00,0.00,0,0,0.00,0.00,0.00,0,0,0.00,0.00,0,0
1432850303,s1,0.00,0.00,0.00,0,0,0.00,0.00,0.00,0,0,0.00,0.00,0,0
1432850303,s0-eth1,177720.00,3960.00,181680.00,396,17772,60.00,60.00,120.00,6,6,0.00,0.00,0,0
1432850303,s0-eth2,3960.00,207340.00,211300.00,20734,396,60.00,70.00,130.00,7,6,0.00,0.00,0,0
1432850303,s0-eth3,0.00,0.00,0.00,0,0,0.00,0.00,0.00,0,0,0.00,0.00,0,0
1432850303,total,392980.00,392980.00,785960.00,39298,39298,250.00,250.00,500.00,25,25,0.00,0.00,0,0
1432850303,s1-eth1,4620.00,177720.00,182340.00,17772,462,70.00,60.00,130.00,6,7,0.00,0.00,0,0
1432850303,s1-eth2,177720.00,4620.00,182340.00,462,17772,60.00,70.00,130.00,7,6,0.00,0.00,0,0
1432850303,s1-eth3,0.00,0.00,0.00,0,0,0.00,0.00,0.00,0,0,0.00,0.00,0,0
1432850303,s0,0.00,0.00,0.00,0,0,0.00,0.00,0.00,0,0,0.00,0.00,0,0
1432850303,eth0,0.00,0.00,0.00,0,0,0.00,0.00,0.00,0,0,0.00,0.00,0,0
1432850303,lo,0.00,0.00,0.00,0,0,0.00,0.00,0.00,0,0,0.00,0.00,0,0
1432850303,s1,0.00,0.00,0.00,0,0,0.00,0.00,0.00,0,0,0.00,0.00,0,0
1432850303,s0-eth1,177720.00,4620.00,182340.00,462,17772,60.00,70.00,130.00,7,6,0.00,0.00,0,0
1432850303,s0-eth2,3960.00,177720.00,181680.00,17772,396,60.00,60.00,120.00,6,6,0.00,0.00,0,0
1432850303,s0-eth3,0.00,0.00,0.00,0,0,0.00,0.00,0.00,0,0,0.00,0.00,0,0
1432850303,total,364020.00,364680.00,728700.00,36468,36402,250.00,260.00,510.00,26,25,0.00,0.00,0,0
1432850303,s1-eth1,3960.00,177720.00,181680.00,17772,396,60.00,60.00,120.00,6,6,0.00,0.00,0,0
1432850303,s1-eth2,177720.00,3960.00,181680.00,396,17772,60.00,60.00,120.00,6,6,0.00,0.00,0,0
1432850303,s1-eth3,0.00,0.00,0.00,0,0,0.00,0.00,0.00,0,0,0.00,0.00,0,0
1432850303,s0,0.00,0.00,0.00,0,0,0.00,0.00,0.00,0,0,0.00,0.00,0,0
1432850303,eth0,0.00,0.00,0.00,0,0,0.00,0.00,0.00,0,0,0.00,0.00,0,0
1432850303,lo,0.00,0.00,0.00,0,0,0.00,0.00,0.00,0,0,0.00,0.00,0,0
1432850303,s1,0.00,0.00,0.00,0,0,0.00,0.00,0.00,0,0,0.00,0.00,0,0
1432850303,s0-eth1,177720.00,3960.00,181680.00,396,17772,60.00,60.00,120.00,6,6,0.00,0.00,0,0
1432850303,s0-eth2,4620.00,207340.00,211960.00,20734,462,70.00,70.00,140.00,7,7,0.00,0.00,0,0
1432850303,s0-eth3,0.00,0.00,0.00,0,0,0.00,0.00,0.00,0,0,0.00,0.00,0,0
1432850303,total,364020.00,392980.00,757000.00,39298,36402,250.00,250.00,500.00,25,25,0.00,0.00,0,0
1432850303,s1-eth1,3960.00,177720.00,181680.00,17772,396,60.00,60.00,120.00,6,6,0.00,0.00,0,0
1432850303,s1-eth2,177720.00,3960.00,181680.00,396,17772,60.00,60.00,120.00,6,6,0.00,0.00,0,0
1432850303,s1-eth3,0.00,0.00,0.00,0,0,0.00,0.00,0.00,0,0,0.00,0.00,0,0
1432850303,s0,0.00,0.00,0.00,0,0,0.00,0.00,0.00,0,0,0.00,0.00,0,0
1432850303,eth0,0.00,0.00,0.00,0,0,0.00,0.00,0.00,0,0,0.00,0.00,0,0
1432850303,lo,0.00,0.00,0.00,0,0,0.00,0.00,0.00,0,0,0.00,0.00,0,0
1432850303,s1,0.00,0.00,0.00,0,0,0.00,0.00,0.00,0,0,0.00,0.00,0,0
1432850303,s0-eth1,177720.00,3960.00,181680.00,396,17772,60.00,60.00,120.00,6,6,0.00,0.00,0,0
1432850303,s0-eth2,3960.00,177720.00,181680.00,17772,396,60.00,60.00,120.00,6,6,0.00,0.00,0,0
1432850303,s0-eth3,0.00,0.00,0.00,0,0,0.00,0.00,0.00,0,0,0.00,0.00,0,0
1432850303,total,363360.00,363360.00,726720.00,36336,36336,240.00,240.00,480.00,24,24,0.00,0.00,0,0
1432850303,s1-eth1,3960.00,207340.00,211300.00,20734,396,60.00,70.00,130.00,7,6,0.00,0.00,0,0
1432850303,s1-eth2,177720.00,3960.00,181680.00,396,17772,60.00,60.00,120.00,6,6,0.00,0.00,0,0
1432850303,s1-eth3,0.00,0.00,0.00,0,0,0.00,0.00,0.00,0,0,0.00,0.00,0,0
1432850303,s0,0.00,0.00,0.00,0,0,0.00,0.00,0.00,0,0,0.00,0.00,0,0
1432850303,eth0,0.00,0.00,0.00,0,0,0.00,0.00,0.00,0,0,0.00,0.00,0,0
1432850303,lo,0.00,0.00,0.00,0,0,0.00,0.00,0.00,0,0,0.00,0.00,0,0
1432850303,s1,0.00,0.00,0.00,0,0,0.00,0.00,0.00,0,0,0.00,0.00,0,0
1432850303,s0-eth1,207340.00,3960.00,211300.00,396,20734,70.00,60.00,130.00,6,7,0.00,0.00,0,0
1432850303,s0-eth2,3960.00,177720.00,181680.00,17772,396,60.00,60.00,120.00,6,6,0.00,0.00,0,0
1432850303,s0-eth3,0.00,0.00,0.00,0,0,0.00,0.00,0.00,0,0,0.00,0.00,0,0
1432850303,total,392980.00,392980.00,785960.00,39298,39298,250.00,250.00,500.00,25,25,0.00,0.00,0,0
1432850303,s1-eth1,3960.00,177720.00,181680.00,17772,396,60.00,60.00,120.00,6,6,0.00,0.00,0,0
1432850303,s1-eth2,207340.00,4620.00,211960.00,462,20734,70.00,70.00,140.00,7,7,0.00,0.00,0,0
1432850303,s1-eth3,0.00,0.00,0.00,0,0,0.00,0.00,0.00,0,0,0.00,0.00,0,0
1432850303,s0,0.00,0.00,0.00,0,0,0.00,0.00,0.00,0,0,0.00,0.00,0,0
1432850303,eth0,0.00,0.00,0.00,0,0,0.00,0.00,0.00,0,0,0.00,0.00,0,0
1432850303,lo,0.00,0.00,0.00,0,0,0.00,0.00,0.00,0,0,0.00,0.00,0,0
1432850303,s1,0.00,0.00,0.00,0,0,0.00,0.00,0.00,0,0,0.00,0.00,0,0
1432850303,s0-eth1,177720.00,3960.00,181680.00,396,17772,60.00,60.00,120.00,6,6,0.00,0.00,0,0
1432850303,s0-eth2,3960.00,177720.00,181680.00,17772,396,60.00,60.00,120.00,6,6,0.00,0.00,0,0
1432850303,s0-eth3,0.00,0.00,0.00,0,0,0.00,0.00,0.00,0,0,0.00,0.00,0,0
1432850303,total,392980.00,364020.00,757000.00,36402,39298,250.00,250.00,500.00,25,25,0.00,0.00,0,0
1432850303,s1-eth1,4620.00,177720.00,182340.00,17772,462,70.00,60.00,130.00,6,7,0.00,0.00,0,0
1432850303,s1-eth2,177720.00,3960.00,181680.00,396,17772,60.00,60.00,120.00,6,6,0.00,0.00,0,0
1432850303,s1-eth3,0.00,0.00,0.00,0,0,0.00,0.00,0.00,0,0,0.00,0.00,0,0
1432850303,s0,0.00,0.00,0.00,0,0,0.00,0.00,0.00,0,0,0.00,0.00,0,0
1432850303,eth0,0.00,0.00,0.00,0,0,0.00,0.00,0.00,0,0,0.00,0.00,0,0
1432850303,lo,0.00,0.00,0.00,0,0,0.00,0.00,0.00,0,0,0.00,0.00,0,0
1432850303,s1,0.00,0.00,0.00,0,0,0.00,0.00,0.00,0,0,0.00,0.00,0,0
1432850303,s0-eth1,177720.00,4620.00,182340.00,462,17772,60.00,70.00,130.00,7,6,0.00,0.00,0,0
1432850303,s0-eth2,3960.00,207340.00,211300.00,20734,396,60.00,70.00,130.00,7,6,0.00,0.00,0,0
1432850303,s0-eth3,0.00,0.00,0.00,0,0,0.00,0.00,0.00,0,0,0.00,0.00,0,0
1432850303,total,364020.00,393640.00,757660.00,39364,36402,250.00,260.00,510.00,26,25,0.00,0.00,0,0
1432850303,s1-eth1,3960.00,177720.00,181680.00,17772,396,60.00,60.00,120.00,6,6,0.00,0.00,0,0
1432850303,s1-eth2,177720.00,3960.00,181680.00,396,17772,60.00,60.00,120.00,6,6,0.00,0.00,0,0
1432850303,s1-eth3,0.00,0.00,0.00,0,0,0.00,0.00,0.00,0,0,0.00,0.00,0,0
1432850303,s0,0.00,0.00,0.00,0,0,0.00,0.00,0.00,0,0,0.00,0.00,0,0
1432850303,eth0,0.00,0.00,0.00,0,0,0.00,0.00,0.00,0,0,0.00,0.00,0,0
1432850303,lo,0.00,0.00,0.00,0,0,0.00,0.00,0.00,0,0,0.00,0.00,0,0
1432850303,s1,0.00,0.00,0.00,0,0,0.00,0.00,0.00,0,0,0.00,0.00,0,0
1432850303,s0-eth1,177720.00,3960.00,181680.00,396,17772,60.00,60.00,120.00,6,6,0.00,0.00,0,0
1432850303,s0-eth2,4620.00,207340.00,211960.00,20734,462,70.00,70.00,140.00,7,7,0.00,0.00,0,0
1432850303,s0-eth3,0.00,0.00,0.00,0,0,0.00,0.00,0.00,0,0,0.00,0.00,0,0
1432850303,total,364020.00,392980.00,757000.00,39298,36402,250.00,250.00,500.00,25,25,0.00,0.00,0,0
1432850304,s1-eth1,3920.79,175960.41,179881.19,17772,396,59.41,59.41,118.81,6,6,0.00,0.00,0,0
1432850304,s1-eth2,175960.41,3920.79,179881.19,396,17772,59.41,59.41,118.81,6,6,0.00,0.00,0,0
1432850304,s1-eth3,0.00,0.00,0.00,0,0,0.00,0.00,0.00,0,0,0.00,0.00,0,0
1432850304,s0,0.00,0.00,0.00,0,0,0.00,0.00,0.00,0,0,0.00,0.00,0,0
1432850304,eth0,0.00,0.00,0.00,0,0,0.00,0.00,0.00,0,0,0.00,0.00,0,0
1432850304,lo,0.00,0.00,0.00,0,0,0.00,0.00,0.00,0,0,0.00,0.00,0,0
1432850304,s1,0.00,0.00,0.00,0,0,0.00,0.00,0.00,0,0,0.00,0.00,0,0
1432850304,s0-eth1,175960.41,3920.79,179881.19,396,17772,59.41,59.41,118.81,6,6,0.00,0.00,0,0
1432850304,s0-eth2,3920.79,175960.41,179881.19,17772,396,59.41,59.41,118.81,6,6,0.00,0.00,0,0
1432850304,s0-eth3,0.00,0.00,0.00,0,0,0.00,0.00,0.00,0,0,0.00,0.00,0,0
1432850304,total,359762.38,359762.38,719524.75,36336,36336,237.62,237.62,475.25,24,24,0.00,0.00,0,0
1432850304,s1-eth1,3960.00,207340.00,211300.00,20734,396,60.00,70.00,130.00,7,6,0.00,0.00,0,0
1432850304,s1-eth2,177720.00,3960.00,181680.00,396,17772,60.00,60.00,120.00,6,6,0.00,0.00,0,0
1432850304,s1-eth3,0.00,0.00,0.00,0,0,0.00,0.00,0.00,0,0,0.00,0.00,0,0
1432850304,s0,0.00,0.00,0.00,0,0,0.00,0.00,0.00,0,0,0.00,0.00,0,0
1432850304,eth0,0.00,0.00,0.00,0,0,0.00,0.00,0.00,0,0,0.00,0.00,0,0
1432850304,lo,0.00,0.00,0.00,0,0,0.00,0.00,0.00,0,0,0.00,0.00,0,0
1432850304,s1,0.00,0.00,0.00,0,0,0.00,0.00,0.00,0,0,0.00,0.00,0,0
1432850304,s0-eth1,207340.00,3960.00,211300.00,396,20734,70.00,60.00,130.00,6,7,0.00,0.00,0,0
1432850304,s0-eth2,3960.00,177720.00,181680.00,17772,396,60.00,60.00,120.00,6,6,0.00,0.00,0,0
1432850304,s0-eth3,0.00,1417120.00,1417120.00,141712,0,0.00,1360.00,1360.00,136,0,0.00,0.00,0,0
1432850304,total,392980.00,1810100.00,2203080.00,181010,39298,250.00,1610.00,1860.00,161,25,0.00,0.00,0,0
1432850304,s1-eth1,3300.00,160160.00,163460.00,16016,330,50.00,80.00,130.00,8,5,0.00,0.00,0,0
1432850304,s1-eth2,148100.00,3300.00,151400.00,330,14810,50.00,50.00,100.00,5,5,0.00,0.00,0,0
1432850304,s1-eth3,41680.00,0.00,41680.00,0,4168,40.00,0.00,40.00,0,4,0.00,0.00,0,0
1432850304,s0,0.00,0.00,0.00,0,0,0.00,0.00,0.00,0,0,0.00,0.00,0,0
1432850304,eth0,0.00,0.00,0.00,0,0,0.00,0.00,0.00,0,0,0.00,0.00,0,0
1432850304,lo,3440.00,3440.00,6880.00,344,344,60.00,60.00,120.00,6,6,0.00,0.00,0,0
1432850304,s1,0.00,0.00,0.00,0,0,0.00,0.00,0.00,0,0,0.00,0.00,0,0
1432850304,s0-eth1,160160.00,3300.00,163460.00,330,16016,80.00,50.00,130.00,5,8,0.00,0.00,0,0
1432850304,s0-eth2,3300.00,148100.00,151400.00,14810,330,50.00,50.00,100.00,5,5,0.00,0.00,0,0
1432850304,s0-eth3,0.00,1875600.00,1875600.00,187560,0,0.00,1800.00,1800.00,180,0,0.00,0.00,0,0
1432850304,total,359980.00,2193900.00,2553880.00,219390,35998,330.00,2090.00,2420.00,209,33,0.00,0.00,0,0
1432850304,s1-eth1,660.00,185920.00,186580.00,18592,66,10.00,160.00,170.00,16,1,0.00,0.00,0,0
1432850304,s1-eth2,29620.00,660.00,30280.00,66,2962,10.00,10.00,20.00,1,1,0.00,0.00,0,0
1432850304,s1-eth3,156300.00,0.00,156300.00,0,15630,150.00,0.00,150.00,0,15,0.00,0.00,0,0
1432850304,s0,0.00,0.00,0.00,0,0,0.00,0.00,0.00,0,0,0.00,0.00,0,0
1432850304,eth0,0.00,0.00,0.00,0,0,0.00,0.00,0.00,0,0,0.00,0.00,0,0
1432850304,lo,0.00,0.00,0.00,0,0,0.00,0.00,0.00,0,0,0.00,0.00,0,0
1432850304,s1,0.00,0.00,0.00,0,0,0.00,0.00,0.00,0,0,0.00,0.00,0,0
1432850304,s0-eth1,196340.00,660.00,197000.00,66,19634,170.00,10.00,180.00,1,17,0.00,0.00,0,0
1432850304,s0-eth2,660.00,29620.00,30280.00,2962,66,10.00,10.00,20.00,1,1,0.00,0.00,0,0
1432850304,s0-eth3,0.00,1886020.00,1886020.00,188602,0,0.00,1810.00,1810.00,181,0,0.00,0.00,0,0
1432850304,total,383580.00,2102880.00,2486460.00,210288,38358,350.00,2000.00,2350.00,200,35,0.00,0.00,0,0
1432850304,s1-eth1,0.00,197980.00,197980.00,19798,0,0.00,190.00,190.00,19,0,0.00,0.00,0,0
1432850304,s1-eth2,0.00,0.00,0.00,0,0,0.00,0.00,0.00,0,0,0.00,0.00,0,0
1432850304,s1-eth3,187560.00,0.00,187560.00,0,18756,180.00,0.00,180.00,0,18,0.00,0.00,0,0
1432850304,s0,0.00,0.00,0.00,0,0,0.00,0.00,0.00,0,0,0.00,0.00,0,0
1432850304,eth0,0.00,0.00,0.00,0,0,0.00,0.00,0.00,0,0,0.00,0.00,0,0
1432850304,lo,0.00,0.00,0.00,0,0,0.00,0.00,0.00,0,0,0.00,0.00,0,0
1432850304,s1,0.00,0.00,0.00,0,0,0.00,0.00,0.00,0,0,0.00,0.00,0,0
1432850304,s0-eth1,187560.00,0.00,187560.00,0,18756,180.00,0.00,180.00,0,18,0.00,0.00,0,0
1432850304,s0-eth2,0.00,0.00,0.00,0,0,0.00,0.00,0.00,0,0,0.00,0.00,0,0
1432850304,s0-eth3,0.00,1875600.00,1875600.00,187560,0,0.00,1800.00,1800.00,180,0,0.00,0.00,0,0
1432850304,total,375120.00,2073580.00,2448700.00,207358,37512,360.00,1990.00,2350.00,199,36,0.00,0.00,0,0
1432850304,s1-eth1,0.00,187560.00,187560.00,18756,0,0.00,180.00,180.00,18,0,0.00,0.00,0,0
1432850304,s1-eth2,0.00,0.00,0.00,0,0,0.00,0.00,0.00,0,0,0.00,0.00,0,0
1432850304,s1-eth3,187560.00,0.00,187560.00,0,18756,180.00,0.00,180.00,0,18,0.00,0.00,0,0
1432850304,s0,0.00,0.00,0.00,0,0,0.00,0.00,0.00,0,0,0.00,0.00,0,0
1432850304,eth0,0.00,0.00,0.00,0,0,0.00,0.00,0.00,0,0,0.00,0.00,0,0
1432850304,lo,0.00,0.00,0.00,0,0,0.00,0.00,0.00,0,0,0.00,0.00,0,0
1432850304,s1,0.00,0.00,0.00,0,0,0.00,0.00,0.00,0,0,0.00,0.00,0,0
1432850304,s0-eth1,187560.00,0.00,187560.00,0,18756,180.00,0.00,180.00,0,18,0.00,0.00,0,0
1432850304,s0-eth2,0.00,15140.00,15140.00,1514,0,0.00,10.00,10.00,1,0,0.00,0.00,0,0
1432850304,s0-eth3,0.00,1875600.00,1875600.00,187560,0,0.00,1800.00,1800.00,180,0,0.00,0.00,0,0
1432850304,total,375120.00,2078300.00,2453420.00,207830,37512,360.00,1990.00,2350.00,199,36,0.00,0.00,0,0
1432850304,s1-eth1,0.00,187560.00,187560.00,18756,0,0.00,180.00,180.00,18,0,0.00,0.00,0,0
1432850304,s1-eth2,0.00,0.00,0.00,0,0,0.00,0.00,0.00,0,0,0.00,0.00,0,0
1432850304,s1-eth3,187560.00,0.00,187560.00,0,18756,180.00,0.00,180.00,0,18,0.00,0.00,0,0
1432850304,s0,0.00,0.00,0.00,0,0,0.00,0.00,0.00,0,0,0.00,0.00,0,0
1432850304,eth0,0.00,0.00,0.00,0,0,0.00,0.00,0.00,0,0,0.00,0.00,0,0
1432850304,lo,0.00,0.00,0.00,0,0,0.00,0.00,0.00,0,0,0.00,0.00,0,0
1432850304,s1,0.00,0.00,0.00,0,0,0.00,0.00,0.00,0,0,0.00,0.00,0,0
1432850304,s0-eth1,187560.00,0.00,187560.00,0,18756,180.00,0.00,180.00,0,18,0.00,0.00,0,0
1432850304,s0-eth2,0.00,0.00,0.00,0,0,0.00,0.00,0.00,0,0,0.00,0.00,0,0
1432850304,s0-eth3,0.00,1886020.00,1886020.00,188602,0,0.00,1810.00,1810.00,181,0,0.00,0.00,0,0
1432850304,total,375120.00,2073580.00,2448700.00,207358,37512,360.00,1990.00,2350.00,199,36,0.00,0.00,0,0
1432850304,s1-eth1,0.00,187560.00,187560.00,18756,0,0.00,180.00,180.00,18,0,0.00,0.00,0,0
1432850304,s1-eth2,0.00,0.00,0.00,0,0,0.00,0.00,0.00,0,0,0.00,0.00,0,0
1432850304,s1-eth3,187560.00,0.00,187560.00,0,18756,180.00,0.00,180.00,0,18,0.00,0.00,0,0
1432850304,s0,0.00,0.00,0.00,0,0,0.00,0.00,0.00,0,0,0.00,0.00,0,0
1432850304,eth0,0.00,0.00,0.00,0,0,0.00,0.00,0.00,0,0,0.00,0.00,0,0
1432850304,lo,0.00,0.00,0.00,0,0,0.00,0.00,0.00,0,0,0.00,0.00,0,0
1432850304,s1,0.00,0.00,0.00,0,0,0.00,0.00,0.00,0,0,0.00,0.00,0,0
1432850304,s0-eth1,187560.00,0.00,187560.00,0,18756,180.00,0.00,180.00,0,18,0.00,0.00,0,0
1432850304,s0-eth2,0.00,0.00,0.00,0,0,0.00,0.00,0.00,0,0,0.00,0.00,0,0
1432850304,s0-eth3,0.00,145880.00,145880.00,14588,0,0.00,140.00,140.00,14,0,0.00,0.00,0,0
1432850304,total,375120.00,333440.00,708560.00,33344,37512,360.00,320.00,680.00,32,36,0.00,0.00,0,0
1432850304,s1-eth1,0.00,72940.00,72940.00,7294,0,0.00,70.00,70.00,7,0,0.00,0.00,0,0
1432850304,s1-eth2,0.00,0.00,0.00,0,0,0.00,0.00,0.00,0,0,0.00,0.00,0,0
1432850304,s1-eth3,83360.00,0.00,83360.00,0,8336,80.00,0.00,80.00,0,8,0.00,0.00,0,0
1432850304,s0,0.00,0.00,0.00,0,0,0.00,0.00,0.00,0,0,0.00,0.00,0,0
1432850304,eth0,0.00,0.00,0.00,0,0,0.00,0.00,0.00,0,0,0.00,0.00,0,0
1432850304,lo,0.00,0.00,0.00,0,0,0.00,0.00,0.00,0,0,0.00,0.00,0,0
1432850304,s1,0.00,0.00,0.00,0,0,0.00,0.00,0.00,0,0,0.00,0.00,0,0
1432850304,s0-eth1,72940.00,0.00,72940.00,0,7294,70.00,0.00,70.00,0,7,0.00,0.00,0,0
1432850304,s0-eth2,0.00,0.00,0.00,0,0,0.00,0.00,0.00,0,0,0.00,0.00,0,0
1432850304,s0-eth3,0.00,0.00,0.00,0,0,0.00,0.00,0.00,0,0,0.00,0.00,0,0
1432850304,total,156300.00,72940.00,229240.00,7294,15630,150.00,70.00,220.00,7,15,0.00,0.00,0,0
1432850304,s1-eth1,3000.00,75040.00,78040.00,7504,300,40.00,40.00,80.00,4,4,0.00,0.00,0,0
1432850304,s1-eth2,75040.00,3000.00,78040.00,300,7504,40.00,40.00,80.00,4,4,0.00,0.00,0,0
1432850304,s1-eth3,0.00,0.00,0.00,0,0,0.00,0.00,0.00,0,0,0.00,0.00,0,0
1432850304,s0,0.00,0.00,0.00,0,0,0.00,0.00,0.00,0,0,0.00,0.00,0,0
1432850304,eth0,0.00,0.00,0.00,0,0,0.00,0.00,0.00,0,0,0.00,0.00,0,0
1432850304,lo,0.00,0.00,0.00,0,0,0.00,0.00,0.00,0,0,0.00,0.00,0,0
1432850304,s1,0.00,0.00,0.00,0,0,0.00,0.00,0.00,0,0,0.00,0.00,0,0
1432850304,s0-eth1,75040.00,3000.00,78040.00,300,7504,40.00,40.00,80.00,4,4,0.00,0.00,0,0
1432850304,s0-eth2,3000.00,105320.00,108320.00,10532,300,40.00,60.00,100.00,6,4,0.00,0.00,0,0
1432850304,s0-eth3,0.00,0.00,0.00,0,0,0.00,0.00,0.00,0,0,0.00,0.00,0,0
1432850304,total,156080.00,186360.00,342440.00,18636,15608,160.00,180.00,340.00,18,16,0.00,0.00,0,0
1432850305,s1-eth1,9267.33,194871.30,204138.62,19682,936,118.81,128.71,247.52,13,12,0.00,0.00,0,0
1432850305,s1-eth2,194871.30,9267.33,204138.62,936,19682,128.71,118.81,247.52,12,13,0.00,0.00,0,0
1432850305,s1-eth3,0.00,0.00,0.00,0,0,0.00,0.00,0.00,0,0,0.00,0.00,0,0
1432850305,s0,0.00,0.00,0.00,0,0,0.00,0.00,0.00,0,0,0.00,0.00,0,0
1432850305,eth0,0.00,0.00,0.00,0,0,0.00,0.00,0.00,0,0,0.00,0.00,0,0
1432850305,lo,0.00,0.00,0.00,0,0,0.00,0.00,0.00,0,0,0.00,0.00,0,0
1432850305,s1,0.00,0.00,0.00,0,0,0.00,0.00,0.00,0,0,0.00,0.00,0,0
1432850305,s0-eth1,194871.30,9267.33,204138.62,936,19682,128.71,118.81,247.52,12,13,0.00,0.00,0,0
1432850305,s0-eth2,9267.33,314792.09,324059.41,31794,936,118.81,207.92,326.73,21,12,0.00,0.00,0,0
1432850305,s0-eth3,0.00,0.00,0.00,0,0,0.00,0.00,0.00,0,0,0.00,0.00,0,0
1432850305,total,408277.25,528198.06,936475.31,53348,41236,495.05,574.26,1069.31,58,50,0.00,0.00,0,0
1432850305,s1-eth1,6420.00,181680.00,188100.00,18168,642,90.00,120.00,210.00,12,9,0.00,0.00,0,0
1432850305,s1-eth2,181680.00,6420.00,188100.00,642,18168,120.00,90.00,210.00,9,12,0.00,0.00,0,0
1432850305,s1-eth3,0.00,0.00,0.00,0,0,0.00,0.00,0.00,0,0,0.00,0.00,0,0
1432850305,s0,0.00,0.00,0.00,0,0,0.00,0.00,0.00,0,0,0.00,0.00,0,0
1432850305,eth0,0.00,0.00,0.00,0,0,0.00,0.00,0.00,0,0,0.00,0.00,0,0
1432850305,lo,0.00,0.00,0.00,0,0,0.00,0.00,0.00,0,0,0.00,0.00,0,0
1432850305,s1,0.00,0.00,0.00,0,0,0.00,0.00,0.00,0,0,0.00,0.00,0,0
1432850305,s0-eth1,181680.00,6420.00,188100.00,642,18168,120.00,90.00,210.00,9,12,0.00,0.00,0,0
1432850305,s0-eth2,5760.00,179040.00,184800.00,17904,576,80.00,80.00,160.00,8,8,0.00,0.00,0,0
1432850305,s0-eth3,0.00,0.00,0.00,0,0,0.00,0.00,0.00,0,0,0.00,0.00,0,0
1432850305,total,375540.00,373560.00,749100.00,37356,37554,410.00,380.00,790.00,38,41,0.00,0.00,0,0
1432850305,s1-eth1,4500.00,208000.00,212500.00,20800,450,70.00,80.00,150.00,8,7,0.00,0.00,0,0
1432850305,s1-eth2,208000.00,4500.00,212500.00,450,20800,80.00,70.00,150.00,7,8,0.00,0.00,0,0
1432850305,s0,0.00,0.00,0.00,0,0,0.00,0.00,0.00,0,0,0.00,0.00,0,0
1432850305,eth0,6920.00,0.00,6920.00,0,692,60.00,0.00,60.00,0,6,0.00,0.00,0,0
1432850305,lo,3120.00,3120.00,6240.00,312,312,60.00,60.00,120.00,6,6,0.00,0.00,0,0
1432850305,s1,0.00,0.00,0.00,0,0,0.00,0.00,0.00,0,0,0.00,0.00,0,0
1432850305,s0-eth1,208000.00,4500.00,212500.00,450,20800,80.00,70.00,150.00,7,8,0.00,0.00,0,0
1432850305,s0-eth2,5160.00,178380.00,183540.00,17838,516,80.00,70.00,150.00,7,8,0.00,0.00,0,0
1432850305,s0-eth3,0.00,0.00,0.00,0,0,0.00,0.00,0.00,0,0,0.00,0.00,0,0
1432850305,total,184467440737095516160.00,383620.00,184467440737095516160.00,38362,18446744073708370111,184467440737095483392.00,150.00,184467440737095483392.00,15,18446744073709550423,0.00,0.00,0,0
1432850305,s1-eth1,3780.00,134280.00,138060.00,13428,378,70.00,60.00,130.00,6,7,0.00,0.00,0,0
1432850305,s1-eth2,134280.00,3780.00,138060.00,378,13428,60.00,70.00,130.00,7,6,0.00,0.00,0,0
1432850305,s0,0.00,0.00,0.00,0,0,0.00,0.00,0.00,0,0,0.00,0.00,0,0
1432850305,eth0,0.00,3960.00,3960.00,396,0,0.00,60.00,60.00,6,0,0.00,0.00,0,0
1432850305,lo,0.00,0.00,0.00,0,0,0.00,0.00,0.00,0,0,0.00,0.00,0,0
1432850305,s1,0.00,0.00,0.00,0,0,0.00,0.00,0.00,0,0,0.00,0.00,0,0
1432850305,s0-eth1,134280.00,3780.00,138060.00,378,13428,60.00,70.00,130.00,7,6,0.00,0.00,0,0
1432850305,s0-eth2,3780.00,15140.00,18920.00,1514,378,70.00,10.00,80.00,1,7,0.00,0.00,0,0
1432850305,s0-eth3,0.00,0.00,0.00,0,0,0.00,0.00,0.00,0,0,0.00,0.00,0,0
1432850305,total,276120.00,160940.00,437060.00,16094,27612,260.00,270.00,530.00,27,26,0.00,0.00,0,0
1432850305,s1-eth1,0.00,0.00,0.00,0,0,0.00,0.00,0.00,0,0,0.00,0.00,0,0
1432850305,s1-eth2,0.00,0.00,0.00,0,0,0.00,0.00,0.00,0,0,0.00,0.00,0,0
1432850305,s0,0.00,0.00,0.00,0,0,0.00,0.00,0.00,0,0,0.00,0.00,0,0
1432850305,eth0,0.00,0.00,0.00,0,0,0.00,0.00,0.00,0,0,0.00,0.00,0,0
1432850305,lo,0.00,0.00,0.00,0,0,0.00,0.00,0.00,0,0,0.00,0.00,0,0
1432850305,s1,0.00,0.00,0.00,0,0,0.00,0.00,0.00,0,0,0.00,0.00,0,0
1432850305,s0-eth1,0.00,0.00,0.00,0,0,0.00,0.00,0.00,0,0,0.00,0.00,0,0
1432850305,s0-eth2,0.00,0.00,0.00,0,0,0.00,0.00,0.00,0,0,0.00,0.00,0,0
1432850305,s0-eth3,0.00,0.00,0.00,0,0,0.00,0.00,0.00,0,0,0.00,0.00,0,0
1432850305,total,0.00,0.00,0.00,0,0,0.00,0.00,0.00,0,0,0.00,0.00,0,0
1432850305,s1-eth1,0.00,0.00,0.00,0,0,0.00,0.00,0.00,0,0,0.00,0.00,0,0
1432850305,s0,0.00,0.00,0.00,0,0,0.00,0.00,0.00,0,0,0.00,0.00,0,0
1432850305,eth0,3060.00,1320.00,4380.00,132,306,30.00,20.00,50.00,2,3,0.00,0.00,0,0
1432850305,lo,0.00,0.00,0.00,0,0,0.00,0.00,0.00,0,0,0.00,0.00,0,0
1432850305,s1,0.00,0.00,0.00,0,0,0.00,0.00,0.00,0,0,0.00,0.00,0,0
1432850305,s0-eth1,0.00,0.00,0.00,0,0,0.00,0.00,0.00,0,0,0.00,0.00,0,0
1432850305,total,184467440737095516160.00,184467440737095516160.00,184467440737095516160.00,18446744073688833553,18446744073702537007,184467440737095450624.00,184467440737095319552.00,184467440737095286784.00,18446744073709533654,18446744073709546371,0.00,0.00,0,0
1432850305,eth0,3860.00,1980.00,5840.00,198,386,30.00,30.00,60.00,3,3,0.00,0.00,0,0
1432850305,lo,0.00,0.00,0.00,0,0,0.00,0.00,0.00,0,0,0.00,0.00,0,0
1432850305,total,184467440737095516160.00,184467440737095516160.00,184467440737095516160.00,18446744073701317427,18446744073701323215,184467440737095450624.00,184467440737095450624.00,184467440737095385088.00,18446744073709545207,18446744073709545283,0.00,0.00,0,0
1432850305,eth0,0.00,660.00,660.00,66,0,0.00,10.00,10.00,1,0,0.00,0.00,0,0
1432850305,lo,0.00,0.00,0.00,0,0,0.00,0.00,0.00,0,0,0.00,0.00,0,0
1432850305,total,0.00,660.00,660.00,66,0,0.00,10.00,10.00,1,0,0.00,0.00,0,0
1432850305,eth0,0.00,0.00,0.00,0,0,0.00,0.00,0.00,0,0,0.00,0.00,0,0
1432850305,lo,0.00,0.00,0.00,0,0,0.00,0.00,0.00,0,0,0.00,0.00,0,0
1432850305,total,0.00,0.00,0.00,0,0,0.00,0.00,0.00,0,0,0.00,0.00,0,0
1432850305,eth0,0.00,0.00,0.00,0,0,0.00,0.00,0.00,0,0,0.00,0.00,0,0
1432850305,lo,0.00,0.00,0.00,0,0,0.00,0.00,0.00,0,0,0.00,0.00,0,0
1432850305,total,0.00,0.00,0.00,0,0,0.00,0.00,0.00,0,0,0.00,0.00,0,0
1432850306,eth0,0.00,0.00,0.00,0,0,0.00,0.00,0.00,0,0,0.00,0.00,0,0
1432850306,lo,0.00,0.00,0.00,0,0,0.00,0.00,0.00,0,0,0.00,0.00,0,0
1432850306,total,0.00,0.00,0.00,0,0,0.00,0.00,0.00,0,0,0.00,0.00,0,0
1432850306,eth0,0.00,0.00,0.00,0,0,0.00,0.00,0.00,0,0,0.00,0.00,0,0
1432850306,lo,0.00,0.00,0.00,0,0,0.00,0.00,0.00,0,0,0.00,0.00,0,0
1432850306,total,0.00,0.00,0.00,0,0,0.00,0.00,0.00,0,0,0.00,0.00,0,0
1432850306,eth0,0.00,0.00,0.00,0,0,0.00,0.00,0.00,0,0,0.00,0.00,0,0
1432850306,lo,0.00,0.00,0.00,0,0,0.00,0.00,0.00,0,0,0.00,0.00,0,0
1432850306,total,0.00,0.00,0.00,0,0,0.00,0.00,0.00,0,0,0.00,0.00,0,0
1432850306,eth0,0.00,0.00,0.00,0,0,0.00,0.00,0.00,0,0,0.00,0.00,0,0
1432850306,lo,0.00,0.00,0.00,0,0,0.00,0.00,0.00,0,0,0.00,0.00,0,0
1432850306,total,0.00,0.00,0.00,0,0,0.00,0.00,0.00,0,0,0.00,0.00,0,0
1432850306,eth0,0.00,0.00,0.00,0,0,0.00,0.00,0.00,0,0,0.00,0.00,0,0
1432850306,lo,0.00,0.00,0.00,0,0,0.00,0.00,0.00,0,0,0.00,0.00,0,0
1432850306,total,0.00,0.00,0.00,0,0,0.00,0.00,0.00,0,0,0.00,0.00,0,0
1432850306,eth0,0.00,0.00,0.00,0,0,0.00,0.00,0.00,0,0,0.00,0.00,0,0
1432850306,lo,0.00,0.00,0.00,0,0,0.00,0.00,0.00,0,0,0.00,0.00,0,0
1432850306,total,0.00,0.00,0.00,0,0,0.00,0.00,0.00,0,0,0.00,0.00,0,0
1432850306,eth0,0.00,0.00,0.00,0,0,0.00,0.00,0.00,0,0,0.00,0.00,0,0
1432850306,lo,0.00,0.00,0.00,0,0,0.00,0.00,0.00,0,0,0.00,0.00,0,0
1432850306,total,0.00,0.00,0.00,0,0,0.00,0.00,0.00,0,0,0.00,0.00,0,0
1432850306,eth0,0.00,0.00,0.00,0,0,0.00,0.00,0.00,0,0,0.00,0.00,0,0
1432850306,lo,0.00,0.00,0.00,0,0,0.00,0.00,0.00,0,0,0.00,0.00,0,0
1432850306,total,0.00,0.00,0.00,0,0,0.00,0.00,0.00,0,0,0.00,0.00,0,0
1432850306,eth0,0.00,0.00,0.00,0,0,0.00,0.00,0.00,0,0,0.00,0.00,0,0
1432850306,lo,0.00,0.00,0.00,0,0,0.00,0.00,0.00,0,0,0.00,0.00,0,0
1432850306,total,0.00,0.00,0.00,0,0,0.00,0.00,0.00,0,0,0.00,0.00,0,0
1432850306,eth0,0.00,0.00,0.00,0,0,0.00,0.00,0.00,0,0,0.00,0.00,0,0
1432850306,lo,0.00,0.00,0.00,0,0,0.00,0.00,0.00,0,0,0.00,0.00,0,0
1432850306,total,0.00,0.00,0.00,0,0,0.00,0.00,0.00,0,0,0.00,0.00,0,0
1432850307,eth0,0.00,0.00,0.00,0,0,0.00,0.00,0.00,0,0,0.00,0.00,0,0
1432850307,lo,0.00,0.00,0.00,0,0,0.00,0.00,0.00,0,0,0.00,0.00,0,0
1432850307,total,0.00,0.00,0.00,0,0,0.00,0.00,0.00,0,0,0.00,0.00,0,0
1432850307,eth0,0.00,0.00,0.00,0,0,0.00,0.00,0.00,0,0,0.00,0.00,0,0
1432850307,lo,0.00,0.00,0.0