1432850019,s1-eth1,0.00,0.00,0.00,0,0,0.00,0.00,0.00,0,0,0.00,0.00,0,0
1432850019,s1-eth2,0.00,0.00,0.00,0,0,0.00,0.00,0.00,0,0,0.00,0.00,0,0
1432850019,s1-eth3,0.00,0.00,0.00,0,0,0.00,0.00,0.00,0,0,0.00,0.00,0,0
1432850019,s0,0.00,0.00,0.00,0,0,0.00,0.00,0.00,0,0,0.00,0.00,0,0
1432850019,eth0,0.00,0.00,0.00,0,0,0.00,0.00,0.00,0,0,0.00,0.00,0,0
1432850019,lo,0.00,0.00,0.00,0,0,0.00,0.00,0.00,0,0,0.00,0.00,0,0
1432850019,s1,0.00,0.00,0.00,0,0,0.00,0.00,0.00,0,0,0.00,0.00,0,0
1432850019,s0-eth1,0.00,0.00,0.00,0,0,0.00,0.00,0.00,0,0,0.00,0.00,0,0
1432850019,s0-eth2,0.00,0.00,0.00,0,0,0.00,0.00,0.00,0,0,0.00,0.00,0,0
1432850019,s0-eth3,0.00,0.00,0.00,0,0,0.00,0.00,0.00,0,0,0.00,0.00,0,0
1432850019,total,0.00,0.00,0.00,0,0,0.00,0.00,0.00,0,0,0.00,0.00,0,0
1432850019,s1-eth1,0.00,187560.00,187560.00,18756,0,0.00,180.00,180.00,18,0,0.00,0.00,0,0
1432850019,s1-eth2,0.00,0.00,0.00,0,0,0.00,0.00,0.00,0,0,0.00,0.00,0,0
1432850019,s1-eth3,187560.00,0.00,187560.00,0,18756,180.00,0.00,180.00,0,18,0.00,0.00,0,0
1432850019,s0,0.00,0.00,0.00,0,0,0.00,0.00,0.00,0,0,0.00,0.00,0,0
1432850019,eth0,0.00,0.00,0.00,0,0,0.00,0.00,0.00,0,0,0.00,0.00,0,0
1432850019,lo,0.00,0.00,0.00,0,0,0.00,0.00,0.00,0,0,0.00,0.00,0,0
1432850019,s1,0.00,0.00,0.00,0,0,0.00,0.00,0.00,0,0,0.00,0.00,0,0
1432850019,s0-eth1,197980.00,0.00,197980.00,0,19798,190.00,0.00,190.00,0,19,0.00,0.00,0,0
1432850019,s0-eth2,0.00,0.00,0.00,0,0,0.00,0.00,0.00,0,0,0.00,0.00,0,0
1432850019,s0-eth3,0.00,1875600.00,1875600.00,187560,0,0.00,1800.00,1800.00,180,0,0.00,0.00,0,0
1432850019,total,385540.00,2063160.00,2448700.00,206316,38554,370.00,1980.00,2350.00,198,37,0.00,0.00,0,0
1432850019,s1-eth1,0.00,197980.00,197980.00,19798,0,0.00,190.00,190.00,19,0,0.00,0.00,0,0
1432850019,s1-eth2,0.00,0.00,0.00,0,0,0.00,0.00,0.00,0,0,0.00,0.00,0,0
1432850019,s1-eth3,187560.00,0.00,187560.00,0,18756,180.00,0.00,180.00,0,18,0.00,0.00,0,0
1432850019,s0,0.00,0.00,0.00,0,0,0.00,0.00,0.00,0,0,0.00,0.00,0,0
1432850019,eth0,0.00,0.00,0.00,0,0,0.00,0.00,0.00,0,0,0.00,0.00,0,0
1432850019,lo,0.00,0.00,0.00,0,0,0.00,0.00,0.00,0,0,0.00,0.00,0,0
1432850019,s1,0.00,0.00,0.00,0,0,0.00,0.00,0.00,0,0,0.00,0.00,0,0
1432850019,s0-eth1,187560.00,0.00,187560.00,0,18756,180.00,0.00,180.00,0,18,0.00,0.00,0,0
1432850019,s0-eth2,0.00,15140.00,15140.00,1514,0,0.00,10.00,10.00,1,0,0.00,0.00,0,0
1432850019,s0-eth3,0.00,1886020.00,1886020.00,188602,0,0.00,1810.00,1810.00,181,0,0.00,0.00,0,0
1432850019,total,375120.00,2099140.00,2474260.00,209914,37512,360.00,2010.00,2370.00,201,36,0.00,0.00,0,0
1432850019,s1-eth1,0.00,187560.00,187560.00,18756,0,0.00,180.00,180.00,18,0,0.00,0.00,0,0
1432850019,s1-eth2,0.00,0.00,0.00,0,0,0.00,0.00,0.00,0,0,0.00,0.00,0,0
1432850019,s1-eth3,187560.00,0.00,187560.00,0,18756,180.00,0.00,180.00,0,18,0.00,0.00,0,0
1432850019,s0,0.00,0.00,0.00,0,0,0.00,0.00,0.00,0,0,0.00,0.00,0,0
1432850019,eth0,0.00,0.00,0.00,0,0,0.00,0.00,0.00,0,0,0.00,0.00,0,0
1432850019,lo,0.00,0.00,0.00,0,0,0.00,0.00,0.00,0,0,0.00,0.00,0,0
1432850019,s1,0.00,0.00,0.00,0,0,0.00,0.00,0.00,0,0,0.00,0.00,0,0
1432850019,s0-eth1,187560.00,0.00,187560.00,0,18756,180.00,0.00,180.00,0,18,0.00,0.00,0,0
1432850019,s0-eth2,0.00,0.00,0.00,0,0,0.00,0.00,0.00,0,0,0.00,0.00,0,0
1432850019,s0-eth3,0.00,1875600.00,1875600.00,187560,0,0.00,1800.00,1800.00,180,0,0.00,0.00,0,0
1432850019,total,375120.00,2063160.00,2438280.00,206316,37512,360.00,1980.00,2340.00,198,36,0.00,0.00,0,0
1432850019,s1-eth1,0.00,187560.00,187560.00,18756,0,0.00,180.00,180.00,18,0,0.00,0.00,0,0
1432850019,s1-eth2,0.00,0.00,0.00,0,0,0.00,0.00,0.00,0,0,0.00,0.00,0,0
1432850019,s1-eth3,187560.00,0.00,187560.00,0,18756,180.00,0.00,180.00,0,18,0.00,0.00,0,0
1432850019,s0,0.00,0.00,0.00,0,0,0.00,0.00,0.00,0,0,0.00,0.00,0,0
1432850019,eth0,0.00,0.00,0.00,0,0,0.00,0.00,0.00,0,0,0.00,0.00,0,0
1432850019,lo,0.00,0.00,0.00,0,0,0.00,0.00,0.00,0,0,0.00,0.00,0,0
1432850019,s1,0.00,0.00,0.00,0,0,0.00,0.00,0.00,0,0,0.00,0.00,0,0
1432850019,s0-eth1,187560.00,0.00,187560.00,0,18756,180.00,0.00,180.00,0,18,0.00,0.00,0,0
1432850019,s0-eth2,0.00,0.00,0.00,0,0,0.00,0.00,0.00,0,0,0.00,0.00,0,0
1432850019,s0-eth3,0.00,802760.00,802760.00,80276,0,0.00,780.00,780.00,78,0,0.00,0.00,0,0
1432850019,total,375120.00,990320.00,1365440.00,99032,37512,360.00,960.00,1320.00,96,36,0.00,0.00,0,0
1432850020,s1-eth1,0.00,134118.81,134118.81,13546,0,0.00,128.71,128.71,13,0,0.00,0.00,0,0
1432850020,s1-eth2,0.00,0.00,0.00,0,0,0.00,0.00,0.00,0,0,0.00,0.00,0,0
1432850020,s1-eth3,144435.66,0.00,144435.66,0,14588,138.61,0.00,138.61,0,14,0.00,0.00,0,0
1432850020,s0,0.00,0.00,0.00,0,0,0.00,0.00,0.00,0,0,0.00,0.00,0,0
1432850020,eth0,0.00,0.00,0.00,0,0,0.00,0.00,0.00,0,0,0.00,0.00,0,0
1432850020,lo,0.00,0.00,0.00,0,0,0.00,0.00,0.00,0,0,0.00,0.00,0,0
1432850020,s1,0.00,0.00,0.00,0,0,0.00,0.00,0.00,0,0,0.00,0.00,0,0
1432850020,s0-eth1,134118.81,0.00,134118.81,0,13546,128.71,0.00,128.71,0,13,0.00,0.00,0,0
1432850020,s0-eth2,0.00,0.00,0.00,0,0,0.00,0.00,0.00,0,0,0.00,0.00,0,0
1432850020,s0-eth3,0.00,0.00,0.00,0,0,0.00,0.00,0.00,0,0,0.00,0.00,0,0
1432850020,total,278554.47,134118.81,412673.28,13546,28134,267.33,128.71,396.04,13,27,0.00,0.00,0,0
1432850020,s1-eth1,4560.00,120460.00,125020.00,12046,456,60.00,70.00,130.00,7,6,0.00,0.00,0,0
1432850020,s1-eth2,105320.00,4560.00,109880.00,456,10532,60.00,60.00,120.00,6,6,0.00,0.00,0,0
1432850020,s1-eth3,0.00,0.00,0.00,0,0,0.00,0.00,0.00,0,0,0.00,0.00,0,0
1432850020,s0,0.00,0.00,0.00,0,0,0.00,0.00,0.00,0,0,0.00,0.00,0,0
1432850020,eth0,0.00,0.00,0.00,0,0,0.00,0.00,0.00,0,0,0.00,0.00,0,0
1432850020,lo,0.00,0.00,0.00,0,0,0.00,0.00,0.00,0,0,0.00,0.00,0,0
1432850020,s1,0.00,0.00,0.00,0,0,0.00,0.00,0.00,0,0,0.00,0.00,0,0
1432850020,s0-eth1,120460.00,4560.00,125020.00,456,12046,70.00,60.00,130.00,6,7,0.00,0.00,0,0
1432850020,s0-eth2,4560.00,165880.00,170440.00,16588,456,60.00,100.00,160.00,10,6,0.00,0.00,0,0
1432850020,s0-eth3,0.00,0.00,0.00,0,0,0.00,0.00,0.00,0,0,0.00,0.00,0,0
1432850020,total,234900.00,295460.00,530360.00,29546,23490,250.00,290.00,540.00,29,25,0.00,0.00,0,0
1432850020,s1-eth1,6840.00,179700.00,186540.00,17970,684,100.00,90.00,190.00,9,10,0.00,0.00,0,0
1432850020,s1-eth2,194840.00,6840.00,201680.00,684,19484,100.00,100.00,200.00,10,10,0.00,0.00,0,0
1432850020,s1-eth3,0.00,0.00,0.00,0,0,0.00,0.00,0.00,0,0,0.00,0.00,0,0
1432850020,s0,0.00,0.00,0.00,0,0,0.00,0.00,0.00,0,0,0.00,0.00,0,0
1432850020,eth0,0.00,0.00,0.00,0,0,0.00,0.00,0.00,0,0,0.00,0.00,0,0
1432850020,lo,0.00,0.00,0.00,0,0,0.00,0.00,0.00,0,0,0.00,0.00,0,0
1432850020,s1,0.00,0.00,0.00,0,0,0.00,0.00,0.00,0,0,0.00,0.00,0,0
1432850020,s0-eth1,179700.00,6840.00,186540.00,684,17970,90.00,100.00,190.00,10,9,0.00,0.00,0,0
1432850020,s0-eth2,6840.00,223140.00,229980.00,22314,684,100.00,90.00,190.00,9,10,0.00,0.00,0,0
1432850020,s0-eth3,0.00,0.00,0.00,0,0,0.00,0.00,0.00,0,0,0.00,0.00,0,0
1432850020,total,388220.00,416520.00,804740.00,41652,38822,390.00,380.00,770.00,38,39,0.00,0.00,0,0
1432850020,s1-eth1,3960.00,177720.00,181680.00,17772,396,60.00,60.00,120.00,6,6,0.00,0.00,0,0
1432850020,s1-eth2,177720.00,3960.00,181680.00,396,17772,60.00,60.00,120.00,6,6,0.00,0.00,0,0
1432850020,s1-eth3,0.00,0.00,0.00,0,0,0.00,0.00,0.00,0,0,0.00,0.00,0,0
1432850020,s0,0.00,0.00,0.00,0,0,0.00,0.00,0.00,0,0,0.00,0.00,0,0
1432850020,eth0,0.00,0.00,0.00,0,0,0.00,0.00,0.00,0,0,0.00,0.00,0,0
1432850020,lo,0.00,0.00,0.00,0,0,0.00,0.00,0.00,0,0,0.00,0.00,0,0
1432850020,s1,0.00,0.00,0.00,0,0,0.00,0.00,0.00,0,0,0.00,0.00,0,0
1432850020,s0-eth1,177720.00,3960.00,181680.00,396,17772,60.00,60.00,120.00,6,6,0.00,0.00,0,0
1432850020,s0-eth2,3960.00,177720.00,181680.00,17772,396,60.00,60.00,120.00,6,6,0.00,0.00,0,0
1432850020,s0-eth3,0.00,0.00,0.00,0,0,0.00,0.00,0.00,0,0,0.00,0.00,0,0
1432850020,total,363360.00,363360.00,726720.00,36336,36336,240.00,240.00,480.00,24,24,0.00,0.00,0,0
1432850020,s1-eth1,4380.00,207760.00,212140.00,20776,438,70.00,80.00,150.00,8,7,0.00,0.00,0,0
1432850020,s1-eth2,177720.00,3960.00,181680.00,396,17772,60.00,60.00,120.00,6,6,0.00,0.00,0,0
1432850020,s1-eth3,420.00,420.00,840.00,42,42,10.00,10.00,20.00,1,1,0.00,0.00,0,0
1432850020,s0,0.00,0.00,0.00,0,0,0.00,0.00,0.00,0,0,0.00,0.00,0,0
1432850020,eth0,0.00,0.00,0.00,0,0,0.00,0.00,0.00,0,0,0.00,0.00,0,0
1432850020,lo,0.00,0.00,0.00,0,0,0.00,0.00,0.00,0,0,0.00,0.00,0,0
1432850020,s1,0.00,0.00,0.00,0,0,0.00,0.00,0.00,0,0,0.00,0.00,0,0
1432850020,s0-eth1,207760.00,4380.00,212140.00,438,20776,80.00,70.00,150.00,7,8,0.00,0.00,0,0
1432850020,s0-eth2,3960.00,207340.00,211300.00,20734,396,60.00,70.00,130.00,7,6,0.00,0.00,0,0
1432850020,s0-eth3,420.00,420.00,840.00,42,42,10.00,10.00,20.00,1,1,0.00,0.00,0,0
1432850020,total,394660.00,424280.00,818940.00,42428,39466,290.00,300.00,590.00,30,29,0.00,0.00,0,0
1432850020,s1-eth1,3960.00,177720.00,181680.00,17772,396,60.00,60.00,120.00,6,6,0.00,0.00,0,0
1432850020,s1-eth2,207340.00,4620.00,211960.00,462,20734,70.00,70.00,140.00,7,7,0.00,0.00,0,0
1432850020,s1-eth3,0.00,0.00,0.00,0,0,0.00,0.00,0.00,0,0,0.00,0.00,0,0
1432850020,s0,0.00,0.00,0.00,0,0,0.00,0.00,0.00,0,0,0.00,0.00,0,0
1432850020,eth0,0.00,0.00,0.00,0,0,0.00,0.00,0.00,0,0,0.00,0.00,0,0
1432850020,lo,0.00,0.00,0.00,0,0,0.00,0.00,0.00,0,0,0.00,0.00,0,0
1432850020,s1,0.00,0.00,0.00,0,0,0.00,0.00,0.00,0,0,0.00,0.00,0,0
1432850020,s0-eth1,177720.00,3960.00,181680.00,396,17772,60.00,60.00,120.00,6,6,0.00,0.00,0,0
1432850020,s0-eth2,3960.00,177720.00,181680.00,17772,396,60.00,60.00,120.00,6,6,0.00,0.00,0,0
1432850020,s0-eth3,0.00,239660.00,239660.00,23966,0,0.00,230.00,230.00,23,0,0.00,0.00,0,0
1432850020,total,392980.00,603680.00,996660.00,60368,39298,250.00,480.00,730.00,48,25,0.00,0.00,0,0
1432850020,s1-eth1,2640.00,172220.00,174860.00,17222,264,40.00,110.00,150.00,11,4,0.00,0.00,0,0
1432850020,s1-eth2,88860.00,1980.00,90840.00,198,8886,30.00,30.00,60.00,3,3,0.00,0.00,0,0
1432850020,s1-eth3,83360.00,0.00,83360.00,0,8336,80.00,0.00,80.00,0,8,0.00,0.00,0,0
1432850020,s0,0.00,0.00,0.00,0,0,0.00,0.00,0.00,0,0,0.00,0.00,0,0
1432850020,eth0,0.00,0.00,0.00,0,0,0.00,0.00,0.00,0,0,0.00,0.00,0,0
1432850020,lo,0.00,0.00,0.00,0,0,0.00,0.00,0.00,0,0,0.00,0.00,0,0
1432850020,s1,0.00,0.00,0.00,0,0,0.00,0.00,0.00,0,0,0.00,0.00,0,0
1432850020,s0-eth1,172220.00,2640.00,174860.00,264,17222,110.00,40.00,150.00,4,11,0.00,0.00,0,0
1432850020,s0-eth2,2640.00,118480.00,121120.00,11848,264,40.00,40.00,80.00,4,4,0.00,0.00,0,0
1432850020,s0-eth3,0.00,1875600.00,1875600.00,187560,0,0.00,1800.00,1800.00,180,0,0.00,0.00,0,0
1432850020,total,349720.00,2170920.00,2520640.00,217092,34972,300.00,2020.00,2320.00,202,30,0.00,0.00,0,0
1432850020,s1-eth1,0.00,187560.00,187560.00,18756,0,0.00,180.00,180.00,18,0,0.00,0.00,0,0
1432850020,s1-eth2,0.00,0.00,0.00,0,0,0.00,0.00,0.00,0,0,0.00,0.00,0,0
1432850020,s1-eth3,187560.00,0.00,187560.00,0,18756,180.00,0.00,180.00,0,18,0.00,0.00,0,0
1432850020,s0,0.00,0.00,0.00,0,0,0.00,0.00,0.00,0,0,0.00,0.00,0,0
1432850020,eth0,0.00,0.00,0.00,0,0,0.00,0.00,0.00,0,0,0.00,0.00,0,0
1432850020,lo,0.00,0.00,0.00,0,0,0.00,0.00,0.00,0,0,0.00,0.00,0,0
1432850020,s1,0.00,0.00,0.00,0,0,0.00,0.00,0.00,0,0,0.00,0.00,0,0
1432850020,s0-eth1,187560.00,0.00,187560.00,0,18756,180.00,0.00,180.00,0,18,0.00,0.00,0,0
1432850020,s0-eth2,0.00,15140.00,15140.00,1514,0,0.00,10.00,10.00,1,0,0.00,0.00,0,0
1432850020,s0-eth3,0.00,1886020.00,1886020.00,188602,0,0.00,1810.00,1810.00,181,0,0.00,0.00,0,0
1432850020,total,375120.00,2088720.00,2463840.00,208872,37512,360.00,2000.00,2360.00,200,36,0.00,0.00,0,0
1432850020,s1-eth1,0.00,187560.00,187560.00,18756,0,0.00,180.00,180.00,18,0,0.00,0.00,0,0
1432850020,s1-eth2,0.00,0.00,0.00,0,0,0.00,0.00,0.00,0,0,0.00,0.00,0,0
1432850020,s1-eth3,187560.00,0.00,187560.00,0,18756,180.00,0.00,180.00,0,18,0.00,0.00,0,0
1432850020,s0,0.00,0.00,0.00,0,0,0.00,0.00,0.00,0,0,0.00,0.00,0,0
1432850020,eth0,0.00,0.00,0.00,0,0,0.00,0.00,0.00,0,0,0.00,0.00,0,0
1432850020,lo,0.00,0.00,0.00,0,0,0.00,0.00,0.00,0,0,0.00,0.00,0,0
1432850020,s1,0.00,0.00,0.00,0,0,0.00,0.00,0.00,0,0,0.00,0.00,0,0
1432850020,s0-eth1,187560.00,0.00,187560.00,0,18756,180.00,0.00,180.00,0,18,0.00,0.00,0,0
1432850020,s0-eth2,0.00,0.00,0.00,0,0,0.00,0.00,0.00,0,0,0.00,0.00,0,0
1432850020,s0-eth3,0.00,1875600.00,1875600.00,187560,0,0.00,1800.00,1800.00,180,0,0.00,0.00,0,0
1432850020,total,375120.00,2063160.00,2438280.00,206316,37512,360.00,1980.00,2340.00,198,36,0.00,0.00,0,0
1432850020,s1-eth1,0.00,187560.00,187560.00,18756,0,0.00,180.00,180.00,18,0,0.00,0.00,0,0
1432850020,s1-eth2,0.00,0.00,0.00,0,0,0.00,0.00,0.00,0,0,0.00,0.00,0,0
1432850020,s1-eth3,187560.00,0.00,187560.00,0,18756,180.00,0.00,180.00,0,18,0.00,0.00,0,0
1432850020,s0,0.00,0.00,0.00,0,0,0.00,0.00,0.00,0,0,0.00,0.00,0,0
1432850020,eth0,0.00,0.00,0.00,0,0,0.00,0.00,0.00,0,0,0.00,0.00,0,0
1432850020,lo,0.00,0.00,0.00,0,0,0.00,0.00,0.00,0,0,0.00,0.00,0,0
1432850020,s1,0.00,0.00,0.00,0,0,0.00,0.00,0.00,0,0,0.00,0.00,0,0
1432850020,s0-eth1,187560.00,0.00,187560.00,0,18756,180.00,0.00,180.00,0,18,0.00,0.00,0,0
1432850020,s0-eth2,0.00,0.00,0.00,0,0,0.00,0.00,0.00,0,0,0.00,0.00,0,0
1432850020,s0-eth3,0.00,1886020.00,1886020.00,188602,0,0.00,1810.00,1810.00,181,0,0.00,0.00,0,0
1432850020,total,375120.00,2073580.00,2448700.00,207358,37512,360.00,1990.00,2350.00,199,36,0.00,0.00,0,0
1432850021,s1-eth1,0.00,185702.98,185702.98,18756,0,0.00,178.22,178.22,18,0,0.00,0.00,0,0
1432850021,s1-eth2,0.00,0.00,0.00,0,0,0.00,0.00,0.00,0,0,0.00,0.00,0,0
1432850021,s1-eth3,185702.98,0.00,185702.98,0,18756,178.22,0.00,178.22,0,18,0.00,0.00,0,0
1432850021,s0,0.00,0.00,0.00,0,0,0.00,0.00,0.00,0,0,0.00,0.00,0,0
1432850021,eth0,0.00,0.00,0.00,0,0,0.00,0.00,0.00,0,0,0.00,0.00,0,0
1432850021,lo,0.00,0.00,0.00,0,0,0.00,0.00,0.00,0,0,0.00,0.00,0,0
1432850021,s1,0.00,0.00,0.00,0,0,0.00,0.00,0.00,0,0,0.00,0.00,0,0
1432850021,s0-eth1,185702.98,0.00,185702.98,0,18756,178.22,0.00,178.22,0,18,0.00,0.00,0,0
1432850021,s0-eth2,0.00,14990.10,14990.10,1514,0,0.00,9.90,9.90,1,0,0.00,0.00,0,0
1432850021,s0-eth3,0.00,1857029.75,1857029.75,187560,0,0.00,1782.18,1782.18,180,0,0.00,0.00,0,0
1432850021,total,371405.97,2057722.88,2429128.75,207830,37512,356.44,1970.30,2326.73,199,36,0.00,0.00,0,0
1432850021,s1-eth1,0.00,187560.00,187560.00,18756,0,0.00,180.00,180.00,18,0,0.00,0.00,0,0
1432850021,s1-eth2,0.00,0.00,0.00,0,0,0.00,0.00,0.00,0,0,0.00,0.00,0,0
1432850021,s1-eth3,187560.00,0.00,187560.00,0,18756,180.00,0.00,180.00,0,18,0.00,0.00,0,0
1432850021,s0,0.00,0.00,0.00,0,0,0.00,0.00,0.00,0,0,0.00,0.00,0,0
1432850021,eth0,0.00,0.00,0.00,0,0,0.00,0.00,0.00,0,0,0.00,0.00,0,0
1432850021,lo,0.00,0.00,0.00,0,0,0.00,0.00,0.00,0,0,0.00,0.00,0,0
1432850021,s1,0.00,0.00,0.00,0,0,0.00,0.00,0.00,0,0,0.00,0.00,0,0
1432850021,s0-eth1,187560.00,0.00,187560.00,0,18756,180.00,0.00,180.00,0,18,0.00,0.00,0,0
1432850021,s0-eth2,0.00,0.00,0.00,0,0,0.00,0.00,0.00,0,0,0.00,0.00,0,0
1432850021,s0-eth3,0.00,1323340.00,1323340.00,132334,0,0.00,1270.00,1270.00,127,0,0.00,0.00,0,0
1432850021,total,375120.00,1510900.00,1886020.00,151090,37512,360.00,1450.00,1810.00,145,36,0.00,0.00,0,0
1432850021,s1-eth1,0.00,187560.00,187560.00,18756,0,0.00,180.00,180.00,18,0,0.00,0.00,0,0
1432850021,s1-eth2,0.00,0.00,0.00,0,0,0.00,0.00,0.00,0,0,0.00,0.00,0,0
1432850021,s1-eth3,187560.00,0.00,187560.00,0,18756,180.00,0.00,180.00,0,18,0.00,0.00,0,0
1432850021,s0,0.00,0.00,0.00,0,0,0.00,0.00,0.00,0,0,0.00,0.00,0,0
1432850021,eth0,0.00,0.00,0.00,0,0,0.00,0.00,0.00,0,0,0.00,0.00,0,0
1432850021,lo,0.00,0.00,0.00,0,0,0.00,0.00,0.00,0,0,0.00,0.00,0,0
1432850021,s1,0.00,0.00,0.00,0,0,0.00,0.00,0.00,0,0,0.00,0.00,0,0
1432850021,s0-eth1,187560.00,0.00,187560.00,0,18756,180.00,0.00,180.00,0,18,0.00,0.00,0,0
1432850021,s0-eth2,0.00,0.00,0.00,0,0,0.00,0.00,0.00,0,0,0.00,0.00,0,0
1432850021,s0-eth3,0.00,0.00,0.00,0,0,0.00,0.00,0.00,0,0,0.00,0.00,0,0
1432850021,total,375120.00,187560.00,562680.00,18756,37512,360.00,180.00,540.00,18,36,0.00,0.00,0,0
1432850021,s1-eth1,0.00,10420.00,10420.00,1042,0,0.00,10.00,10.00,1,0,0.00,0.00,0,0
1432850021,s1-eth2,0.00,0.00,0.00,0,0,0.00,0.00,0.00,0,0,0.00,0.00,0,0
1432850021,s1-eth3,10420.00,0.00,10420.00,0,1042,10.00,0.00,10.00,0,1,0.00,0.00,0,0
1432850021,s0,0.00,0.00,0.00,0,0,0.00,0.00,0.00,0,0,0.00,0.00,0,0
1432850021,eth0,0.00,0.00,0.00,0,0,0.00,0.00,0.00,0,0,0.00,0.00,0,0
1432850021,lo,0.00,0.00,0.00,0,0,0.00,0.00,0.00,0,0,0.00,0.00,0,0
1432850021,s1,0.00,0.00,0.00,0,0,0.00,0.00,0.00,0,0,0.00,0.00,0,0
1432850021,s0-eth1,10420.00,0.00,10420.00,0,1042,10.00,0.00,10.00,0,1,0.00,0.00,0,0
1432850021,s0-eth2,0.00,0.00,0.00,0,0,0.00,0.00,0.00,0,0,0.00,0.00,0,0
1432850021,s0-eth3,0.00,0.00,0.00,0,0,0.00,0.00,0.00,0,0,0.00,0.00,0,0
1432850021,total,20840.00,10420.00,31260.00,1042,2084,20.00,10.00,30.00,1,2,0.00,0.00,0,0
1432850021,s1-eth1,0.00,0.00,0.00,0,0,0.00,0.00,0.00,0,0,0.00,0.00,0,0
1432850021,s1-eth2,0.00,0.00,0.00,0,0,0.00,0.00,0.00,0,0,0.00,0.00,0,0
1432850021,s1-eth3,0.00,0.00,0.00,0,0,0.00,0.00,0.00,0,0,0.00,0.00,0,0
1432850021,s0,0.00,0.00,0.00,0,0,0.00,0.00,0.00,0,0,0.00,0.00,0,0
1432850021,eth0,0.00,0.00,0.00,0,0,0.00,0.00,0.00,0,0,0.00,0.00,0,0
1432850021,lo,0.00,0.00,0.00,0,0,0.00,0.00,0.00,0,0,0.00,0.00,0,0
1432850021,s1,0.00,0.00,0.00,0,0,0.00,0.00,0.00,0,0,0.00,0.00,0,0
1432850021,s0-eth1,0.00,0.00,0.00,0,0,0.00,0.00,0.00,0,0,0.00,0.00,0,0
1432850021,s0-eth2,0.00,0.00,0.00,0,0,0.00,0.00,0.00,0,0,0.00,0.00,0,0
1432850021,s0-eth3,0.00,0.00,0.00,0,0,0.00,0.00,0.00,0,0,0.00,0.00,0,0
1432850021,total,0.00,0.00,0.00,0,0,0.00,0.00,0.00,0,0,0.00,0.00,0,0
1432850021,s1-eth1,8100.00,181020.00,189120.00,18102,810,110.00,110.00,220.00,11,11,0.00,0.00,0,0
1432850021,s1-eth2,181020.00,8100.00,189120.00,810,18102,110.00,110.00,220.00,11,11,0.00,0.00,0,0
1432850021,s1-eth3,0.00,0.00,0.00,0,0,0.00,0.00,0.00,0,0,0.00,0.00,0,0
1432850021,s0,0.00,0.00,0.00,0,0,0.00,0.00,0.00,0,0,0.00,0.00,0,0
1432850021,eth0,0.00,0.00,0.00,0,0,0.00,0.00,0.00,0,0,0.00,0.00,0,0
1432850021,lo,0.00,0.00,0.00,0,0,0.00,0.00,0.00,0,0,0.00,0.00,0,0
1432850021,s1,0.00,0.00,0.00,0,0,0.00,0.00,0.00,0,0,0.00,0.00,0,0
1432850021,s0-eth1,181020.00,8100.00,189120.00,810,18102,110.00,110.00,220.00,11,11,0.00,0.00,0,0
1432850021,s0-eth2,7440.00,240920.00,248360.00,24092,744,100.00,140.00,240.00,14,10,0.00,0.00,0,0
1432850021,s0-eth3,0.00,0.00,0.00,0,0,0.00,0.00,0.00,0,0,0.00,0.00,0,0
1432850021,total,377580.00,438140.00,815720.00,43814,37758,430.00,470.00,900.00,47,43,0.00,0.00,0,0
1432850021,s1-eth1,4620.00,208000.00,212620.00,20800,462,70.00,80.00,150.00,8,7,0.00,0.00,0,0
1432850021,s1-eth2,208000.00,4620.00,212620.00,462,20800,80.00,70.00,150.00,7,8,0.00,0.00,0,0
1432850021,s1-eth3,0.00,0.00,0.00,0,0,0.00,0.00,0.00,0,0,0.00,0.00,0,0
1432850021,s0,0.00,0.00,0.00,0,0,0.00,0.00,0.00,0,0,0.00,0.00,0,0
1432850021,eth0,0.00,0.00,0.00,0,0,0.00,0.00,0.00,0,0,0.00,0.00,0,0
1432850021,lo,0.00,0.00,0.00,0,0,0.00,0.00,0.00,0,0,0.00,0.00,0,0
1432850021,s1,0.00,0.00,0.00,0,0,0.00,0.00,0.00,0,0,0.00,0.00,0,0
1432850021,s0-eth1,208000.00,4620.00,212620.00,462,20800,80.00,70.00,150.00,7,8,0.00,0.00,0,0
1432850021,s0-eth2,5280.00,207340.00,212620.00,20734,528,80.00,70.00,150.00,7,8,0.00,0.00,0,0
1432850021,s0-eth3,0.00,0.00,0.00,0,0,0.00,0.00,0.00,0,0,0.00,0.00,0,0
1432850021,total,425900.00,424580.00,850480.00,42458,42590,310.00,290.00,600.00,29,31,0.00,0.00,0,0
1432850021,s1-eth1,4620.00,177720.00,182340.00,17772,462,70.00,60.00,130.00,6,7,0.00,0.00,0,0
1432850021,s1-eth2,177720.00,4620.00,182340.00,462,17772,60.00,70.00,130.00,7,6,0.00,0.00,0,0
1432850021,s1-eth3,0.00,0.00,0.00,0,0,0.00,0.00,0.00,0,0,0.00,0.00,0,0
1432850021,s0,0.00,0.00,0.00,0,0,0.00,0.00,0.00,0,0,0.00,0.00,0,0
1432850021,eth0,0.00,0.00,0.00,0,0,0.00,0.00,0.00,0,0,0.00,0.00,0,0
1432850021,lo,0.00,0.00,0.00,0,0,0.00,0.00,0.00,0,0,0.00,0.00,0,0
1432850021,s1,0.00,0.00,0.00,0,0,0.00,0.00,0.00,0,0,0.00,0.00,0,0
1432850021,s0-eth1,177720.00,4620.00,182340.00,462,17772,60.00,70.00,130.00,7,6,0.00,0.00,0,0
1432850021,s0-eth2,3960.00,177720.00,181680.00,17772,396,60.00,60.00,120.00,6,6,0.00,0.00,0,0
1432850021,s0-eth3,0.00,0.00,0.00,0,0,0.00,0.00,0.00,0,0,0.00,0.00,0,0
1432850021,total,364020.00,364680.00,728700.00,36468,36402,250.00,260.00,510.00,26,25,0.00,0.00,0,0
1432850021,s1-eth1,1980.00,172220.00,174200.00,17222,198,30.00,110.00,140.00,11,3,0.00,0.00,0,0
1432850021,s1-eth2,88860.00,1980.00,90840.00,198,8886,30.00,30.00,60.00,3,3,0.00,0.00,0,0
1432850021,s1-eth3,83360.00,0.00,83360.00,0,8336,80.00,0.00,80.00,0,8,0.00,0.00,0,0
1432850021,s0,0.00,0.00,0.00,0,0,0.00,0.00,0.00,0,0,0.00,0.00,0,0
1432850021,eth0,0.00,0.00,0.00,0,0,0.00,0.00,0.00,0,0,0.00,0.00,0,0
1432850021,lo,0.00,0.00,0.00,0,0,0.00,0.00,0.00,0,0,0.00,0.00,0,0
1432850021,s1,0.00,0.00,0.00,0,0,0.00,0.00,0.00,0,0,0.00,0.00,0,0
1432850021,s0-eth1,172220.00,1980.00,174200.00,198,17222,110.00,30.00,140.00,3,11,0.00,0.00,0,0
1432850021,s0-eth2,2640.00,148100.00,150740.00,14810,264,40.00,50.00,90.00,5,4,0.00,0.00,0,0
1432850021,s0-eth3,0.00,1594260.00,1594260.00,159426,0,0.00,1530.00,1530.00,153,0,0.00,0.00,0,0
1432850021,total,349060.00,1918540.00,2267600.00,191854,34906,290.00,1750.00,2040.00,175,29,0.00,0.00,0,0
1432850021,s1-eth1,1320.00,184280.00,185600.00,18428,132,20.00,140.00,160.00,14,2,0.00,0.00,0,0
1432850021,s1-eth2,59240.00,1320.00,60560.00,132,5924,20.00,20.00,40.00,2,2,0.00,0.00,0,0
1432850021,s1-eth3,125040.00,0.00,125040.00,0,12504,120.00,0.00,120.00,0,12,0.00,0.00,0,0
1432850021,s0,0.00,0.00,0.00,0,0,0.00,0.00,0.00,0,0,0.00,0.00,0,0
1432850021,eth0,0.00,0.00,0.00,0,0,0.00,0.00,0.00,0,0,0.00,0.00,0,0
1432850021,lo,0.00,0.00,0.00,0,0,0.00,0.00,0.00,0,0,0.00,0.00,0,0
1432850021,s1,0.00,0.00,0.00,0,0,0.00,0.00,0.00,0,0,0.00,0.00,0,0
1432850021,s0-eth1,184280.00,1320.00,185600.00,132,18428,140.00,20.00,160.00,2,14,0.00,0.00,0,0
1432850021,s0-eth2,1320.00,59240.00,60560.00,5924,132,20.00,20.00,40.00,2,2,0.00,0.00,0,0
1432850021,s0-eth3,0.00,1886020.00,1886020.00,188602,0,0.00,1810.00,1810.00,181,0,0.00,0.00,0,0
1432850021,total,371200.00,2132180.00,2503380.00,213218,37120,320.00,2010.00,2330.00,201,32,0.00,0.00,0,0
1432850022,s1-eth1,0.00,185702.98,185702.98,18756,0,0.00,178.22,178.22,18,0,0.00,0.00,0,0
1432850022,s1-eth2,0.00,0.00,0.00,0,0,0.00,0.00,0.00,0,0,0.00,0.00,0,0
1432850022,s1-eth3,185702.98,0.00,185702.98,0,18756,178.22,0.00,178.22,0,18,0.00,0.00,0,0
1432850022,s0,0.00,0.00,0.00,0,0,0.00,0.00,0.00,0,0,0.00,0.00,0,0
1432850022,eth0,0.00,0.00,0.00,0,0,0.00,0.00,0.00,0,0,0.00,0.00,0,0
1432850022,lo,0.00,0.00,0.00,0,0,0.00,0.00,0.00,0,0,0.00,0.00,0,0
1432850022,s1,0.00,0.00,0.00,0,0,0.00,0.00,0.00,0,0,0.00,0.00,0,0
1432850022,s0-eth1,185702.98,0.00,185702.98,0,18756,178.22,0.00,178.22,0,18,0.00,0.00,0,0
1432850022,s0-eth2,0.00,14990.10,14990.10,1514,0,0.00,9.90,9.90,1,0,0.00,0.00,0,0
1432850022,s0-eth3,0.00,1857029.75,1857029.75,187560,0,0.00,1782.18,1782.18,180,0,0.00,0.00,0,0
1432850022,total,371405.97,2057722.88,2429128.75,207830,37512,356.44,1970.30,2326.73,199,36,0.00,0.00,0,0
1432850022,s1-eth1,0.00,187560.00,187560.00,18756,0,0.00,180.00,180.00,18,0,0.00,0.00,0,0
1432850022,s1-eth2,0.00,0.00,0.00,0,0,0.00,0.00,0.00,0,0,0.00,0.00,0,0
1432850022,s1-eth3,187560.00,0.00,187560.00,0,18756,180.00,0.00,180.00,0,18,0.00,0.00,0,0
1432850022,s0,0.00,0.00,0.00,0,0,0.00,0.00,0.00,0,0,0.00,0.00,0,0
1432850022,eth0,0.00,0.00,0.00,0,0,0.00,0.00,0.00,0,0,0.00,0.00,0,0
1432850022,lo,0.00,0.00,0.00,0,0,0.00,0.00,0.00,0,0,0.00,0.00,0,0
1432850022,s1,0.00,0.00,0.00,0,0,0.00,0.00,0.00,0,0,0.00,0.00,0,0
1432850022,s0-eth1,187560.00,0.00,187560.00,0,18756,180.00,0.00,180.00,0,18,0.00,0.00,0,0
1432850022,s0-eth2,0.00,0.00,0.00,0,0,0.00,0.00,0.00,0,0,0.00,0.00,0,0
1432850022,s0-eth3,0.00,1886020.00,1886020.00,188602,0,0.00,1810.00,1810.00,181,0,0.00,0.00,0,0
1432850022,total,375120.00,2073580.00,2448700.00,207358,37512,360.00,1990.00,2350.00,199,36,0.00,0.00,0,0
1432850022,s1-eth1,0.00,187560.00,187560.00,18756,0,0.00,180.00,180.00,18,0,0.00,0.00,0,0
1432850022,s1-eth2,0.00,0.00,0.00,0,0,0.00,0.00,0.00,0,0,0.00,0.00,0,0
1432850022,s1-eth3,187560.00,0.00,187560.00,0,18756,180.00,0.00,180.00,0,18,0.00,0.00,0,0
1432850022,s0,0.00,0.00,0.00,0,0,0.00,0.00,0.00,0,0,0.00,0.00,0,0
1432850022,eth0,0.00,0.00,0.00,0,0,0.00,0.00,0.00,0,0,0.00,0.00,0,0
1432850022,lo,0.00,0.00,0.00,0,0,0.00,0.00,0.00,0,0,0.00,0.00,0,0
1432850022,s1,0.00,0.00,0.00,0,0,0.00,0.00,0.00,0,0,0.00,0.00,0,0
1432850022,s0-eth1,187560.00,0.00,187560.00,0,18756,180.00,0.00,180.00,0,18,0.00,0.00,0,0
1432850022,s0-eth2,0.00,15140.00,15140.00,1514,0,0.00,10.00,10.00,1,0,0.00,0.00,0,0
1432850022,s0-eth3,0.00,1875600.00,1875600.00,187560,0,0.00,1800.00,1800.00,180,0,0.00,0.00,0,0
1432850022,total,375120.00,2078300.00,2453420.00,207830,37512,360.00,1990.00,2350.00,199,36,0.00,0.00,0,0
1432850022,s1-eth1,0.00,187560.00,187560.00,18756,0,0.00,180.00,180.00,18,0,0.00,0.00,0,0
1432850022,s1-eth2,0.00,0.00,0.00,0,0,0.00,0.00,0.00,0,0,0.00,0.00,0,0
1432850022,s1-eth3,187560.00,0.00,187560.00,0,18756,180.00,0.00,180.00,0,18,0.00,0.00,0,0
1432850022,s0,0.00,0.00,0.00,0,0,0.00,0.00,0.00,0,0,0.00,0.00,0,0
1432850022,eth0,0.00,0.00,0.00,0,0,0.00,0.00,0.00,0,0,0.00,0.00,0,0
1432850022,lo,0.00,0.00,0.00,0,0,0.00,0.00,0.00,0,0,0.00,0.00,0,0
1432850022,s1,0.00,0.00,0.00,0,0,0.00,0.00,0.00,0,0,0.00,0.00,0,0
1432850022,s0-eth1,187560.00,0.00,187560.00,0,18756,180.00,0.00,180.00,0,18,0.00,0.00,0,0
1432850022,s0-eth2,0.00,0.00,0.00,0,0,0.00,0.00,0.00,0,0,0.00,0.00,0,0
1432850022,s0-eth3,0.00,1844340.00,1844340.00,184434,0,0.00,1770.00,1770.00,177,0,0.00,0.00,0,0
1432850022,total,375120.00,2031900.00,2407020.00,203190,37512,360.00,1950.00,2310.00,195,36,0.00,0.00,0,0
1432850022,s1-eth1,0.00,197980.00,197980.00,19798,0,0.00,190.00,190.00,19,0,0.00,0.00,0,0
1432850022,s1-eth2,0.00,0.00,0.00,0,0,0.00,0.00,0.00,0,0,0.00,0.00,0,0
1432850022,s1-eth3,187560.00,0.00,187560.00,0,18756,180.00,0.00,180.00,0,18,0.00,0.00,0,0
1432850022,s0,0.00,0.00,0.00,0,0,0.00,0.00,0.00,0,0,0.00,0.00,0,0
1432850022,eth0,0.00,0.00,0.00,0,0,0.00,0.00,0.00,0,0,0.00,0.00,0,0
1432850022,lo,0.00,0.00,0.00,0,0,0.00,0.00,0.00,0,0,0.00,0.00,0,0
1432850022,s1,0.00,0.00,0.00,0,0,0.00,0.00,0.00,0,0,0.00,0.00,0,0
1432850022,s0-eth1,197980.00,0.00,197980.00,0,19798,190.00,0.00,190.00,0,19,0.00,0.00,0,0
1432850022,s0-eth2,0.00,0.00,0.00,0,0,0.00,0.00,0.00,0,0,0.00,0.00,0,0
1432850022,s0-eth3,0.00,0.00,0.00,0,0,0.00,0.00,0.00,0,0,0.00,0.00,0,0
1432850022,total,385540.00,197980.00,583520.00,19798,38554,370.00,190.00,560.00,19,37,0.00,0.00,0,0
1432850022,s1-eth1,0.00,52100.00,52100.00,5210,0,0.00,50.00,50.00,5,0,0.00,0.00,0,0
1432850022,s1-eth2,0.00,0.00,0.00,0,0,0.00,0.00,0.00,0,0,0.00,0.00,0,0
1432850022,s1-eth3,62520.00,0.00,62520.00,0,6252,60.00,0.00,60.00,0,6,0.00,0.00,0,0
1432850022,s0,0.00,0.00,0.00,0,0,0.00,0.00,0.00,0,0,0.00,0.00,0,0
1432850022,eth0,0.00,0.00,0.00,0,0,0.00,0.00,0.00,0,0,0.00,0.00,0,0
1432850022,lo,0.00,0.00,0.00,0,0,0.00,0.00,0.00,0,0,0.00,0.00,0,0
1432850022,s1,0.00,0.00,0.00,0,0,0.00,0.00,0.00,0,0,0.00,0.00,0,0
1432850022,s0-eth1,52100.00,0.00,52100.00,0,5210,50.00,0.00,50.00,0,5,0.00,0.00,0,0
1432850022,s0-eth2,0.00,0.00,0.00,0,0,0.00,0.00,0.00,0,0,0.00,0.00,0,0
1432850022,s0-eth3,0.00,0.00,0.00,0,0,0.00,0.00,0.00,0,0,0.00,0.00,0,0
1432850022,total,114620.00,52100.00,166720.00,5210,11462,110.00,50.00,160.00,5,11,0.00,0.00,0,0
1432850022,s1-eth1,2220.00,60560.00,62780.00,6056,222,30.00,40.00,70.00,4,3,0.00,0.00,0,0
1432850022,s1-eth2,60560.00,2220.00,62780.00,222,6056,40.00,30.00,70.00,3,4,0.00,0.00,0,0
1432850022,s1-eth3,0.00,0.00,0.00,0,0,0.00,0.00,0.00,0,0,0.00,0.00,0,0
1432850022,s0,0.00,0.00,0.00,0,0,0.00,0.00,0.00,0,0,0.00,0.00,0,0
1432850022,eth0,0.00,0.00,0.00,0,0,0.00,0.00,0.00,0,0,0.00,0.00,0,0
1432850022,lo,0.00,0.00,0.00,0,0,0.00,0.00,0.00,0,0,0.00,0.00,0,0
1432850022,s1,0.00,0.00,0.00,0,0,0.00,0.00,0.00,0,0,0.00,0.00,0,0
1432850022,s0-eth1,60560.00,2220.00,62780.00,222,6056,40.00,30.00,70.00,3,4,0.00,0.00,0,0
1432850022,s0-eth2,2220.00,75700.00,77920.00,7570,222,30.00,50.00,80.00,5,3,0.00,0.00,0,0
1432850022,s0-eth3,0.00,0.00,0.00,0,0,0.00,0.00,0.00,0,0,0.00,0.00,0,0
1432850022,total,125560.00,140700.00,266260.00,14070,12556,140.00,150.00,290.00,15,14,0.00,0.00,0,0
1432850022,s1-eth1,9420.00,211300.00,220720.00,21130,942,130.00,130.00,260.00,13,13,0.00,0.00,0,0
1432850022,s1-eth2,211300.00,9420.00,220720.00,942,21130,130.00,130.00,260.00,13,13,0.00,0.00,0,0
1432850022,s1-eth3,0.00,0.00,0.00,0,0,0.00,0.00,0.00,0,0,0.00,0.00,0,0
1432850022,s0,0.00,0.00,0.00,0,0,0.00,0.00,0.00,0,0,0.00,0.00,0,0
1432850022,eth0,0.00,0.00,0.00,0,0,0.00,0.00,0.00,0,0,0.00,0.00,0,0
1432850022,lo,0.00,0.00,0.00,0,0,0.00,0.00,0.00,0,0,0.00,0.00,0,0
1432850022,s1,0.00,0.00,0.00,0,0,0.00,0.00,0.00,0,0,0.00,0.00,0,0
1432850022,s0-eth1,211300.00,9420.00,220720.00,942,21130,130.00,130.00,260.00,13,13,0.00,0.00,0,0
1432850022,s0-eth2,9420.00,255400.00,264820.00,25540,942,130.00,140.00,270.00,14,13,0.00,0.00,0,0
1432850022,s0-eth3,0.00,0.00,0.00,0,0,0.00,0.00,0.00,0,0,0.00,0.00,0,0
1432850022,total,441440.00,485540.00,926980.00,48554,44144,520.00,530.00,1050.00,53,52,0.00,0.00,0,0
1432850022,s1-eth1,3960.00,177720.00,181680.00,17772,396,60.00,60.00,120.00,6,6,0.00,0.00,0,0
1432850022,s1-eth2,177720.00,4620.00,182340.00,462,17772,60.00,70.00,130.00,7,6,0.00,0.00,0,0
1432850022,s1-eth3,0.00,0.00,0.00,0,0,0.00,0.00,0.00,0,0,0.00,0.00,0,0
1432850022,s0,0.00,0.00,0.00,0,0,0.00,0.00,0.00,0,0,0.00,0.00,0,0
1432850022,eth0,0.00,0.00,0.00,0,0,0.00,0.00,0.00,0,0,0.00,0.00,0,0
1432850022,lo,0.00,0.00,0.00,0,0,0.00,0.00,0.00,0,0,0.00,0.00,0,0
1432850022,s1,0.00,0.00,0.00,0,0,0.00,0.00,0.00,0,0,0.00,0.00,0,0
1432850022,s0-eth1,177720.00,3960.00,181680.00,396,17772,60.00,60.00,120.00,6,6,0.00,0.00,0,0
1432850022,s0-eth2,3960.00,177720.00,181680.00,17772,396,60.00,60.00,120.00,6,6,0.00,0.00,0,0
1432850022,s0-eth3,0.00,0.00,0.00,0,0,0.00,0.00,0.00,0,0,0.00,0.00,0,0
1432850022,total,363360.00,364020.00,727380.00,36402,36336,240.00,250.00,490.00,25,24,0.00,0.00,0,0
1432850022,s1-eth1,4620.00,177720.00,182340.00,17772,462,70.00,60.00,130.00,6,7,0.00,0.00,0,0
1432850022,s1-eth2,177720.00,3960.00,181680.00,396,17772,60.00,60.00,120.00,6,6,0.00,0.00,0,0
1432850022,s1-eth3,0.00,0.00,0.00,0,0,0.00,0.00,0.00,0,0,0.00,0.00,0,0
1432850022,s0,0.00,0.00,0.00,0,0,0.00,0.00,0.00,0,0,0.00,0.00,0,0
1432850022,eth0,0.00,0.00,0.00,0,0,0.00,0.00,0.00,0,0,0.00,0.00,0,0
1432850022,lo,0.00,0.00,0.00,0,0,0.00,0.00,0.00,0,0,0.00,0.00,0,0
1432850022,s1,0.00,0.00,0.00,0,0,0.00,0.00,0.00,0,0,0.00,0.00,0,0
1432850022,s0-eth1,177720.00,4620.00,182340.00,462,17772,60.00,70.00,130.00,7,6,0.00,0.00,0,0
1432850022,s0-eth2,4620.00,207340.00,211960.00,20734,462,70.00,70.00,140.00,7,7,0.00,0.00,0,0
1432850022,s0-eth3,0.00,0.00,0.00,0,0,0.00,0.00,0.00,0,0,0.00,0.00,0,0
1432850022,total,364680.00,393640.00,758320.00,39364,36468,260.00,260.00,520.00,26,26,0.00,0.00,0,0
1432850023,s1-eth1,3920.79,175960.41,179881.19,17772,396,59.41,59.41,118.81,6,6,0.00,0.00,0,0
1432850023,s1-eth2,175960.41,3920.79,179881.19,396,17772,59.41,59.41,118.81,6,6,0.00,0.00,0,0
1432850023,s1-eth3,0.00,0.00,0.00,0,0,0.00,0.00,0.00,0,0,0.00,0.00,0,0
1432850023,s0,0.00,0.00,0.00,0,0,0.00,0.00,0.00,0,0,0.00,0.00,0,0
1432850023,eth0,0.00,0.00,0.00,0,0,0.00,0.00,0.00,0,0,0.00,0.00,0,0
1432850023,lo,0.00,0.00,0.00,0,0,0.00,0.00,0.00,0,0,0.00,0.00,0,0
1432850023,s1,0.00,0.00,0.00,0,0,0.00,0.00,0.00,0,0,0.00,0.00,0,0
1432850023,s0-eth1,175960.41,3920.79,179881.19,396,17772,59.41,59.41,118.81,6,6,0.00,0.00,0,0
1432850023,s0-eth2,3920.79,205287.14,209207.92,20734,396,59.41,69.31,128.71,7,6,0.00,0.00,0,0
1432850023,s0-eth3,0.00,1072950.50,1072950.50,108368,0,0.00,1029.70,1029.70,104,0,0.00,0.00,0,0
1432850023,total,359762.38,1462039.62,1821802.00,147666,36336,237.62,1277.23,1514.85,129,24,0.00,0.00,0,0
1432850023,s1-eth1,660.00,185920.00,186580.00,18592,66,10.00,160.00,170.00,16,1,0.00,0.00,0,0
1432850023,s1-eth2,29620.00,660.00,30280.00,66,2962,10.00,10.00,20.00,1,1,0.00,0.00,0,0
1432850023,s1-eth3,156300.00,0.00,156300.00,0,15630,150.00,0.00,150.00,0,15,0.00,0.00,0,0
1432850023,s0,0.00,0.00,0.00,0,0,0.00,0.00,0.00,0,0,0.00,0.00,0,0
1432850023,eth0,0.00,0.00,0.00,0,0,0.00,0.00,0.00,0,0,0.00,0.00,0,0
1432850023,lo,0.00,0.00,0.00,0,0,0.00,0.00,0.00,0,0,0.00,0.00,0,0
1432850023,s1,0.00,0.00,0.00,0,0,0.00,0.00,0.00,0,0,0.00,0.00,0,0
1432850023,s0-eth1,185920.00,660.00,186580.00,66,18592,160.00,10.00,170.00,1,16,0.00,0.00,0,0
1432850023,s0-eth2,660.00,29620.00,30280.00,2962,66,10.00,10.00,20.00,1,1,0.00,0.00,0,0
1432850023,s0-eth3,0.00,1886020.00,1886020.00,188602,0,0.00,1810.00,1810.00,181,0,0.00,0.00,0,0
1432850023,total,373160.00,2102880.00,2476040.00,210288,37316,340.00,2000.00,2340.00,200,34,0.00,0.00,0,0
1432850023,s1-eth1,0.00,187560.00,187560.00,18756,0,0.00,180.00,180.00,18,0,0.00,0.00,0,0
1432850023,s1-eth2,0.00,0.00,0.00,0,0,0.00,0.00,0.00,0,0,0.00,0.00,0,0
1432850023,s1-eth3,187560.00,0.00,187560.00,0,18756,180.00,0.00,180.00,0,18,0.00,0.00,0,0
1432850023,s0,0.00,0.00,0.00,0,0,0.00,0.00,0.00,0,0,0.00,0.00,0,0
1432850023,eth0,0.00,0.00,0.00,0,0,0.00,0.00,0.00,0,0,0.00,0.00,0,0
1432850023,lo,3440.00,3440.00,6880.00,344,344,60.00,60.00,120.00,6,6,0.00,0.00,0,0
1432850023,s1,0.00,0.00,0.00,0,0,0.00,0.00,0.00,0,0,0.00,0.00,0,0
1432850023,s0-eth1,187560.00,0.00,187560.00,0,18756,180.00,0.00,180.00,0,18,0.00,0.00,0,0
1432850023,s0-eth2,0.00,0.00,0.00,0,0,0.00,0.00,0.00,0,0,0.00,0.00,0,0
1432850023,s0-eth3,0.00,1875600.00,1875600.00,187560,0,0.00,1800.00,1800.00,180,0,0.00,0.00,0,0
1432850023,total,378560.00,2066600.00,2445160.00,206660,37856,420.00,2040.00,2460.00,204,42,0.00,0.00,0,0
1432850023,s1-eth1,0.00,187560.00,187560.00,18756,0,0.00,180.00,180.00,18,0,0.00,0.00,0,0
1432850023,s1-eth2,0.00,0.00,0.00,0,0,0.00,0.00,0.00,0,0,0.00,0.00,0,0
1432850023,s1-eth3,187560.00,0.00,187560.00,0,18756,180.00,0.00,180.00,0,18,0.00,0.00,0,0
1432850023,s0,0.00,0.00,0.00,0,0,0.00,0.00,0.00,0,0,0.00,0.00,0,0
1432850023,eth0,0.00,0.00,0.00,0,0,0.00,0.00,0.00,0,0,0.00,0.00,0,0
1432850023,lo,0.00,0.00,0.00,0,0,0.00,0.00,0.00,0,0,0.00,0.00,0,0
1432850023,s1,0.00,0.00,0.00,0,0,0.00,0.00,0.00,0,0,0.00,0.00,0,0
1432850023,s0-eth1,187560.00,0.00,187560.00,0,18756,180.00,0.00,180.00,0,18,0.00,0.00,0,0
1432850023,s0-eth2,0.00,15140.00,15140.00,1514,0,0.00,10.00,10.00,1,0,0.00,0.00,0,0
1432850023,s0-eth3,0.00,1886020.00,1886020.00,188602,0,0.00,1810.00,1810.00,181,0,0.00,0.00,0,0
1432850023,total,375120.00,2088720.00,2463840.00,208872,37512,360.00,2000.00,2360.00,200,36,0.00,0.00,0,0
1432850023,s1-eth1,0.00,187560.00,187560.00,18756,0,0.00,180.00,180.00,18,0,0.00,0.00,0,0
1432850023,s1-eth2,0.00,0.00,0.00,0,0,0.00,0.00,0.00,0,0,0.00,0.00,0,0
1432850023,s1-eth3,187560.00,0.00,187560.00,0,18756,180.00,0.00,180.00,0,18,0.00,0.00,0,0
1432850023,s0,0.00,0.00,0.00,0,0,0.00,0.00,0.00,0,0,0.00,0.00,0,0
1432850023,eth0,0.00,0.00,0.00,0,0,0.00,0.00,0.00,0,0,0.00,0.00,0,0
1432850023,lo,0.00,0.00,0.00,0,0,0.00,0.00,0.00,0,0,0.00,0.00,0,0
1432850023,s1,0.00,0.00,0.00,0,0,0.00,0.00,0.00,0,0,0.00,0.00,0,0
1432850023,s0-eth1,187560.00,0.00,187560.00,0,18756,180.00,0.00,180.00,0,18,0.00,0.00,0,0
1432850023,s0-eth2,0.00,0.00,0.00,0,0,0.00,0.00,0.00,0,0,0.00,0.00,0,0
1432850023,s0-eth3,0.00,1875600.00,1875600.00,187560,0,0.00,1800.00,1800.00,180,0,0.00,0.00,0,0
1432850023,total,375120.00,2063160.00,2438280.00,206316,37512,360.00,1980.00,2340.00,198,36,0.00,0.00,0,0
1432850023,s1-eth1,0.00,187560.00,187560.00,18756,0,0.00,180.00,180.00,18,0,0.00,0.00,0,0
1432850023,s1-eth2,0.00,0.00,0.00,0,0,0.00,0.00,0.00,0,0,0.00,0.00,0,0
1432850023,s1-eth3,187560.00,0.00,187560.00,0,18756,180.00,0.00,180.00,0,18,0.00,0.00,0,0
1432850023,s0,0.00,0.00,0.00,0,0,0.00,0.00,0.00,0,0,0.00,0.00,0,0
1432850023,eth0,0.00,0.00,0.00,0,0,0.00,0.00,0.00,0,0,0.00,0.00,0,0
1432850023,lo,0.00,0.00,0.00,0,0,0.00,0.00,0.00,0,0,0.00,0.00,0,0
1432850023,s1,0.00,0.00,0.00,0,0,0.00,0.00,0.00,0,0,0.00,0.00,0,0
1432850023,s0-eth1,187560.00,0.00,187560.00,0,18756,180.00,0.00,180.00,0,18,0.00,0.00,0,0
1432850023,s0-eth2,0.00,0.00,0.00,0,0,0.00,0.00,0.00,0,0,0.00,0.00,0,0
1432850023,s0-eth3,0.00,1875600.00,1875600.00,187560,0,0.00,1800.00,1800.00,180,0,0.00,0.00,0,0
1432850023,total,375120.00,2063160.00,2438280.00,206316,37512,360.00,1980.00,2340.00,198,36,0.00,0.00,0,0
1432850023,s1-eth1,0.00,187560.00,187560.00,18756,0,0.00,180.00,180.00,18,0,0.00,0.00,0,0
1432850023,s1-eth2,0.00,0.00,0.00,0,0,0.00,0.00,0.00,0,0,0.00,0.00,0,0
1432850023,s1-eth3,187560.00,0.00,187560.00,0,18756,180.00,0.00,180.00,0,18,0.00,0.00,0,0
1432850023,s0,0.00,0.00,0.00,0,0,0.00,0.00,0.00,0,0,0.00,0.00,0,0
1432850023,eth0,0.00,0.00,0.00,0,0,0.00,0.00,0.00,0,0,0.00,0.00,0,0
1432850023,lo,0.00,0.00,0.00,0,0,0.00,0.00,0.00,0,0,0.00,0.00,0,0
1432850023,s1,0.00,0.00,0.00,0,0,0.00,0.00,0.00,0,0,0.00,0.00,0,0
1432850023,s0-eth1,187560.00,0.00,187560.00,0,18756,180.00,0.00,180.00,0,18,0.00,0.00,0,0
1432850023,s0-eth2,0.00,0.00,0.00,0,0,0.00,0.00,0.00,0,0,0.00,0.00,0,0
1432850023,s0-eth3,0.00,479320.00,479320.00,47932,0,0.00,460.00,460.00,46,0,0.00,0.00,0,0
1432850023,total,375120.00,666880.00,1042000.00,66688,37512,360.00,640.00,1000.00,64,36,0.00,0.00,0,0
1432850023,s1-eth1,660.00,159380.00,160040.00,15938,66,10.00,130.00,140.00,13,1,0.00,0.00,0,0
1432850023,s1-eth2,15140.00,660.00,15800.00,66,1514,10.00,10.00,20.00,1,1,0.00,0.00,0,0
1432850023,s1-eth3,114620.00,0.00,114620.00,0,11462,110.00,0.00,110.00,0,11,0.00,0.00,0,0
1432850023,s0,0.00,0.00,0.00,0,0,0.00,0.00,0.00,0,0,0.00,0.00,0,0
1432850023,eth0,0.00,0.00,0.00,0,0,0.00,0.00,0.00,0,0,0.00,0.00,0,0
1432850023,lo,0.00,0.00,0.00,0,0,0.00,0.00,0.00,0,0,0.00,0.00,0,0
1432850023,s1,0.00,0.00,0.00,0,0,0.00,0.00,0.00,0,0,0.00,0.00,0,0
1432850023,s0-eth1,159380.00,660.00,160040.00,66,15938,130.00,10.00,140.00,1,13,0.00,0.00,0,0
1432850023,s0-eth2,660.00,44760.00,45420.00,4476,66,10.00,20.00,30.00,2,1,0.00,0.00,0,0
1432850023,s0-eth3,0.00,0.00,0.00,0,0,0.00,0.00,0.00,0,0,0.00,0.00,0,0
1432850023,total,290460.00,205460.00,495920.00,20546,29046,270.00,170.00,440.00,17,27,0.00,0.00,0,0
1432850023,s1-eth1,8760.00,196160.00,204920.00,19616,876,120.00,120.00,240.00,12,12,0.00,0.00,0,0
1432850023,s1-eth2,225780.00,9420.00,235200.00,942,22578,130.00,130.00,260.00,13,13,0.00,0.00,0,0
1432850023,s1-eth3,0.00,0.00,0.00,0,0,0.00,0.00,0.00,0,0,0.00,0.00,0,0
1432850023,s0,0.00,0.00,0.00,0,0,0.00,0.00,0.00,0,0,0.00,0.00,0,0
1432850023,eth0,0.00,0.00,0.00,0,0,0.00,0.00,0.00,0,0,0.00,0.00,0,0
1432850023,lo,0.00,0.00,0.00,0,0,0.00,0.00,0.00,0,0,0.00,0.00,0,0
1432850023,s1,0.00,0.00,0.00,0,0,0.00,0.00,0.00,0,0,0.00,0.00,0,0
1432850023,s0-eth1,196160.00,8760.00,204920.00,876,19616,120.00,120.00,240.00,12,12,0.00,0.00,0,0
1432850023,s0-eth2,8760.00,255400.00,264160.00,25540,876,120.00,140.00,260.00,14,12,0.00,0.00,0,0
1432850023,s0-eth3,0.00,0.00,0.00,0,0,0.00,0.00,0.00,0,0,0.00,0.00,0,0
1432850023,total,439460.00,469740.00,909200.00,46974,43946,490.00,510.00,1000.00,51,49,0.00,0.00,0,0
1432850023,s1-eth1,4620.00,177720.00,182340.00,17772,462,70.00,60.00,130.00,6,7,0.00,0.00,0,0
1432850023,s1-eth2,177720.00,3960.00,181680.00,396,17772,60.00,60.00,120.00,6,6,0.00,0.00,0,0
1432850023,s1-eth3,0.00,0.00,0.00,0,0,0.00,0.00,0.00,0,0,0.00,0.00,0,0
1432850023,s0,0.00,0.00,0.00,0,0,0.00,0.00,0.00,0,0,0.00,0.00,0,0
1432850023,eth0,0.00,0.00,0.00,0,0,0.00,0.00,0.00,0,0,0.00,0.00,0,0
1432850023,lo,0.00,0.00,0.00,0,0,0.00,0.00,0.00,0,0,0.00,0.00,0,0
1432850023,s1,0.00,0.00,0.00,0,0,0.00,0.00,0.00,0,0,0.00,0.00,0,0
1432850023,s0-eth1,177720.00,4620.00,182340.00,462,17772,60.00,70.00,130.00,7,6,0.00,0.00,0,0
1432850023,s0-eth2,4620.00,177720.00,182340.00,17772,462,70.00,60.00,130.00,6,7,0.00,0.00,0,0
1432850023,s0-eth3,0.00,0.00,0.00,0,0,0.00,0.00,0.00,0,0,0.00,0.00,0,0
1432850023,total,364680.00,364020.00,728700.00,36402,36468,260.00,250.00,510.00,25,26,0.00,0.00,0,0
1432850024,s1-eth1,3920.79,175960.41,179881.19,17772,396,59.41,59.41,118.81,6,6,0.00,0.00,0,0
1432850024,s1-eth2,175960.41,3920.79,179881.19,396,17772,59.41,59.41,118.81,6,6,0.00,0.00,0,0
1432850024,s1-eth3,0.00,0.00,0.00,0,0,0.00,0.00,0.00,0,0,0.00,0.00,0,0
1432850024,s0,0.00,0.00,0.00,0,0,0.00,0.00,0.00,0,0,0.00,0.00,0,0
1432850024,eth0,0.00,0.00,0.00,0,0,0.00,0.00,0.00,0,0,0.00,0.00,0,0
1432850024,lo,0.00,0.00,0.00,0,0,0.00,0.00,0.00,0,0,0.00,0.00,0,0
1432850024,s1,0.00,0.00,0.00,0,0,0.00,0.00,0.00,0,0,0.00,0.00,0,0
1432850024,s0-eth1,175960.41,3920.79,179881.19,396,17772,59.41,59.41,118.81,6,6,0.00,0.00,0,0
1432850024,s0-eth2,3920.79,234613.88,238534.66,23696,396,59.41,79.21,138.61,8,6,0.00,0.00,0,0
1432850024,s0-eth3,0.00,0.00,0.00,0,0,0.00,0.00,0.00,0,0,0.00,0.00,0,0
1432850024,total,359762.38,418415.84,778178.25,42260,36336,237.62,257.43,495.05,26,24,0.00,0.00,0,0
1432850024,s1-eth1,3960.00,177720.00,181680.00,17772,396,60.00,60.00,120.00,6,6,0.00,0.00,0,0
1432850024,s1-eth2,177720.00,3960.00,181680.00,396,17772,60.00,60.00,120.00,6,6,0.00,0.00,0,0
1432850024,s1-eth3,0.00,0.00,0.00,0,0,0.00,0.00,0.00,0,0,0.00,0.00,0,0
1432850024,s0,0.00,0.00,0.00,0,0,0.00,0.00,0.00,0,0,0.00,0.00,0,0
1432850024,eth0,0.00,0.00,0.00,0,0,0.00,0.00,0.00,0,0,0.00,0.00,0,0
1432850024,lo,0.00,0.00,0.00,0,0,0.00,0.00,0.00,0,0,0.00,0.00,0,0
1432850024,s1,0.00,0.00,0.00,0,0,0.00,0.00,0.00,0,0,0.00,0.00,0,0
1432850024,s0-eth1,177720.00,3960.00,181680.00,396,17772,60.00,60.00,120.00,6,6,0.00,0.00,0,0
1432850024,s0-eth2,3960.00,177720.00,181680.00,17772,396,60.00,60.00,120.00,6,6,0.00,0.00,0,0
1432850024,s0-eth3,0.00,0.00,0.00,0,0,0.00,0.00,0.00,0,0,0.00,0.00,0,0
1432850024,total,363360.00,363360.00,726720.00,36336,36336,240.00,240.00,480.00,24,24,0.00,0.00,0,0
1432850024,s1-eth1,3960.00,207340.00,211300.00,20734,396,60.00,70.00,130.00,7,6,0.00,0.00,0,0
1432850024,s1-eth2,207340.00,3960.00,211300.00,396,20734,70.00,60.00,130.00,6,7,0.00,0.00,0,0
1432850024,s1-eth3,0.00,0.00,0.00,0,0,0.00,0.00,0.00,0,0,0.00,0.00,0,0
1432850024,s0,0.00,0.00,0.00,0,0,0.00,0.00,0.00,0,0,0.00,0.00,0,0
1432850024,eth0,0.00,0.00,0.00,0,0,0.00,0.00,0.00,0,0,0.00,0.00,0,0
1432850024,lo,0.00,0.00,0.00,0,0,0.00,0.00,0.00,0,0,0.00,0.00,0,0
1432850024,s1,0.00,0.00,0.00,0,0,0.00,0.00,0.00,0,0,0.00,0.00,0,0
1432850024,s0-eth1,207340.00,3960.00,211300.00,396,20734,70.00,60.00,130.00,6,7,0.00,0.00,0,0
1432850024,s0-eth2,3960.00,177720.00,181680.00,17772,396,60.00,60.00,120.00,6,6,0.00,0.00,0,0
1432850024,s0-eth3,0.00,562680.00,562680.00,56268,0,0.00,540.00,540.00,54,0,0.00,0.00,0,0
1432850024,total,422600.00,955660.00,1378260.00,95566,42260,260.00,790.00,1050.00,79,26,0.00,0.00,0,0
1432850024,s1-eth1,1980.00,163440.00,165420.00,16344,198,30.00,120.00,150.00,12,3,0.00,0.00,0,0
1432850024,s1-eth2,59240.00,1980.00,61220.00,198,5924,20.00,30.00,50.00,3,2,0.00,0.00,0,0
1432850024,s1-eth3,104200.00,0.00,104200.00,0,10420,100.00,0.00,100.00,0,10,0.00,0.00,0,0
1432850024,s0,0.00,0.00,0.00,0,0,0.00,0.00,0.00,0,0,0.00,0.00,0,0
1432850024,eth0,0.00,0.00,0.00,0,0,0.00,0.00,0.00,0,0,0.00,0.00,0,0
1432850024,lo,0.00,0.00,0.00,0,0,0.00,0.00,0.00,0,0,0.00,0.00,0,0
1432850024,s1,0.00,0.00,0.00,0,0,0.00,0.00,0.00,0,0,0.00,0.00,0,0
1432850024,s0-eth1,163440.00,1980.00,165420.00,198,16344,120.00,30.00,150.00,3,12,0.00,0.00,0,0
1432850024,s0-eth2,1980.00,88860.00,90840.00,8886,198,30.00,30.00,60.00,3,3,0.00,0.00,0,0
1432850024,s0-eth3,0.00,1875600.00,1875600.00,187560,0,0.00,1800.00,1800.00,180,0,0.00,0.00,0,0
1432850024,total,330840.00,2131860.00,2462700.00,213186,33084,300.00,2010.00,2310.00,201,30,0.00,0.00,0,0
1432850024,s1-eth1,0.00,187560.00,187560.00,18756,0,0.00,180.00,180.00,18,0,0.00,0.00,0,0
1432850024,s1-eth2,0.00,0.00,0.00,0,0,0.00,0.00,0.00,0,0,0.00,0.00,0,0
1432850024,s1-eth3,187560.00,0.00,187560.00,0,18756,180.00,0.00,180.00,0,18,0.00,0.00,0,0
1432850024,s0,0.00,0.00,0.00,0,0,0.00,0.00,0.00,0,0,0.00,0.00,0,0
1432850024,eth0,0.00,0.00,0.00,0,0,0.00,0.00,0.00,0,0,0.00,0.00,0,0
1432850024,lo,0.00,0.00,0.00,0,0,0.00,0.00,0.00,0,0,0.00,0.00,0,0
1432850024,s1,0.00,0.00,0.00,0,0,0.00,0.00,0.00,0,0,0.00,0.00,0,0
1432850024,s0-eth1,187560.00,0.00,187560.00,0,18756,180.00,0.00,180.00,0,18,0.00,0.00,0,0
1432850024,s0-eth2,0.00,0.00,0.00,0,0,0.00,0.00,0.00,0,0,0.00,0.00,0,0
1432850024,s0-eth3,0.00,1886020.00,1886020.00,188602,0,0.00,1810.00,1810.00,181,0,0.00,0.00,0,0
1432850024,total,375120.00,2073580.00,2448700.00,207358,37512,360.00,1990.00,2350.00,199,36,0.00,0.00,0,0
1432850024,s1-eth1,0.00,187560.00,187560.00,18756,0,0.00,180.00,180.00,18,0,0.00,0.00,0,0
1432850024,s1-eth2,0.00,0.00,0.00,0,0,0.00,0.00,0.00,0,0,0.00,0.00,0,0
1432850024,s1-eth3,187560.00,0.00,187560.00,0,18756,180.00,0.00,180.00,0,18,0.00,0.00,0,0
1432850024,s0,0.00,0.00,0.00,0,0,0.00,0.00,0.00,0,0,0.00,0.00,0,0
1432850024,eth0,0.00,0.00,0.00,0,0,0.00,0.00,0.00,0,0,0.00,0.00,0,0
1432850024,lo,0.00,0.00,0.00,0,0,0.00,0.00,0.00,0,0,0.00,0.00,0,0
1432850024,s1,0.00,0.00,0.00,0,0,0.00,0.00,0.00,0,0,0.00,0.00,0,0
1432850024,s0-eth1,187560.00,0.00,187560.00,0,18756,180.00,0.00,180.00,0,18,0.00,0.00,0,0
1432850024,s0-eth2,0.00,15140.00,15140.00,1514,0,0.00,10.00,10.00,1,0,0.00,0.00,0,0
1432850024,s0-eth3,0.00,1875600.00,1875600.00,187560,0,0.00,1800.00,1800.00,180,0,0.00,0.00,0,0
1432850024,total,375120.00,2078300.00,2453420.00,207830,37512,360.00,1990.00,2350.00,199,36,0.00,0.00,0,0
1432850024,s1-eth1,0.00,187560.00,187560.00,18756,0,0.00,180.00,180.00,18,0,0.00,0.00,0,0
1432850024,s1-eth2,0.00,0.00,0.00,0,0,0.00,0.00,0.00,0,0,0.00,0.00,0,0
1432850024,s1-eth3,187560.00,0.00,187560.00,0,18756,180.00,0.00,180.00,0,18,0.00,0.00,0,0
1432850024,s0,0.00,0.00,0.00,0,0,0.00,0.00,0.00,0,0,0.00,0.00,0,0
1432850024,eth0,0.00,0.00,0.00,0,0,0.00,0.00,0.00,0,0,0.00,0.00,0,0
1432850024,lo,0.00,0.00,0.00,0,0,0.00,0.00,0.00,0,0,0.00,0.00,0,0
1432850024,s1,0.00,0.00,0.00,0,0,0.00,0.00,0.00,0,0,0.00,0.00,0,0
1432850024,s0-eth1,187560.00,0.00,187560.00,0,18756,180.00,0.00,180.00,0,18,0.00,0.00,0,0
1432850024,s0-eth2,0.00,0.00,0.00,0,0,0.00,0.00,0.00,0,0,0.00,0.00,0,0
1432850024,s0-eth3,0.00,1875600.00,1875600.00,187560,0,0.00,1800.00,1800.00,180,0,0.00,0.00,0,0
1432850024,total,375120.00,2063160.00,2438280.00,206316,37512,360.00,1980.00,2340.00,198,36,0.00,0.00,0,0
1432850024,s1-eth1,0.00,197980.00,197980.00,19798,0,0.00,190.00,190.00,19,0,0.00,0.00,0,0
1432850024,s1-eth2,0.00,0.00,0.00,0,0,0.00,0.00,0.00,0,0,0.00,0.00,0,0
1432850024,s1-eth3,187560.00,0.00,187560.00,0,18756,180.00,0.00,180.00,0,18,0.00,0.00,0,0
1432850024,s0,0.00,0.00,0.00,0,0,0.00,0.00,0.00,0,0,0.00,0.00,0,0
1432850024,eth0,0.00,0.00,0.00,0,0,0.00,0.00,0.00,0,0,0.00,0.00,0,0
1432850024,lo,0.00,0.00,0.00,0,0,0.00,0.00,0.00,0,0,0.00,0.00,0,0
1432850024,s1,0.00,0.00,0.00,0,0,0.00,0.00,0.00,0,0,0.00,0.00,0,0
1432850024,s0-eth1,197980.00,0.00,197980.00,0,19798,190.00,0.00,190.00,0,19,0.00,0.00,0,0
1432850024,s0-eth2,0.00,0.00,0.00,0,0,0.00,0.00,0.00,0,0,0.00,0.00,0,0
1432850024,s0-eth3,0.00,1886020.00,1886020.00,188602,0,0.00,1810.00,1810.00,181,0,0.00,0.00,0,0
1432850024,total,385540.00,2084000.00,2469540.00,208400,38554,370.00,2000.00,2370.00,200,37,0.00,0.00,0,0
1432850024,s1-eth1,0.00,187560.00,187560.00,18756,0,0.00,180.00,180.00,18,0,0.00,0.00,0,0
1432850024,s1-eth2,0.00,0.00,0.00,0,0,0.00,0.00,0.00,0,0,0.00,0.00,0,0
1432850024,s1-eth3,187560.00,0.00,187560.00,0,18756,180.00,0.00,180.00,0,18,0.00,0.00,0,0
1432850024,s0,0.00,0.00,0.00,0,0,0.00,0.00,0.00,0,0,0.00,0.00,0,0
1432850024,eth0,0.00,0.00,0.00,0,0,0.00,0.00,0.00,0,0,0.00,0.00,0,0
1432850024,lo,0.00,0.00,0.00,0,0,0.00,0.00,0.00,0,0,0.00,0.00,0,0
1432850024,s1,0.00,0.00,0.00,0,0,0.00,0.00,0.00,0,0,0.00,0.00,0,0
1432850024,s0-eth1,187560.00,0.00,187560.00,0,18756,180.00,0.00,180.00,0,18,0.00,0.00,0,0
1432850024,s0-eth2,0.00,15140.00,15140.00,1514,0,0.00,10.00,10.00,1,0,0.00,0.00,0,0
1432850024,s0-eth3,0.00,1000320.00,1000320.00,100032,0,0.00,960.00,960.00,96,0,0.00,0.00,0,0
1432850024,total,375120.00,1203020.00,1578140.00,120302,37512,360.00,1150.00,1510.00,115,36,0.00,0.00,0,0
1432850024,s1-eth1,0.00,156300.00,156300.00,15630,0,0.00,150.00,150.00,15,0,0.00,0.00,0,0
1432850024,s1-eth2,0.00,0.00,0.00,0,0,0.00,0.00,0.00,0,0,0.00,0.00,0,0
1432850024,s1-eth3,166720.00,0.00,166720.00,0,16672,160.00,0.00,160.00,0,16,0.00,0.00,0,0
1432850024,s0,0.00,0.00,0.00,0,0,0.00,0.00,0.00,0,0,0.00,0.00,0,0
1432850024,eth0,0.00,0.00,0.00,0,0,0.00,0.00,0.00,0,0,0.00,0.00,0,0
1432850024,lo,0.00,0.00,0.00,0,0,0.00,0.00,0.00,0,0,0.00,0.00,0,0
1432850024,s1,0.00,0.00,0.00,0,0,0.00,0.00,0.00,0,0,0.00,0.00,0,0
1432850024,s0-eth1,156300.00,0.00,156300.00,0,15630,150.00,0.00,150.00,0,15,0.00,0.00,0,0
1432850024,s0-eth2,0.00,0.00,0.00,0,0,0.00,0.00,0.00,0,0,0.00,0.00,0,0
1432850024,s0-eth3,0.00,0.00,0.00,0,0,0.00,0.00,0.00,0,0,0.00,0.00,0,0
1432850024,total,323020.00,156300.00,479320.00,15630,32302,310.00,150.00,460.00,15,31,0.00,0.00,0,0
1432850025,s1-eth1,0.00,0.00,0.00,0,0,0.00,0.00,0.00,0,0,0.00,0.00,0,0
1432850025,s1-eth2,0.00,0.00,0.00,0,0,0.00,0.00,0.00,0,0,0.00,0.00,0,0
1432850025,s1-eth3,0.00,0.00,0.00,0,0,0.00,0.00,0.00,0,0,0.00,0.00,0,0
1432850025,s0,0.00,0.00,0.00,0,0,0.00,0.00,0.00,0,0,0.00,0.00,0,0
1432850025,eth0,0.00,0.00,0.00,0,0,0.00,0.00,0.00,0,0,0.00,0.00,0,0
1432850025,lo,0.00,0.00,0.00,0,0,0.00,0.00,0.00,0,0,0.00,0.00,0,0
1432850025,s1,0.00,0.00,0.00,0,0,0.00,0.00,0.00,0,0,0.00,0.00,0,0
1432850025,s0-eth1,0.00,0.00,0.00,0,0,0.00,0.00,0.00,0,0,0.00,0.00,0,0
1432850025,s0-eth2,0.00,0.00,0.00,0,0,0.00,0.00,0.00,0,0,0.00,0.00,0,0
1432850025,s0-eth3,0.00,0.00,0.00,0,0,0.00,0.00,0.00,0,0,0.00,0.00,0,0
1432850025,total,0.00,0.00,0.00,0,0,0.00,0.00,0.00,0,0,0.00,0.00,0,0
1432850025,s1-eth1,0.00,0.00,0.00,0,0,0.00,0.00,0.00,0,0,0.00,0.00,0,0
1432850025,s1-eth2,0.00,0.00,0.00,0,0,0.00,0.00,0.00,0,0,0.00,0.00,0,0
1432850025,s1-eth3,0.00,0.00,0.00,0,0,0.00,0.00,0.00,0,0,0.00,0.00,0,0
1432850025,s0,0.00,0.00,0.00,0,0,0.00,0.00,0.00,0,0,0.00,0.00,0,0
1432850025,eth0,0.00,0.00,0.00,0,0,0.00,0.00,0.00,0,0,0.00,0.00,0,0
1432850025,lo,0.00,0.00,0.00,0,0,0.00,0.00,0.00,0,0,0.00,0.00,0,0
1432850025,s1,0.00,0.00,0.00,0,0,0.00,0.00,0.00,0,0,0.00,0.00,0,0
1432850025,s0-eth1,0.00,0.00,0.00,0,0,0.00,0.00,0.00,0,0,0.00,0.00,0,0
1432850025,s0-eth2,0.00,0.00,0.00,0,0,0.00,0.00,0.00,0,0,0.00,0.00,0,0
1432850025,s0-eth3,0.00,0.00,0.00,0,0,0.00,0.00,0.00,0,0,0.00,0.00,0,0
1432850025,total,0.00,0.00,0.00,0,0,0.00,0.00,0.00,0,0,0.00,0.00,0,0
1432850025,s1-eth1,0.00,0.00,0.00,0,0,0.00,0.00,0.00,0,0,0.00,0.00,0,0
1432850025,s1-eth2,0.00,0.00,0.00,0,0,0.00,0.00,0.00,0,0,0.00,0.00,0,0
1432850025,s1-eth3,0.00,0.00,0.00,0,0,0.00,0.00,0.00,0,0,0.00,0.00,0,0
1432850025,s0,0.00,0.00,0.00,0,0,0.00,0.00,0.00,0,0,0.00,0.00,0,0
1432850025,eth0,0.00,0.00,0.00,0,0,0.00,0.00,0.00,0,0,0.00,0.00,0,0
1432850025,lo,0.00,0.00,0.00,0,0,0.00,0.00,0.00,0,0,0.00,0.00,0,0
1432850025,s1,0.00,0.00,0.00,0,0,0.00,0.00,0.00,0,0,0.00,0.00,0,0
1432850025,s0-eth1,0.00,0.00,0.00,0,0,0.00,0.00,0.00,0,0,0.00,0.00,0,0
1432850025,s0-eth2,0.00,0.00,0.00,0,0,0.00,0.00,0.00,0,0,0.00,0.00,0,0
1432850025,s0-eth3,0.00,0.00,0.00,0,0,0.00,0.00,0.00,0,0,0.00,0.00,0,0
1432850025,total,0.00,0.00,0.00,0,0,0.00,0.00,0.00,0,0,0.00,0.00,0,0
1432850025,s1-eth1,660.00,15140.00,15800.00,1514,66,10.00,10.00,20.00,1,1,0.00,0.00,0,0
1432850025,s1-eth2,15140.00,660.00,15800.00,66,1514,10.00,10.00,20.00,1,1,0.00,0.00,0,0
1432850025,s1-eth3,0.00,0.00,0.00,0,0,0.00,0.00,0.00,0,0,0.00,0.00,0,0
1432850025,s0,0.00,0.00,0.00,0,0,0.00,0.00,0.00,0,0,0.00,0.00,0,0
1432850025,eth0,0.00,0.00,0.00,0,0,0.00,0.00,0.00,0,0,0.00,0.00,0,0
1432850025,lo,0.00,0.00,0.00,0,0,0.00,0.00,0.00,0,0,0.00,0.00,0,0
1432850025,s1,0.00,0.00,0.00,0,0,0.00,0.00,0.00,0,0,0.00,0.00,0,0
1432850025,s0-eth1,15140.00,660.00,15800.00,66,1514,10.00,10.00,20.00,1,1,0.00,0.00,0,0
1432850025,s0-eth2,0.00,15140.00,15140.00,1514,0,0.00,10.00,10.00,1,0,0.00,0.00,0,0
1432850025,s0-eth3,0.00,0.00,0.00,0,0,0.00,0.00,0.00,0,0,0.00,0.00,0,0
1432850025,total,30940.00,31600.00,62540.00,3160,3094,30.00,40.00,70.00,4,3,0.00,0.00,0,0
1432850025,s1-eth1,8100.00,196160.00,204260.00,19616,810,110.00,120.00,230.00,12,11,0.00,0.00,0,0
1432850025,s1-eth2,196160.00,8760.00,204920.00,876,19616,120.00,120.00,240.00,12,12,0.00,0.00,0,0
1432850025,s1-eth3,0.00,0.00,0.00,0,0,0.00,0.00,0.00,0,0,0.00,0.00,0,0
1432850025,s0,0.00,0.00,0.00,0,0,0.00,0.00,0.00,0,0,0.00,0.00,0,0
1432850025,eth0,0.00,0.00,0.00,0,0,0.00,0.00,0.00,0,0,0.00,0.00,0,0
1432850025,lo,0.00,0.00,0.00,0,0,0.00,0.00,0.00,0,0,0.00,0.00,0,0
1432850025,s1,0.00,0.00,0.00,0,0,0.00,0.00,0.00,0,0,0.00,0.00,0,0
1432850025,s0-eth1,196160.00,8100.00,204260.00,810,19616,120.00,110.00,230.00,11,12,0.00,0.00,0,0
1432850025,s0-eth2,8760.00,255400.00,264160.00,25540,876,120.00,140.00,260.00,14,12,0.00,0.00,0,0
1432850025,s0-eth3,0.00,52100.00,52100.00,5210,0,0.00,50.00,50.00,5,0,0.00,0.00,0,0
1432850025,total,409180.00,520520.00,929700.00,52052,40918,470.00,540.00,1010.00,54,47,0.00,0.00,0,0
1432850025,s1-eth1,1980.00,184280.00,186260.00,18428,198,30.00,140.00,170.00,14,3,0.00,0.00,0,0
1432850025,s1-eth2,59240.00,1320.00,60560.00,132,5924,20.00,20.00,40.00,2,2,0.00,0.00,0,0
1432850025,s1-eth3,125040.00,0.00,125040.00,0,12504,120.00,0.00,120.00,0,12,0.00,0.00,0,0
1432850025,s0,0.00,0.00,0.00,0,0,0.00,0.00,0.00,0,0,0.00,0.00,0,0
1432850025,eth0,0.00,0.00,0.00,0,0,0.00,0.00,0.00,0,0,0.00,0.00,0,0
1432850025,lo,0.00,0.00,0.00,0,0,0.00,0.00,0.00,0,0,0.00,0.00,0,0
1432850025,s1,0.00,0.00,0.00,0,0,0.00,0.00,0.00,0,0,0.00,0.00,0,0
1432850025,s0-eth1,184280.00,1980.00,186260.00,198,18428,140.00,30.00,170.00,3,14,0.00,0.00,0,0
1432850025,s0-eth2,1980.00,104000.00,105980.00,10400,198,30.00,40.00,70.00,4,3,0.00,0.00,0,0
1432850025,s0-eth3,0.00,1875600.00,1875600.00,187560,0,0.00,1800.00,1800.00,180,0,0.00,0.00,0,0
1432850025,total,372520.00,2167180.00,2539700.00,216718,37252,340.00,2030.00,2370.00,203,34,0.00,0.00,0,0
1432850025,s1-eth1,660.00,185920.00,186580.00,18592,66,10.00,160.00,170.00,16,1,0.00,0.00,0,0
1432850025,s1-eth2,29620.00,660.00,30280.00,66,2962,10.00,10.00,20.00,1,1,0.00,0.00,0,0
1432850025,s1-eth3,156300.00,0.00,156300.00,0,15630,150.00,0.00,150.00,0,15,0.00,0.00,0,0
1432850025,s0,0.00,0.00,0.00,0,0,0.00,0.00,0.00,0,0,0.00,0.00,0,0
1432850025,eth0,0.00,0.00,0.00,0,0,0.00,0.00,0.00,0,0,0.00,0.00,0,0
1432850025,lo,0.00,0.00,0.00,0,0,0.00,0.00,0.00,0,0,0.00,0.00,0,0
1432850025,s1,0.00,0.00,0.00,0,0,0.00,0.00,0.00,0,0,0.00,0.00,0,0
1432850025,s0-eth1,185920.00,660.00,186580.00,66,18592,160.00,10.00,170.00,1,16,0.00,0.00,0,0
1432850025,s0-eth2,660.00,15140.00,15800.00,1514,66,10.00,10.00,20.00,1,1,0.00,0.00,0,0
1432850025,s0-eth3,0.00,1886020.00,1886020.00,188602,0,0.00,1810.00,1810.00,181,0,0.00,0.00,0,0
1432850025,total,373160.00,2088400.00,2461560.00,208840,37316,340.00,2000.00,2340.00,200,34,0.00,0.00,0,0
1432850025,s1-eth1,0.00,197980.00,197980.00,19798,0,0.00,190.00,190.00,19,0,0.00,0.00,0,0
1432850025,s1-eth2,0.00,0.00,0.00,0,0,0.00,0.00,0.00,0,0,0.00,0.00,0,0
1432850025,s1-eth3,187560.00,0.00,187560.00,0,18756,180.00,0.00,180.00,0,18,0.00,0.00,0,0
1432850025,s0,0.00,0.00,0.00,0,0,0.00,0.00,0.00,0,0,0.00,0.00,0,0
1432850025,eth0,0.00,0.00,0.00,0,0,0.00,0.00,0.00,0,0,0.00,0.00,0,0
1432850025,lo,0.00,0.00,0.00,0,0,0.00,0.00,0.00,0,0,0.00,0.00,0,0
1432850025,s1,0.00,0.00,0.00,0,0,0.00,0.00,0.00,0,0,0.00,0.00,0,0
1432850025,s0-eth1,197980.00,0.00,197980.00,0,19798,190.00,0.00,190.00,0,19,0.00,0.00,0,0
1432850025,s0-eth2,0.00,15140.00,15140.00,1514,0,0.00,10.00,10.00,1,0,0.00,0.00,0,0
1432850025,s0-eth3,0.00,1875600.00,1875600.00,187560,0,0.00,1800.00,1800.00,180,0,0.00,0.00,0,0
1432850025,total,385540.00,2088720.00,2474260.00,208872,38554,370.00,2000.00,2370.00,200,37,0.00,0.00,0,0
1432850025,s1-eth1,0.00,187560.00,187560.00,18756,0,0.00,180.00,180.00,18,0,0.00,0.00,0,0
1432850025,s1-eth2,0.00,0.00,0.00,0,0,0.00,0.00,0.00,0,0,0.00,0.00,0,0
1432850025,s1-eth3,187560.00,0.00,187560.00,0,18756,180.00,0.00,180.00,0,18,0.00,0.00,0,0
1432850025,s0,0.00,0.00,0.00,0,0,0.00,0.00,0.00,0,0,0.00,0.00,0,0
1432850025,eth0,0.00,0.00,0.00,0,0,0.00,0.00,0.00,0,0,0.00,0.00,0,0
1432850025,lo,0.00,0.00,0.00,0,0,0.00,0.00,0.00,0,0,0.00,0.00,0,0
1432850025,s1,0.00,0.00,0.00,0,0,0.00,0.00,0.00,0,0,0.00,0.00,0,0
1432850025,s0-eth1,187560.00,0.00,187560.00,0,18756,180.00,0.00,180.00,0,18,0.00,0.00,0,0
1432850025,s0-eth2,0.00,15140.00,15140.00,1514,0,0.00,10.00,10.00,1,0,0.00,0.00,0,0
1432850025,s0-eth3,0.00,1886020.00,1886020.00,188602,0,0.00,1810.00,1810.00,181,0,0.00,0.00,0,0
1432850025,total,375120.00,2088720.00,2463840.00,208872,37512,360.00,2000.00,2360.00,200,36,0.00,0.00,0,0
1432850025,s1-eth1,0.00,187560.00,187560.00,18756,0,0.00,180.00,180.00,18,0,0.00,0.00,0,0
1432850025,s1-eth2,0.00,0.00,0.00,0,0,0.00,0.00,0.00,0,0,0.00,0.00,0,0
1432850025,s1-eth3,187560.00,0.00,187560.00,0,18756,180.00,0.00,180.00,0,18,0.00,0.00,0,0
1432850025,s0,0.00,0.00,0.00,0,0,0.00,0.00,0.00,0,0,0.00,0.00,0,0
1432850025,eth0,0.00,0.00,0.00,0,0,0.00,0.00,0.00,0,0,0.00,0.00,0,0
1432850025,lo,0.00,0.00,0.00,0,0,0.00,0.00,0.00,0,0,0.00,0.00,0,0
1432850025,s1,0.00,0.00,0.00,0,0,0.00,0.00,0.00,0,0,0.00,0.00,0,0
1432850025,s0-eth1,187560.00,0.00,187560.00,0,18756,180.00,0.00,180.00,0,18,0.00,0.00,0,0
1432850025,s0-eth2,0.00,0.00,0.00,0,0,0.00,0.00,0.00,0,0,0.00,0.00,0,0
1432850025,s0-eth3,0.00,1875600.00,1875600.00,187560,0,0.00,1800.00,1800.00,180,0,0.00,0.00,0,0
1432850025,total,375120.00,2063160.00,2438280.00,206316,37512,360.00,1980.00,2340.00,198,36,0.00,0.00,0,0
1432850026,s1-eth1,0.00,185702.98,185702.98,18756,0,0.00,178.22,178.22,18,0,0.00,0.00,0,0
1432850026,s1-eth2,0.00,0.00,0.00,0,0,0.00,0.00,0.00,0,0,0.00,0.00,0,0
1432850026,s1-eth3,185702.98,0.00,185702.98,0,18756,178.22,0.00,178.22,0,18,0.00,0.00,0,0
1432850026,s0,0.00,0.00,0.00,0,0,0.00,0.00,0.00,0,0,0.00,0.00,0,0
1432850026,eth0,0.00,0.00,0.00,0,0,0.00,0.00,0.00,0,0,0.00,0.00,0,0
1432850026,lo,0.00,0.00,0.00,0,0,0.00,0.00,0.00,0,0,0.00,0.00,0,0
1432850026,s1,0.00,0.00,0.00,0,0,0.00,0.00,0.00,0,0,0.00,0.00,0,0
1432850026,s0-eth1,185702.98,0.00,185702.98,0,18756,178.22,0.00,178.22,0,18,0.00,0.00,0,0
1432850026,s0-eth2,0.00,0.00,0.00,0,0,0.00,0.00,0.00,0,0,0.00,0.00,0,0
1432850026,s0-eth3,0.00,1495940.62,1495940.62,151090,0,0.00,1435.64,1435.64,145,0,0.00,0.00,0,0
1432850026,total,371405.97,1681643.62,2053049.62,169846,37512,356.44,1613.86,1970.30,163,36,0.00,0.00,0,0
1432850026,s1-eth1,0.00,187560.00,187560.00,18756,0,0.00,180.00,180.00,18,0,0.00,0.00,0,0
1432850026,s1-eth2,0.00,0.00,0.00,0,0,0.00,0.00,0.00,0,0,0.00,0.00,0,0
1432850026,s1-eth3,187560.00,0.00,187560.00,0,18756,180.00,0.00,180.00,0,18,0.00,0.00,0,0
1432850026,s0,0.00,0.00,0.00,0,0,0.00,0.00,0.00,0,0,0.00,0.00,0,0
1432850026,eth0,0.00,0.00,0.00,0,0,0.00,0.00,0.00,0,0,0.00,0.00,0,0
1432850026,lo,0.00,0.00,0.00,0,0,0.00,0.00,0.00,0,0,0.00,0.00,0,0
1432850026,s1,0.00,0.00,0.00,0,0,0.00,0.00,0.00,0,0,0.00,0.00,0,0
1432850026,s0-eth1,187560.00,0.00,187560.00,0,18756,180.00,0.00,180.00,0,18,0.00,0.00,0,0
1432850026,s0-eth2,0.00,15140.00,15140.00,1514,0,0.00,10.00,10.00,1,0,0.00,0.00,0,0
1432850026,s0-eth3,0.00,0.00,0.00,0,0,0.00,0.00,0.00,0,0,0.00,0.00,0,0
1432850026,total,375120.00,202700.00,577820.00,20270,37512,360.00,190.00,550.00,19,36,0.00,0.00,0,0
1432850026,s1-eth1,7440.00,187380.00,194820.00,18738,744,100.00,130.00,230.00,13,10,0.00,0.00,0,0
1432850026,s1-eth2,166540.00,7440.00,173980.00,744,16654,110.00,100.00,210.00,10,11,0.00,0.00,0,0
1432850026,s1-eth3,31260.00,0.00,31260.00,0,3126,30.00,0.00,30.00,0,3,0.00,0.00,0,0
1432850026,s0,0.00,0.00,0.00,0,0,0.00,0.00,0.00,0,0,0.00,0.00,0,0
1432850026,eth0,0.00,0.00,0.00,0,0,0.00,0.00,0.00,0,0,0.00,0.00,0,0
1432850026,lo,0.00,0.00,0.00,0,0,0.00,0.00,0.00,0,0,0.00,0.00,0,0
1432850026,s1,0.00,0.00,0.00,0,0,0.00,0.00,0.00,0,0,0.00,0.00,0,0
1432850026,s0-eth1,187380.00,7440.00,194820.00,744,18738,130.00,100.00,230.00,10,13,0.00,0.00,0,0
1432850026,s0-eth2,7440.00,196160.00,203600.00,19616,744,100.00,120.00,220.00,12,10,0.00,0.00,0,0
1432850026,s0-eth3,0.00,0.00,0.00,0,0,0.00,0.00,0.00,0,0,0.00,0.00,0,0
1432850026,total,400060.00,398420.00,798480.00,39842,40006,470.00,450.00,920.00,45,47,0.00,0.00,0,0
1432850026,s1-eth1,5280.00,192860.00,198140.00,19286,528,80.00,70.00,150.00,7,8,0.00,0.00,0,0
1432850026,s1-eth2,192860.00,5280.00,198140.00,528,19286,70.00,80.00,150.00,8,7,0.00,0.00,0,0
1432850026,s1-eth3,0.00,0.00,0.00,0,0,0.00,0.00,0.00,0,0,0.00,0.00,0,0
1432850026,s0,0.00,0.00,0.00,0,0,0.00,0.00,0.00,0,0,0.00,0.00,0,0
1432850026,eth0,0.00,0.00,0.00,0,0,0.00,0.00,0.00,0,0,0.00,0.00,0,0
1432850026,lo,0.00,0.00,0.00,0,0,0.00,0.00,0.00,0,0,0.00,0.00,0,0
1432850026,s1,0.00,0.00,0.00,0,0,0.00,0.00,0.00,0,0,0.00,0.00,0,0
1432850026,s0-eth1,192860.00,5280.00,198140.00,528,19286,70.00,80.00,150.00,8,7,0.00,0.00,0,0
1432850026,s0-eth2,4620.00,207340.00,211960.00,20734,462,70.00,70.00,140.00,7,7,0.00,0.00,0,0
1432850026,s0-eth3,0.00,0.00,0.00,0,0,0.00,0.00,0.00,0,0,0.00,0.00,0,0
1432850026,total,395620.00,410760.00,806380.00,41076,39562,290.00,300.00,590.00,30,29,0.00,0.00,0,0
1432850026,s1-eth1,3960.00,177720.00,181680.00,17772,396,60.00,60.00,120.00,6,6,0.00,0.00,0,0
1432850026,s1-eth2,177720.00,3960.00,181680.00,396,17772,60.00,60.00,120.00,6,6,0.00,0.00,0,0
1432850026,s1-eth3,0.00,0.00,0.00,0,0,0.00,0.00,0.00,0,0,0.00,0.00,0,0
1432850026,s0,0.00,0.00,0.00,0,0,0.00,0.00,0.00,0,0,0.00,0.00,0,0
1432850026,eth0,0.00,0.00,0.00,0,0,0.00,0.00,0.00,0,0,0.00,0.00,0,0
1432850026,lo,0.00,0.00,0.00,0,0,0.00,0.00,0.00,0,0,0.00,0.00,0,0
1432850026,s1,0.00,0.00,0.00,0,0,0.00,0.00,0.00,0,0,0.00,0.00,0,0
1432850026,s0-eth1,177720.00,3960.00,181680.00,396,17772,60.00,60.00,120.00,6,6,0.00,0.00,0,0
1432850026,s0-eth2,4620.00,207340.00,211960.00,20734,462,70.00,70.00,140.00,7,7,0.00,0.00,0,0
1432850026,s0-eth3,0.00,0.00,0.00,0,0,0.00,0.00,0.00,0,0,0.00,0.00,0,0
1432850026,total,364020.00,392980.00,757000.00,39298,36402,250.00,250.00,500.00,25,25,0.00,0.00,0,0
1432850026,s1-eth1,3960.00,177720.00,181680.00,17772,396,60.00,60.00,120.00,6,6,0.00,0.00,0,0
1432850026,s1-eth2,177720.00,3960.00,181680.00,396,17772,60.00,60.00,120.00,6,6,0.00,0.00,0,0
1432850026,s1-eth3,0.00,0.00,0.00,0,0,0.00,0.00,0.00,0,0,0.00,0.00,0,0
1432850026,s0,0.00,0.00,0.00,0,0,0.00,0.00,0.00,0,0,0.00,0.00,0,0
1432850026,eth0,0.00,0.00,0.00,0,0,0.00,0.00,0.00,0,0,0.00,0.00,0,0
1432850026,lo,0.00,0.00,0.00,0,0,0.00,0.00,0.00,0,0,0.00,0.00,0,0
1432850026,s1,0.00,0.00,0.00,0,0,0.00,0.00,0.00,0,0,0.00,0.00,0,0
1432850026,s0-eth1,177720.00,3960.00,181680.00,396,17772,60.00,60.00,120.00,6,6,0.00,0.00,0,0
1432850026,s0-eth2,3960.00,177720.00,181680.00,17772,396,60.00,60.00,120.00,6,6,0.00,0.00,0,0
1432850026,s0-eth3,0.00,0.00,0.00,0,0,0.00,0.00,0.00,0,0,0.00,0.00,0,0
1432850026,total,363360.00,363360.00,726720.00,36336,36336,240.00,240.00,480.00,24,24,0.00,0.00,0,0
1432850026,s1-eth1,3960.00,207340.00,211300.00,20734,396,60.00,70.00,130.00,7,6,0.00,0.00,0,0
1432850026,s1-eth2,177720.00,3960.00,181680.00,396,17772,60.00,60.00,120.00,6,6,0.00,0.00,0,0
1432850026,s1-eth3,0.00,0.00,0.00,0,0,0.00,0.00,0.00,0,0,0.00,0.00,0,0
1432850026,s0,0.00,0.00,0.00,0,0,0.00,0.00,0.00,0,0,0.00,0.00,0,0
1432850026,eth0,0.00,0.00,0.00,0,0,0.00,0.00,0.00,0,0,0.00,0.00,0,0
1432850026,lo,0.00,0.00,0.00,0,0,0.00,0.00,0.00,0,0,0.00,0.00,0,0
1432850026,s1,0.00,0.00,0.00,0,0,0.00,0.00,0.00,0,0,0.00,0.00,0,0
1432850026,s0-eth1,207340.00,3960.00,211300.00,396,20734,70.00,60.00,130.00,6,7,0.00,0.00,0,0
1432850026,s0-eth2,3960.00,207340.00,211300.00,20734,396,60.00,70.00,130.00,7,6,0.00,0.00,0,0
1432850026,s0-eth3,0.00,0.00,0.00,0,0,0.00,0.00,0.00,0,0,0.00,0.00,0,0
1432850026,total,392980.00,422600.00,815580.00,42260,39298,250.00,260.00,510.00,26,25,0.00,0.00,0,0
1432850026,s1-eth1,3960.00,158520.00,162480.00,15852,396,60.00,60.00,120.00,6,6,0.00,0.00,0,0
1432850026,s1-eth2,177720.00,3960.00,181680.00,396,17772,60.00,60.00,120.00,6,6,0.00,0.00,0,0
1432850026,s1-eth3,10420.00,0.00,10420.00,0,1042,10.00,0.00,10.00,0,1,0.00,0.00,0,0
1432850026,s0,0.00,0.00,0.00,0,0,0.00,0.00,0.00,0,0,0.00,0.00,0,0
1432850026,eth0,0.00,0.00,0.00,0,0,0.00,0.00,0.00,0,0,0.00,0.00,0,0
1432850026,lo,0.00,0.00,0.00,0,0,0.00,0.00,0.00,0,0,0.00,0.00,0,0
1432850026,s1,0.00,0.00,0.00,0,0,0.00,0.00,0.00,0,0,0.00,0.00,0,0
1432850026,s0-eth1,158520.00,3960.00,162480.00,396,15852,60.00,60.00,120.00,6,6,0.00,0.00,0,0
1432850026,s0-eth2,3960.00,177720.00,181680.00,17772,396,60.00,60.00,120.00,6,6,0.00,0.00,0,0
1432850026,s0-eth3,0.00,1427540.00,1427540.00,142754,0,0.00,1370.00,1370.00,137,0,0.00,0.00,0,0
1432850026,total,354580.00,1771700.00,2126280.00,177170,35458,250.00,1610.00,1860.00,161,25,0.00,0.00,0,0
1432850026,s1-eth1,0.00,187560.00,187560.00,18756,0,0.00,180.00,180.00,18,0,0.00,0.00,0,0
1432850026,s1-eth2,0.00,0.00,0.00,0,0,0.00,0.00,0.00,0,0,0.00,0.00,0,0
1432850026,s1-eth3,187560.00,0.00,187560.00,0,18756,180.00,0.00,180.00,0,18,0.00,0.00,0,0
1432850026,s0,0.00,0.00,0.00,0,0,0.00,0.00,0.00,0,0,0.00,0.00,0,0
1432850026,eth0,0.00,0.00,0.00,0,0,0.00,0.00,0.00,0,0,0.00,0.00,0,0
1432850026,lo,0.00,0.00,0.00,0,0,0.00,0.00,0.00,0,0,0.00,0.00,0,0
1432850026,s1,0.00,0.00,0.00,0,0,0.00,0.00,0.00,0,0,0.00,0.00,0,0
1432850026,s0-eth1,187560.00,0.00,187560.00,0,18756,180.00,0.00,180.00,0,18,0.00,0.00,0,0
1432850026,s0-eth2,0.00,15140.00,15140.00,1514,0,0.00,10.00,10.00,1,0,0.00,0.00,0,0
1432850026,s0-eth3,0.00,1875600.00,1875600.00,187560,0,0.00,1800.00,1800.00,180,0,0.00,0.00,0,0
1432850026,total,375120.00,2078300.00,2453420.00,207830,37512,360.00,1990.00,2350.00,199,36,0.00,0.00,0,0
1432850026,s1-eth1,0.00,187560.00,187560.00,18756,0,0.00,180.00,180.00,18,0,0.00,0.00,0,0
1432850026,s1-eth2,0.00,0.00,0.00,0,0,0.00,0.00,0.00,0,0,0.00,0.00,0,0
1432850026,s1-eth3,187560.00,0.00,187560.00,0,18756,180.00,0.00,180.00,0,18,0.00,0.00,0,0
1432850026,s0,0.00,0.00,0.00,0,0,0.00,0.00,0.00,0,0,0.00,0.00,0,0
1432850026,eth0,0.00,0.00,0.00,0,0,0.00,0.00,0.00,0,0,0.00,0.00,0,0
1432850026,lo,0.00,0.00,0.00,0,0,0.00,0.00,0.00,0,0,0.00,0.00,0,0
1432850026,s1,0.00,0.00,0.00,0,0,0.00,0.00,0.00,0,0,0.00,0.00,0,0
1432850026,s0-eth1,187560.00,0.00,187560.00,0,18756,180.00,0.00,180.00,0,18,0.00,0.00,0,0
1432850026,s0-eth2,0.00,0.00,0.00,0,0,0.00,0.00,0.00,0,0,0.00,0.00,0,0
1432850026,s0-eth3,0.00,1886020.00,1886020.00,188602,0,0.00,1810.00,1810.00,181,0,0.00,0.00,0,0
1432850026,total,375120.00,2073580.00,2448700.00,207358,37512,360.00,1990.00,2350.00,199,36,0.00,0.00,0,0
1432850027,s1-eth1,0.00,185702.98,185702.98,18756,0,0.00,178.22,178.22,18,0,0.00,0.00,0,0
1432850027,s1-eth2,0.00,0.00,0.00,0,0,0.00,0.00,0.00,0,0,0.00,0.00,0,0
1432850027,s1-eth3,185702.98,0.00,185702.98,0,18756,178.22,0.00,178.22,0,18,0.00,0.00,0,0
1432850027,s0,0.00,0.00,0.00,0,0,0.00,0.00,0.00,0,0,0.00,0.00,0,0
1432850027,eth0,0.00,0.00,0.00,0,0,0.00,0.00,0.00,0,0,0.00,0.00,0,0
1432850027,lo,0.00,0.00,0.00,0,0,0.00,0.00,0.00,0,0,0.00,0.00,0,0
1432850027,s1,0.00,0.00,0.00,0,0,0.00,0.00,0.00,0,0,0.00,0.00,0,0
1432850027,s0-eth1,185702.98,0.00,185702.98,0,18756,178.22,0.00,178.22,0,18,0.00,0.00,0,0
1432850027,s0-eth2,0.00,0.00,0.00,0,0,0.00,0.00,0.00,0,0,0.00,0.00,0,0
1432850027,s0-eth3,0.00,1857029.75,1857029.75,187560,0,0.00,1782.18,1782.18,180,0,0.00,0.00,0,0
1432850027,total,371405.97,2042732.75,2414138.75,206316,37512,356.44,1960.40,2316.83,198,36,0.00,0.00,0,0
1432850027,s1-eth1,0.00,197980.00,197980.00,19798,0,0.00,190.00,190.00,19,0,0.00,0.00,0,0
1432850027,s1-eth2,0.00,0.00,0.00,0,0,0.00,0.00,0.00,0,0,0.00,0.00,0,0
1432850027,s1-eth3,187560.00,0.00,187560.00,0,18756,180.00,0.00,180.00,0,18,0.00,0.00,0,0
1432850027,s0,0.00,0.00,0.00,0,0,0.00,0.00,0.00,0,0,0.00,0.00,0,0
1432850027,eth0,0.00,0.00,0.00,0,0,0.00,0.00,0.00,0,0,0.00,0.00,0,0
1432850027,lo,0.00,0.00,0.00,0,0,0.00,0.00,0.00,0,0,0.00,0.00,0,0
1432850027,s1,0.00,0.00,0.00,0,0,0.00,0.00,0.00,0,0,0.00,0.00,0,0
1432850027,s0-eth1,197980.00,0.00,197980.00,0,19798,190.00,0.00,190.00,0,19,0.00,0.00,0,0
1432850027,s0-eth2,0.00,15140.00,15140.00,1514,0,0.00,10.00,10.00,1,0,0.00,0.00,0,0
1432850027,s0-eth3,0.00,1886020.00,1886020.00,188602,0,0.00,1810.00,1810.00,181,0,0.00,0.00,0,0
1432850027,total,385540.00,2099140.00,2484680.00,209914,38554,370.00,2010.00,2380.00,201,37,0.00,0.00,0,0
1432850027,s1-eth1,0.00,187560.00,187560.00,18756,0,0.00,180.00,180.00,18,0,0.00,0.00,0,0
1432850027,s1-eth2,0.00,0.00,0.00,0,0,0.00,0.00,0.00,0,0,0.00,0.00,0,0
1432850027,s1-eth3,187560.00,0.00,187560.00,0,18756,180.00,0.00,180.00,0,18,0.00,0.00,0,0
1432850027,s0,0.00,0.00,0.00,0,0,0.00,0.00,0.00,0,0,0.00,0.00,0,0
1432850027,eth0,0.00,0.00,0.00,0,0,0.00,0.00,0.00,0,0,0.00,0.00,0,0
1432850027,lo,0.00,0.00,0.00,0,0,0.00,0.00,0.00,0,0,0.00,0.00,0,0
1432850027,s1,0.00,0.00,0.00,0,0,0.00,0.00,0.00,0,0,0.00,0.00,0,0
1432850027,s0-eth1,187560.00,0.00,187560.00,0,18756,180.00,0.00,180.00,0,18,0.00,0.00,0,0
1432850027,s0-eth2,0.00,0.00,0.00,0,0,0.00,0.00,0.00,0,0,0.00,0.00,0,0
1432850027,s0-eth3,0.00,1875600.00,1875600.00,187560,0,0.00,1800.00,1800.00,180,0,0.00,0.00,0,0
1432850027,total,375120.00,2063160.00,2438280.00,206316,37512,360.00,1980.00,2340.00,198,36,0.00,0.00,0,0
1432850027,s1-eth1,0.00,187560.00,187560.00,18756,0,0.00,180.00,180.00,18,0,0.00,0.00,0,0
1432850027,s1-eth2,0.00,0.00,0.00,0,0,0.00,0.00,0.00,0,0,0.00,0.00,0,0
1432850027,s1-eth3,187560.00,0.00,187560.00,0,18756,180.00,0.00,180.00,0,18,0.00,0.00,0,0
1432850027,s0,0.00,0.00,0.00,0,0,0.00,0.00,0.00,0,0,0.00,0.00,0,0
1432850027,eth0,0.00,0.00,0.00,0,0,0.00,0.00,0.00,0,0,0.00,0.00,0,0
1432850027,lo,0.00,0.00,0.00,0,0,0.00,0.00,0.00,0,0,0.00,0.00,0,0
1432850027,s1,0.00,0.00,0.00,0,0,0.00,0.00,0.00,0,0,0.00,0.00,0,0
1432850027,s0-eth1,187560.00,0.00,187560.00,0,18756,180.00,0.00,180.00,0,18,0.00,0.00,0,0
1432850027,s0-eth2,0.00,0.00,0.00,0,0,0.00,0.00,0.00,0,0,0.00,0.00,0,0
1432850027,s0-eth3,0.00,135460.00,135460.00,13546,0,0.00,130.00,130.00,13,0,0.00,0.00,0,0
1432850027,total,375120.00,323020.00,698140.00,32302,37512,360.00,310.00,670.00,31,36,0.00,0.00,0,0
1432850027,s1-eth1,0.00,72940.00,72940.00,7294,0,0.00,70.00,70.00,7,0,0.00,0.00,0,0
1432850027,s1-eth2,0.00,0.00,0.00,0,0,0.00,0.00,0.00,0,0,0.00,0.00,0,0
1432850027,s1-eth3,83360.00,0.00,83360.00,0,8336,80.00,0.00,80.00,0,8,0.00,0.00,0,0
1432850027,s0,0.00,0.00,0.00,0,0,0.00,0.00,0.00,0,0,0.00,0.00,0,0
1432850027,eth0,0.00,0.00,0.00,0,0,0.00,0.00,0.00,0,0,0.00,0.00,0,0
1432850027,lo,0.00,0.00,0.00,0,0,0.00,0.00,0.00,0,0,0.00,0.00,0,0
1432850027,s1,0.00,0.00,0.00,0,0,0.00,0.00,0.00,0,0,0.00,0.00,0,0
1432850027,s0-eth1,72940.00,0.00,72940.00,0,7294,70.00,0.00,70.00,0,7,0.00,0.00,0,0
1432850027,s0-eth2,0.00,0.00,0.00,0,0,0.00,0.00,0.00,0,0,0.00,0.00,0,0
1432850027,s0-eth3,0.00,0.00,0.00,0,0,0.00,0.00,0.00,0,0,0.00,0.00,0,0
1432850027,total,156300.00,72940.00,229240.00,7294,15630,150.00,70.00,220.00,7,15,0.00,0.00,0,0
1432850027,s1-eth1,1440.00,75040.00,76480.00,7504,144,20.00,40.00,60.00,4,2,0.00,0.00,0,0
1432850027,s1-eth2,59900.00,1440.00,61340.00,144,5990,30.00,20.00,50.00,2,3,0.00,0.00,0,0
1432850027,s1-eth3,0.00,0.00,0.00,0,0,0.00,0.00,0.00,0,0,0.00,0.00,0,0
1432850027,s0,0.00,0.00,0.00,0,0,0.00,0.00,0.00,0,0,0.00,0.00,0,0
1432850027,eth0,0.00,0.00,0.00,0,0,0.00,0.00,0.00,0,0,0.00,0.00,0,0
1432850027,lo,0.00,0.00,0.00,0,0,0.00,0.00,0.00,0,0,0.00,0.00,0,0
1432850027,s1,0.00,0.00,0.00,0,0,0.00,0.00,0.00,0,0,0.00,0.00,0,0
1432850027,s0-eth1,75040.00,1440.00,76480.00,144,7504,40.00,20.00,60.00,2,4,0.00,0.00,0,0
1432850027,s0-eth2,1440.00,75040.00,76480.00,7504,144,20.00,40.00,60.00,4,2,0.00,0.00,0,0
1432850027,s0-eth3,0.00,0.00,0.00,0,0,0.00,0.00,0.00,0,0,0.00,0.00,0,0
1432850027,total,137820.00,152960.00,290780.00,15296,13782,110.00,120.00,230.00,12,11,0.00,0.00,0,0
1432850027,s1-eth1,8640.00,195500.00,204140.00,19550,864,120.00,110.00,230.00,11,12,0.00,0.00,0,0
1432850027,s1-eth2,210640.00,8640.00,219280.00,864,21064,120.00,120.00,240.00,12,12,0.00,0.00,0,0
1432850027,s1-eth3,0.00,0.00,0.00,0,0,0.00,0.00,0.00,0,0,0.00,0.00,0,0
1432850027,s0,0.00,0.00,0.00,0,0,0.00,0.00,0.00,0,0,0.00,0.00,0,0
1432850027,eth0,0.00,0.00,0.00,0,0,0.00,0.00,0.00,0,0,0.00,0.00,0,0
1432850027,lo,0.00,0.00,0.00,0,0,0.00,0.00,0.00,0,0,0.00,0.00,0,0
1432850027,s1,0.00,0.00,0.00,0,0,0.00,0.00,0.00,0,0,0.00,0.00,0,0
1432850027,s0-eth1,195500.00,8640.00,204140.00,864,19550,110.00,120.00,230.00,12,11,0.00,0.00,0,0
1432850027,s0-eth2,8640.00,254740.00,263380.00,25474,864,120.00,130.00,250.00,13,12,0.00,0.00,0,0
1432850027,s0-eth3,0.00,0.00,0.00,0,0,0.00,0.00,0.00,0,0,0.00,0.00,0,0
1432850027,total,423420.00,467520.00,890940.00,46752,42342,470.00,480.00,950.00,48,47,0.00,0.00,0,0
1432850027,s1-eth1,4620.00,177720.00,182340.00,17772,462,70.00,60.00,130.00,6,7,0.00,0.00,0,0
1432850027,s1-eth2,177720.00,4620.00,182340.00,462,17772,60.00,70.00,130.00,7,6,0.00,0.00,0,0
1432850027,s1-eth3,0.00,0.00,0.00,0,0,0.00,0.00,0.00,0,0,0.00,0.00,0,0
1432850027,s0,0.00,0.00,0.00,0,0,0.00,0.00,0.00,0,0,0.00,0.00,0,0
1432850027,eth0,0.00,0.00,0.00,0,0,0.00,0.00,0.00,0,0,0.00,0.00,0,0
1432850027,lo,0.00,0.00,0.00,0,0,0.00,0.00,0.00,0,0,0.00,0.00,0,0
1432850027,s1,0.00,0.00,0.00,0,0,0.00,0.00,0.00,0,0,0.00,0.00,0,0
1432850027,s0-eth1,177720.00,4620.00,182340.00,462,17772,60.00,70.00,130.00,7,6,0.00,0.00,0,0
1432850027,s0-eth2,3960.00,177720.00,181680.00,17772,396,60.00,60.00,120.00,6,6,0.00,0.00,0,0
1432850027,s0-eth3,0.00,0.00,0.00,0,0,0.00,0.00,0.00,0,0,0.00,0.00,0,0
1432850027,total,364020.00,364680.00,728700.00,36468,36402,250.00,260.00,510.00,26,25,0.00,0.00,0,0
1432850027,s1-eth1,3960.00,177720.00,181680.00,17772,396,60.00,60.00,120.00,6,6,0.00,0.00,0,0
1432850027,s1-eth2,177720.00,3960.00,181680.00,396,17772,60.00,60.00,120.00,6,6,0.00,0.00,0,0
1432850027,s1-eth3,0.00,0.00,0.00,0,0,0.00,0.00,0.00,0,0,0.00,0.00,0,0
1432850027,s0,0.00,0.00,0.00,0,0,0.00,0.00,0.00,0,0,0.00,0.00,0,0
1432850027,eth0,0.00,0.00,0.00,0,0,0.00,0.00,0.00,0,0,0.00,0.00,0,0
1432850027,lo,0.00,0.00,0.00,0,0,0.00,0.00,0.00,0,0,0.00,0.00,0,0
1432850027,s1,0.00,0.00,0.00,0,0,0.00,0.00,0.00,0,0,0.00,0.00,0,0
1432850027,s0-eth1,177720.00,3960.00,181680.00,396,17772,60.00,60.00,120.00,6,6,0.00,0.00,0,0
1432850027,s0-eth2,4620.00,236960.00,241580.00,23696,462,70.00,80.00,150.00,8,7,0.00,0.00,0,0
1432850027,s0-eth3,0.00,0.00,0.00,0,0,0.00,0.00,0.00,0,0,0.00,0.00,0,0
1432850027,total,364020.00,422600.00,786620.00,42260,36402,250.00,260.00,510.00,26,25,0.00,0.00,0,0
1432850027,s1-eth1,3960.00,177720.00,181680.00,17772,396,60.00,60.00,120.00,6,6,0.00,0.00,0,0
1432850027,s1-eth2,177720.00,3960.00,181680.00,396,17772,60.00,60.00,120.00,6,6,0.00,0.00,0,0
1432850027,s1-eth3,0.00,0.00,0.00,0,0,0.00,0.00,0.00,0,0,0.00,0.00,0,0
1432850027,s0,0.00,0.00,0.00,0,0,0.00,0.00,0.00,0,0,0.00,0.00,0,0
1432850027,eth0,0.00,0.00,0.00,0,0,0.00,0.00,0.00,0,0,0.00,0.00,0,0
1432850027,lo,0.00,0.00,0.00,0,0,0.00,0.00,0.00,0,0,0.00,0.00,0,0
1432850027,s1,0.00,0.00,0.00,0,0,0.00,0.00,0.00,0,0,0.00,0.00,0,0
1432850027,s0-eth1,177720.00,3960.00,181680.00,396,17772,60.00,60.00,120.00,6,6,0.00,0.00,0,0
1432850027,s0-eth2,3960.00,177720.00,181680.00,17772,396,60.00,60.00,120.00,6,6,0.00,0.00,0,0
1432850027,s0-eth3,0.00,896120.00,896120.00,89612,0,0.00,860.00,860.00,86,0,0.00,0.00,0,0
1432850027,total,363360.00,1259480.00,1622840.00,125948,36336,240.00,1100.00,1340.00,110,24,0.00,0.00,0,0
1432850028,s1-eth1,653.47,184079.22,184732.69,18592,66,9.90,158.42,168.32,16,1,0.00,0.00,0,0
1432850028,s1-eth2,29326.73,653.47,29980.20,66,2962,9.90,9.90,19.80,1,1,0.00,0.00,0,0
1432850028,s1-eth3,154752.48,0.00,154752.48,0,15630,148.51,0.00,148.51,0,15,0.00,0.00,0,0
1432850028,s0,0.00,0.00,0.00,0,0,0.00,0.00,0.00,0,0,0.00,0.00,0,0
1432850028,eth0,0.00,0.00,0.00,0,0,0.00,0.00,0.00,0,0,0.00,0.00,0,0
1432850028,lo,0.00,0.00,0.00,0,0,0.00,0.00,0.00,0,0,0.00,0.00,0,0
1432850028,s1,0.00,0.00,0.00,0,0,0.00,0.00,0.00,0,0,0.00,0.00,0,0
1432850028,s0-eth1,184079.22,653.47,184732.69,66,18592,158.42,9.90,168.32,1,16,0.00,0.00,0,0
1432850028,s0-eth2,653.47,29326.73,29980.20,2962,66,9.90,9.90,19.80,1,1,0.00,0.00,0,0
1432850028,s0-eth3,0.00,1867346.62,1867346.62,188602,0,0.00,1792.08,1792.08,181,0,0.00,0.00,0,0
1432850028,total,369465.38,2082059.50,2451524.75,210288,37316,336.63,1980.20,2316.83,200,34,0.00,0.00,0,0
1432850028,s1-eth1,0.00,187560.00,187560.00,18756,0,0.00,180.00,180.00,18,0,0.00,0.00,0,0
1432850028,s1-eth2,0.00,0.00,0.00,0,0,0.00,0.00,0.00,0,0,0.00,0.00,0,0
1432850028,s1-eth3,187560.00,0.00,187560.00,0,18756,180.00,0.00,180.00,0,18,0.00,0.00,0,0
1432850028,s0,0.00,0.00,0.00,0,0,0.00,0.00,0.00,0,0,0.00,0.00,0,0
1432850028,eth0,0.00,0.00,0.00,0,0,0.00,0.00,0.00,0,0,0.00,0.00,0,0
1432850028,lo,0.00,0.00,0.00,0,0,0.00,0.00,0.00,0,0,0.00,0.00,0,0
1432850028,s1,0.00,0.00,0.00,0,0,0.00,0.00,0.00,0,0,0.00,0.00,0,0
1432850028,s0-eth1,187560.00,0.00,187560.00,0,18756,180.00,0.00,180.00,0,18,0.00,0.00,0,0
1432850028,s0-eth2,0.00,15140.00,15140.00,1514,0,0.00,10.00,10.00,1,0,0.00,0.00,0,0
1432850028,s0-eth3,0.00,1886020.00,1886020.00,188602,0,0.00,1810.00,1810.00,181,0,0.00,0.00,0,0
1432850028,total,375120.00,2088720.00,2463840.00,208872,37512,360.00,2000.00,2360.00,200,36,0.00,0.00,0,0
1432850028,s1-eth1,780.00,192280.00,193060.00,19228,78,10.00,180.00,190.00,18,1,0.00,0.00,0,0
1432850028,s1-eth2,15140.00,780.00,15920.00,78,1514,10.00,10.00,20.00,1,1,0.00,0.00,0,0
1432850028,s1-eth3,166720.00,0.00,166720.00,0,16672,160.00,0.00,160.00,0,16,0.00,0.00,0,0
1432850028,s0,0.00,0.00,0.00,0,0,0.00,0.00,0.00,0,0,0.00,0.00,0,0
1432850028,eth0,0.00,0.00,0.00,0,0,0.00,0.00,0.00,0,0,0.00,0.00,0,0
1432850028,lo,3440.00,3440.00,6880.00,344,344,60.00,60.00,120.00,6,6,0.00,0.00,0,0
1432850028,s1,0.00,0.00,0.00,0,0,0.00,0.00,0.00,0,0,0.00,0.00,0,0
1432850028,s0-eth1,192280.00,780.00,193060.00,78,19228,180.00,10.00,190.00,1,18,0.00,0.00,0,0
1432850028,s0-eth2,780.00,30280.00,31060.00,3028,78,10.00,20.00,30.00,2,1,0.00,0.00,0,0
1432850028,s0-eth3,0.00,1875600.00,1875600.00,187560,0,0.00,1800.00,1800.00,180,0,0.00,0.00,0,0
1432850028,total,379140.00,2103160.00,2482300.00,210316,37914,430.00,2080.00,2510.00,208,43,0.00,0.00,0,0
1432850028,s1-eth1,0.00,187560.00,187560.00,18756,0,0.00,180.00,180.00,18,0,0.00,0.00,0,0
1432850028,s1-eth2,0.00,0.00,0.00,0,0,0.00,0.00,0.00,0,0,0.00,0.00,0,0
1432850028,s1-eth3,197980.00,0.00,197980.00,0,19798,190.00,0.00,190.00,0,19,0.00,0.00,0,0
1432850028,s0,0.00,0.00,0.00,0,0,0.00,0.00,0.00,0,0,0.00,0.00,0,0
1432850028,eth0,0.00,0.00,0.00,0,0,0.00,0.00,0.00,0,0,0.00,0.00,0,0
1432850028,lo,0.00,0.00,0.00,0,0,0.00,0.00,0.00,0,0,0.00,0.00,0,0
1432850028,s1,0.00,0.00,0.00,0,0,0.00,0.00,0.00,0,0,0.00,0.00,0,0
1432850028,s0-eth1,187560.00,0.00,187560.00,0,18756,180.00,0.00,180.00,0,18,0.00,0.00,0,0
1432850028,s0-eth2,0.00,0.00,0.00,0,0,0.00,0.00,0.00,0,0,0.00,0.00,0,0
1432850028,s0-eth3,0.00,1886020.00,1886020.00,188602,0,0.00,1810.00,1810.00,181,0,0.00,0.00,0,0
1432850028,total,385540.00,2073580.00,2459120.00,207358,38554,370.00,1990.00,2360.00,199,37,0.00,0.00,0,0
1432850028,s1-eth1,0.00,187560.00,187560.00,18756,0,0.00,180.00,180.00,18,0,0.00,0.00,0,0
1432850028,s1-eth2,0.00,0.00,0.00,0,0,0.00,0.00,0.00,0,0,0.00,0.00,0,0
1432850028,s1-eth3,187560.00,0.00,187560.00,0,18756,180.00,0.00,180.00,0,18,0.00,0.00,0,0
1432850028,s0,0.00,0.00,0.00,0,0,0.00,0.00,0.00,0,0,0.00,0.00,0,0
1432850028,eth0,0.00,0.00,0.00,0,0,0.00,0.00,0.00,0,0,0.00,0.00,0,0
1432850028,lo,0.00,0.00,0.00,0,0,0.00,0.00,0.00,0,0,0.00,0.00,0,0
1432850028,s1,0.00,0.00,0.00,0,0,0.00,0.00,0.00,0,0,0.00,0.00,0,0
1432850028,s0-eth1,187560.00,0.00,187560.00,0,18756,180.00,0.00,180.00,0,18,0.00,0.00,0,0
1432850028,s0-eth2,0.00,15140.00,15140.00,1514,0,0.00,10.00,10.00,1,0,0.00,0.00,0,0
1432850028,s0-eth3,0.00,1875600.00,1875600.00,187560,0,0.00,1800.00,1800.00,180,0,0.00,0.00,0,0
1432850028,total,375120.00,2078300.00,2453420.00,207830,37512,360.00,1990.00,2350.00,199,36,0.00,0.00,0,0
1432850028,s1-eth1,780.00,187560.00,188340.00,18756,78,10.00,180.00,190.00,18,1,0.00,0.00,0,0
1432850028,s1-eth2,0.00,780.00,780.00,78,0,0.00,10.00,10.00,1,0,0.00,0.00,0,0
1432850028,s0,0.00,0.00,0.00,0,0,0.00,0.00,0.00,0,0,0.00,0.00,0,0
1432850028,eth0,3860.00,0.00,3860.00,0,386,30.00,0.00,30.00,0,3,0.00,0.00,0,0
1432850028,lo,3120.00,3120.00,6240.00,312,312,60.00,60.00,120.00,6,6,0.00,0.00,0,0
1432850028,s1,0.00,0.00,0.00,0,0,0.00,0.00,0.00,0,0,0.00,0.00,0,0
1432850028,s0-eth1,187560.00,780.00,188340.00,78,18756,180.00,10.00,190.00,1,18,0.00,0.00,0,0
1432850028,s0-eth2,780.00,660.00,1440.00,66,78,10.00,10.00,20.00,1,1,0.00,0.00,0,0
1432850028,s0-eth3,0.00,656460.00,656460.00,65646,0,0.00,630.00,630.00,63,0,0.00,0.00,0,0
1432850028,total,184467440737095516160.00,834060.00,184467440737095516160.00,83406,18446744073705634743,184467440737095483392.00,690.00,184467440737095483392.00,69,18446744073709547805,0.00,0.00,0,0
1432850028,s0,0.00,0.00,0.00,0,0,0.00,0.00,0.00,0,0,0.00,0.00,0,0
1432850028,eth0,5420.00,4620.00,10040.00,462,542,50.00,70.00,120.00,7,5,0.00,0.00,0,0
1432850028,lo,0.00,0.00,0.00,0,0,0.00,0.00,0.00,0,0,0.00,0.00,0,0
1432850028,s1,0.00,0.00,0.00,0,0,0.00,0.00,0.00,0,0,0.00,0.00,0,0
1432850028,total,184467440737095516160.00,184467440737095516160.00,184467440737095516160.00,18446744073661017935,18446744073697888705,184467440737095417856.00,184467440737095057408.00,184467440737094959104.00,18446744073709506447,18446744073709541340,0.00,0.00,0,0
1432850028,eth0,1500.00,1320.00,2820.00,132,150,10.00,20.00,30.00,2,1,0.00,0.00,0,0
1432850028,lo,0.00,0.00,0.00,0,0,0.00,0.00,0.00,0,0,0.00,0.00,0,0
1432850028,total,184467440737095516160.00,184467440737095516160.00,184467440737095516160.00,18446744073709544769,18446744073709550469,184467440737095516160.00,184467440737095516160.00,184467440737095516160.00,18446744073709551524,18446744073709551600,0.00,0.00,0,0
1432850028,eth0,0.00,0.00,0.00,0,0,0.00,0.00,0.00,0,0,0.00,0.00,0,0
1432850028,lo,0.00,0.00,0.00,0,0,0.00,0.00,0.00,0,0,0.00,0.00,0,0
1432850028,total,0.00,0.00,0.00,0,0,0.00,0.00,0.00,0,0,0.00,0.00,0,0
1432850028,eth0,0.00,0.00,0.00,0,0,0.00,0.00,0.00,0,0,0.00,0.00,0,0
1432850028,lo,0.00,0.00,0.00,0,0,0.00,0.00,0.00,0,0,0.00,0.00,0,0
1432850028,total,0.00,0.00,0.00,0,0,0.00,0.00,0.00,0,0,0.00,0.00,0,0
1432850029,eth0,0.00,0.00,0.00,0,0,0.00,0.00,0.00,0,0,0.00,0.00,0,0
1432850029,lo,0.00,0.00,0.00,0,0,0.00,0.00,0.00,0,0,0.00,0.00,0,0
1432850029,total,0.00,0.00,0.00,0,0,0.00,0.00,0.00,0,0,0.00,0.00,0,0
1432850029,eth0,0.00,0.00,0.00,0,0,0.00,0.00,0.00,0,0,0.00,0.00,0,0
1432850029,lo,0.00,0.00,0.00,0,0,0.00,0.00,0.00,0,0,0.00,0.00,0,0
1432850029,total,0.00,0.00,0.00,0,0,0.00,0.00,0.00,0,0,0.00,0.00,0,0
1432850029,eth0,0.00,0.00,0.00,0,0,0.00,0.00,0.00,0,0,0.00,0.00,0,0
1432850029,lo,0.00,0.00,0.00,0,0,0.00,0.00,0.00,0,0,0.00,0.00,0,0
1432850029,total,0.00,0.00,0.00,0,0,0.00,0.00,0.00,0,0,0.00,0.00,0,0
1432850029,eth0,0.00,0.00,0.00,0,0,0.00,0.00,0.00,0,0,0.00,0.00,0,0
1432850029,lo,0.00,0.00,0.00,0,0,0.00,0.00,0.00,0,0,0.00,0.00,0,0
1432850029,total,0.00,0.00,0.00,0,0,0.00,0.00,0.00,0,0,0.00,0.00,0,0
1432850029,eth0,0.00,0.00,0.00,0,0,0.00,0.00,0.00,0,0,0.00,0.00,0,0
1432850029,lo,0.00,0.00,0.00,0,0,0.00,0.00,0.00,0,0,0.00,0.00,0,0
1432850029,total,0.00,0.00,0.00,0,0,0.00,0.00,0.00,0,0,0.00,0.00,0,0
1432850029,eth0,0.00,0.00,0.00,0,0,0.00,0.00,0.00,0,0,0.00,0.00,0,0
1432850029,lo,0.00,0.00,0.00,0,0,0.00,0.00,0.00,0,0,0.00,0.00,0,0
1432850029,total,0.00,0.00,0.00,0,0,0.00,0.00,0.00,0,0,0.00,0.00,0,0
1432850029,eth0,0.00,0.00,0.00,0,0,0.00,0.00,0.00,0,0,0.00,0.00,0,0
1432850029,lo,0.00,0.00,0.00,0,0,0.00,0.00,0.00,0,0,0.00,0.00,0,0
1432850029,total,0.00,0.00,0.00,0,0,0.00,0.00,0.00,0,0,0.00,0.00,0,0
1432850029,eth0,0.00,0.00,0.00,0,0,0.00,0.00,0.00,0,0,0.00,0.00,0,0
1432850029,lo,0.00,0.00,0.00,0,0,0.00,0.00,0.00,0,0,0.00,0.00,0,0
1432850029,total,0.00,0.00,0.00,0,0,0.00,0.00,0.00,0,0,0.00,0.00,0,0
1432850029,eth0,0.00,0.00,0.00,0,0,0.00,0.00,0.00,0,0,0.00,0.00,0,0
1432850029,lo,0.00,0.00,0.00,0,0,0.00,0.00,0.00,0,0,0.00,0.00,0,0
1432850029,total,0.00,0.00,0.00,0,0,0.00,0.00,0.00,0,0,0.00,0.00,0,0
1432850029,eth0,0.00,0.00,0.00,0,0,0.00,0.00,0.00,0,0,0.00,0.00,0,0
1432850029,lo,0.00,0.00,0.00,0,0,0.00,0.00,0.00,0,0,0.00,0.00,0,0
1432850029,total,0.00,0.00,0.00,0,0,0.00,0.00,0.00,0,0,0.00,0.00,0,0
1432850030,eth0,0.00,0.00,0.00,0,0,0.00,0.00,0.00,0,0,0.00,0.00,0,0
1432850030,lo,0.00,0.00,0.00,0,0,0.00,0.00,0.00,0,0,0.00,0.00,0,0
1432850030,total,0.00,0.00,0.00,0,0,0.00,0.00,0.00,0,0,0.00,0.00,0,0
1432850030,eth0,0.00,0.00,0.00,0,0,0.00,0.00,0.00,0,0,0.00,0.00,0,0
1432850030,lo,0.00,0.00,0.00,0,0,0.00,0.00,0.00,0,0,0.00,0.00,0,0
1432850030,total,0.00,0.00,0.00,0,0,0.00,0.00,0.00,0,0,0.00,0.00,0,0
1432850030,eth0,0.00,0.00,0.00,0,0,0.00,0.00,0.00,0,0,0.00,0.00,0,0
1432850030,lo,0.00,0.00,0.00,0,0,0.00,0.00,0.00,0,0,0.00,0.00,0,0
1432850030,total,0.00,0.00,0.00,0,0,0.00,0.00,0.00,0,0,0.00,0.00,0,0
1432850030,eth0,0.00,0.00,0.00,0,0,0.00,0.00,0.00,0,0,0.00,0.00,0,0
1432850030,lo,0.00,0.00,0.00,0,0,0.00,0.00,0.00,0,0,0.00,0.00,0,0
1432850030,total,0.00,0.00,0.00,0,0,0.00,0.00,0.00,0,0,0.00,0.00,0,0
1432850030,eth0,0.00,0.00,0.00,0,0,0.00,0.00,0.00,0,0,0.00,0.00,0,0
1432850030,lo,0.00,0.00,0.00,0,0,0.00,0.00,0.00,0,0,0.00,0.00,0,0
1432850030,total,0.00,0.00,0.00,0,0,0.00,0.00,0.00,0,0,0.00,0.00,0,0
1432850030,eth0,0.00,0.00,0.00,0,0,0.00,0.00,0.00,0,0,0.00,0.00,0,0
1432850030,lo,0.00,0.00,0.00,0,0,0.00,0.00,0.00,0,0,0.00,0.00,0,0
1432850030,total,0.00,0.00,0.00,0,0,0.00,0.00,0.00,0,0,0.00,0.00,0,0
1432850030,eth0,0.00,0.00,0.00,0,0,0.00,0.00,0.00,0,0,0.00,0.00,0,0
1432850030,lo,0.00,0.00,0.00,0,0,0.00,0.00,0.00,0,0,0.00,0.00,0,0
1432850030,total,0.00,0.00,0.00,0,0,0.00,0.00,0.00,0,0,0.00,0.00,0,0
1432850030,eth0,0.00,0.00,0.00,0,0,0.00,0.00,0.00,0,0,0.00,0.00,0,0
1432850030,lo,0.00,0.00,0.00,0,0,0.00,0.00,0.00,0,0,0.00,0.00,0,0
1432850030,total,0.00,0.00,0.00,0,0,0.00,0.00,0.00,0,0,0.00,0.00,0,0
1432850030,eth0,0.00,0.00,0.00,0,0,0.00,0.00,0.00,0,0,0.00,0.00,0,0
1432850030,lo,0.00,0.00,0.00,0,0,0.00,0.00,0.00,0,0,0.00,0.00,0,0
1432850030,total,0.00,0.00,0.00,0,0,0.00,0.00,0.00,0,0,0.00,0.00,0,0
1432850030,eth0,0.00,0.00,0.00,0,0,0.00,0.00,0.00,0,0,0.00,0.00,0,0
1432850030,lo,0.00,0.00,0.00,0,0,0.00,0.00,0.00,0,0,0.00,0.00,0,0
1432850030,total,0.00,0.00,0.00,0,0,0.00,0.00,0.00,0,0,0.00,0.00,0,0
1432850031,eth0,0.00,0.00,0.00,0,0,0.00,0.00,0.00,0,0,0.00,0.00,0,0
1432850031,lo,0.00,0.00,0.00,0,0,0.00,0.00,0.00,0,0,0.00,0.00,0,0
1432850031,total,0.00,0.00,0.00,0,0,0.00,0.00,0.00,0,0,0.00,0.00,0,0
1432850031,eth0,0.00,0.00,0.00,0,0,0.00,0.00,0.00,0,0,0.00,0.00,0,0
1432850031,lo,0.00,0.00,0.00,0,0,0.00,0.00,0.00,0,0,0.00,0.00,0,0
1432850031,total,0.00,0.00,0.00,0,0,0.00,0.00,0.00,0,0,0.00,0.00,0,0
1