1432850407,s1-eth1,0.00,0.00,0.00,0,0,0.00,0.00,0.00,0,0,0.00,0.00,0,0
1432850407,s1-eth2,0.00,0.00,0.00,0,0,0.00,0.00,0.00,0,0,0.00,0.00,0,0
1432850407,s1-eth3,0.00,0.00,0.00,0,0,0.00,0.00,0.00,0,0,0.00,0.00,0,0
1432850407,s0,0.00,0.00,0.00,0,0,0.00,0.00,0.00,0,0,0.00,0.00,0,0
1432850407,eth0,0.00,0.00,0.00,0,0,0.00,0.00,0.00,0,0,0.00,0.00,0,0
1432850407,lo,0.00,0.00,0.00,0,0,0.00,0.00,0.00,0,0,0.00,0.00,0,0
1432850407,s1,0.00,0.00,0.00,0,0,0.00,0.00,0.00,0,0,0.00,0.00,0,0
1432850407,s0-eth1,0.00,0.00,0.00,0,0,0.00,0.00,0.00,0,0,0.00,0.00,0,0
1432850407,s0-eth2,0.00,0.00,0.00,0,0,0.00,0.00,0.00,0,0,0.00,0.00,0,0
1432850407,s0-eth3,0.00,0.00,0.00,0,0,0.00,0.00,0.00,0,0,0.00,0.00,0,0
1432850407,total,0.00,0.00,0.00,0,0,0.00,0.00,0.00,0,0,0.00,0.00,0,0
1432850407,s1-eth1,3960.00,177720.00,181680.00,17772,396,60.00,60.00,120.00,6,6,0.00,0.00,0,0
1432850407,s1-eth2,177720.00,3960.00,181680.00,396,17772,60.00,60.00,120.00,6,6,0.00,0.00,0,0
1432850407,s1-eth3,0.00,0.00,0.00,0,0,0.00,0.00,0.00,0,0,0.00,0.00,0,0
1432850407,s0,0.00,0.00,0.00,0,0,0.00,0.00,0.00,0,0,0.00,0.00,0,0
1432850407,eth0,420.00,560.00,980.00,56,42,10.00,10.00,20.00,1,1,0.00,0.00,0,0
1432850407,lo,0.00,0.00,0.00,0,0,0.00,0.00,0.00,0,0,0.00,0.00,0,0
1432850407,s1,0.00,0.00,0.00,0,0,0.00,0.00,0.00,0,0,0.00,0.00,0,0
1432850407,s0-eth1,177720.00,3960.00,181680.00,396,17772,60.00,60.00,120.00,6,6,0.00,0.00,0,0
1432850407,s0-eth2,3960.00,207340.00,211300.00,20734,396,60.00,70.00,130.00,7,6,0.00,0.00,0,0
1432850407,s0-eth3,0.00,0.00,0.00,0,0,0.00,0.00,0.00,0,0,0.00,0.00,0,0
1432850407,total,363780.00,393540.00,757320.00,39354,36378,250.00,260.00,510.00,26,25,0.00,0.00,0,0
1432850407,s1-eth1,3960.00,207340.00,211300.00,20734,396,60.00,70.00,130.00,7,6,0.00,0.00,0,0
1432850407,s1-eth2,207340.00,3960.00,211300.00,396,20734,70.00,60.00,130.00,6,7,0.00,0.00,0,0
1432850407,s1-eth3,0.00,0.00,0.00,0,0,0.00,0.00,0.00,0,0,0.00,0.00,0,0
1432850407,s0,0.00,0.00,0.00,0,0,0.00,0.00,0.00,0,0,0.00,0.00,0,0
1432850407,eth0,0.00,0.00,0.00,0,0,0.00,0.00,0.00,0,0,0.00,0.00,0,0
1432850407,lo,0.00,0.00,0.00,0,0,0.00,0.00,0.00,0,0,0.00,0.00,0,0
1432850407,s1,0.00,0.00,0.00,0,0,0.00,0.00,0.00,0,0,0.00,0.00,0,0
1432850407,s0-eth1,207340.00,3960.00,211300.00,396,20734,70.00,60.00,130.00,6,7,0.00,0.00,0,0
1432850407,s0-eth2,3960.00,177720.00,181680.00,17772,396,60.00,60.00,120.00,6,6,0.00,0.00,0,0
1432850407,s0-eth3,0.00,0.00,0.00,0,0,0.00,0.00,0.00,0,0,0.00,0.00,0,0
1432850407,total,422600.00,392980.00,815580.00,39298,42260,260.00,250.00,510.00,25,26,0.00,0.00,0,0
1432850407,s1-eth1,3960.00,177720.00,181680.00,17772,396,60.00,60.00,120.00,6,6,0.00,0.00,0,0
1432850407,s1-eth2,177720.00,4620.00,182340.00,462,17772,60.00,70.00,130.00,7,6,0.00,0.00,0,0
1432850407,s1-eth3,0.00,0.00,0.00,0,0,0.00,0.00,0.00,0,0,0.00,0.00,0,0
1432850407,s0,0.00,0.00,0.00,0,0,0.00,0.00,0.00,0,0,0.00,0.00,0,0
1432850407,eth0,0.00,0.00,0.00,0,0,0.00,0.00,0.00,0,0,0.00,0.00,0,0
1432850407,lo,0.00,0.00,0.00,0,0,0.00,0.00,0.00,0,0,0.00,0.00,0,0
1432850407,s1,0.00,0.00,0.00,0,0,0.00,0.00,0.00,0,0,0.00,0.00,0,0
1432850407,s0-eth1,177720.00,3960.00,181680.00,396,17772,60.00,60.00,120.00,6,6,0.00,0.00,0,0
1432850407,s0-eth2,3960.00,177720.00,181680.00,17772,396,60.00,60.00,120.00,6,6,0.00,0.00,0,0
1432850407,s0-eth3,0.00,0.00,0.00,0,0,0.00,0.00,0.00,0,0,0.00,0.00,0,0
1432850407,total,363360.00,364020.00,727380.00,36402,36336,240.00,250.00,490.00,25,24,0.00,0.00,0,0
1432850407,s1-eth1,4620.00,177720.00,182340.00,17772,462,70.00,60.00,130.00,6,7,0.00,0.00,0,0
1432850407,s1-eth2,177720.00,3960.00,181680.00,396,17772,60.00,60.00,120.00,6,6,0.00,0.00,0,0
1432850407,s1-eth3,0.00,0.00,0.00,0,0,0.00,0.00,0.00,0,0,0.00,0.00,0,0
1432850407,s0,0.00,0.00,0.00,0,0,0.00,0.00,0.00,0,0,0.00,0.00,0,0
1432850407,eth0,0.00,0.00,0.00,0,0,0.00,0.00,0.00,0,0,0.00,0.00,0,0
1432850407,lo,0.00,0.00,0.00,0,0,0.00,0.00,0.00,0,0,0.00,0.00,0,0
1432850407,s1,0.00,0.00,0.00,0,0,0.00,0.00,0.00,0,0,0.00,0.00,0,0
1432850407,s0-eth1,177720.00,4620.00,182340.00,462,17772,60.00,70.00,130.00,7,6,0.00,0.00,0,0
1432850407,s0-eth2,4620.00,177720.00,182340.00,17772,462,70.00,60.00,130.00,6,7,0.00,0.00,0,0
1432850407,s0-eth3,0.00,0.00,0.00,0,0,0.00,0.00,0.00,0,0,0.00,0.00,0,0
1432850407,total,364680.00,364020.00,728700.00,36402,36468,260.00,250.00,510.00,25,26,0.00,0.00,0,0
1432850407,s1-eth1,3960.00,177720.00,181680.00,17772,396,60.00,60.00,120.00,6,6,0.00,0.00,0,0
1432850407,s1-eth2,177720.00,3960.00,181680.00,396,17772,60.00,60.00,120.00,6,6,0.00,0.00,0,0
1432850407,s1-eth3,0.00,0.00,0.00,0,0,0.00,0.00,0.00,0,0,0.00,0.00,0,0
1432850407,s0,0.00,0.00,0.00,0,0,0.00,0.00,0.00,0,0,0.00,0.00,0,0
1432850407,eth0,0.00,0.00,0.00,0,0,0.00,0.00,0.00,0,0,0.00,0.00,0,0
1432850407,lo,0.00,0.00,0.00,0,0,0.00,0.00,0.00,0,0,0.00,0.00,0,0
1432850407,s1,0.00,0.00,0.00,0,0,0.00,0.00,0.00,0,0,0.00,0.00,0,0
1432850407,s0-eth1,177720.00,3960.00,181680.00,396,17772,60.00,60.00,120.00,6,6,0.00,0.00,0,0
1432850407,s0-eth2,3960.00,207340.00,211300.00,20734,396,60.00,70.00,130.00,7,6,0.00,0.00,0,0
1432850407,s0-eth3,0.00,0.00,0.00,0,0,0.00,0.00,0.00,0,0,0.00,0.00,0,0
1432850407,total,363360.00,392980.00,756340.00,39298,36336,240.00,250.00,490.00,25,24,0.00,0.00,0,0
1432850407,s1-eth1,3960.00,207340.00,211300.00,20734,396,60.00,70.00,130.00,7,6,0.00,0.00,0,0
1432850407,s1-eth2,177720.00,3960.00,181680.00,396,17772,60.00,60.00,120.00,6,6,0.00,0.00,0,0
1432850407,s1-eth3,0.00,0.00,0.00,0,0,0.00,0.00,0.00,0,0,0.00,0.00,0,0
1432850407,s0,0.00,0.00,0.00,0,0,0.00,0.00,0.00,0,0,0.00,0.00,0,0
1432850407,eth0,0.00,0.00,0.00,0,0,0.00,0.00,0.00,0,0,0.00,0.00,0,0
1432850407,lo,0.00,0.00,0.00,0,0,0.00,0.00,0.00,0,0,0.00,0.00,0,0
1432850407,s1,0.00,0.00,0.00,0,0,0.00,0.00,0.00,0,0,0.00,0.00,0,0
1432850407,s0-eth1,207340.00,3960.00,211300.00,396,20734,70.00,60.00,130.00,6,7,0.00,0.00,0,0
1432850407,s0-eth2,3960.00,177720.00,181680.00,17772,396,60.00,60.00,120.00,6,6,0.00,0.00,0,0
1432850407,s0-eth3,0.00,0.00,0.00,0,0,0.00,0.00,0.00,0,0,0.00,0.00,0,0
1432850407,total,392980.00,392980.00,785960.00,39298,39298,250.00,250.00,500.00,25,25,0.00,0.00,0,0
1432850408,s1-eth1,3920.79,175960.41,179881.19,17772,396,59.41,59.41,118.81,6,6,0.00,0.00,0,0
1432850408,s1-eth2,205287.14,3920.79,209207.92,396,20734,69.31,59.41,128.71,6,7,0.00,0.00,0,0
1432850408,s1-eth3,0.00,0.00,0.00,0,0,0.00,0.00,0.00,0,0,0.00,0.00,0,0
1432850408,s0,0.00,0.00,0.00,0,0,0.00,0.00,0.00,0,0,0.00,0.00,0,0
1432850408,eth0,0.00,0.00,0.00,0,0,0.00,0.00,0.00,0,0,0.00,0.00,0,0
1432850408,lo,0.00,0.00,0.00,0,0,0.00,0.00,0.00,0,0,0.00,0.00,0,0
1432850408,s1,0.00,0.00,0.00,0,0,0.00,0.00,0.00,0,0,0.00,0.00,0,0
1432850408,s0-eth1,175960.41,3920.79,179881.19,396,17772,59.41,59.41,118.81,6,6,0.00,0.00,0,0
1432850408,s0-eth2,3920.79,175960.41,179881.19,17772,396,59.41,59.41,118.81,6,6,0.00,0.00,0,0
1432850408,s0-eth3,0.00,0.00,0.00,0,0,0.00,0.00,0.00,0,0,0.00,0.00,0,0
1432850408,total,389089.12,359762.38,748851.50,36336,39298,247.52,237.62,485.15,24,25,0.00,0.00,0,0
1432850408,s1-eth1,4620.00,177720.00,182340.00,17772,462,70.00,60.00,130.00,6,7,0.00,0.00,0,0
1432850408,s1-eth2,177720.00,4620.00,182340.00,462,17772,60.00,70.00,130.00,7,6,0.00,0.00,0,0
1432850408,s1-eth3,0.00,0.00,0.00,0,0,0.00,0.00,0.00,0,0,0.00,0.00,0,0
1432850408,s0,0.00,0.00,0.00,0,0,0.00,0.00,0.00,0,0,0.00,0.00,0,0
1432850408,eth0,0.00,0.00,0.00,0,0,0.00,0.00,0.00,0,0,0.00,0.00,0,0
1432850408,lo,0.00,0.00,0.00,0,0,0.00,0.00,0.00,0,0,0.00,0.00,0,0
1432850408,s1,0.00,0.00,0.00,0,0,0.00,0.00,0.00,0,0,0.00,0.00,0,0
1432850408,s0-eth1,177720.00,4620.00,182340.00,462,17772,60.00,70.00,130.00,7,6,0.00,0.00,0,0
1432850408,s0-eth2,3960.00,177720.00,181680.00,17772,396,60.00,60.00,120.00,6,6,0.00,0.00,0,0
1432850408,s0-eth3,0.00,1688040.00,1688040.00,168804,0,0.00,1620.00,1620.00,162,0,0.00,0.00,0,0
1432850408,total,364020.00,2052720.00,2416740.00,205272,36402,250.00,1880.00,2130.00,188,25,0.00,0.00,0,0
1432850408,s1-eth1,3960.00,177720.00,181680.00,17772,396,60.00,60.00,120.00,6,6,0.00,0.00,0,0
1432850408,s1-eth2,177720.00,3960.00,181680.00,396,17772,60.00,60.00,120.00,6,6,0.00,0.00,0,0
1432850408,s1-eth3,0.00,0.00,0.00,0,0,0.00,0.00,0.00,0,0,0.00,0.00,0,0
1432850408,s0,0.00,0.00,0.00,0,0,0.00,0.00,0.00,0,0,0.00,0.00,0,0
1432850408,eth0,0.00,0.00,0.00,0,0,0.00,0.00,0.00,0,0,0.00,0.00,0,0
1432850408,lo,0.00,0.00,0.00,0,0,0.00,0.00,0.00,0,0,0.00,0.00,0,0
1432850408,s1,0.00,0.00,0.00,0,0,0.00,0.00,0.00,0,0,0.00,0.00,0,0
1432850408,s0-eth1,177720.00,3960.00,181680.00,396,17772,60.00,60.00,120.00,6,6,0.00,0.00,0,0
1432850408,s0-eth2,4620.00,207340.00,211960.00,20734,462,70.00,70.00,140.00,7,7,0.00,0.00,0,0
1432850408,s0-eth3,0.00,1875600.00,1875600.00,187560,0,0.00,1800.00,1800.00,180,0,0.00,0.00,0,0
1432850408,total,364020.00,2268580.00,2632600.00,226858,36402,250.00,2050.00,2300.00,205,25,0.00,0.00,0,0
1432850408,s1-eth1,0.00,177140.00,177140.00,17714,0,0.00,170.00,170.00,17,0,0.00,0.00,0,0
1432850408,s1-eth2,0.00,0.00,0.00,0,0,0.00,0.00,0.00,0,0,0.00,0.00,0,0
1432850408,s1-eth3,177140.00,0.00,177140.00,0,17714,170.00,0.00,170.00,0,17,0.00,0.00,0,0
1432850408,s0,0.00,0.00,0.00,0,0,0.00,0.00,0.00,0,0,0.00,0.00,0,0
1432850408,eth0,0.00,0.00,0.00,0,0,0.00,0.00,0.00,0,0,0.00,0.00,0,0
1432850408,lo,0.00,0.00,0.00,0,0,0.00,0.00,0.00,0,0,0.00,0.00,0,0
1432850408,s1,0.00,0.00,0.00,0,0,0.00,0.00,0.00,0,0,0.00,0.00,0,0
1432850408,s0-eth1,177140.00,0.00,177140.00,0,17714,170.00,0.00,170.00,0,17,0.00,0.00,0,0
1432850408,s0-eth2,0.00,29620.00,29620.00,2962,0,0.00,10.00,10.00,1,0,0.00,0.00,0,0
1432850408,s0-eth3,0.00,1886020.00,1886020.00,188602,0,0.00,1810.00,1810.00,181,0,0.00,0.00,0,0
1432850408,total,354280.00,2092780.00,2447060.00,209278,35428,340.00,1990.00,2330.00,199,34,0.00,0.00,0,0
1432850408,s1-eth1,0.00,187560.00,187560.00,18756,0,0.00,180.00,180.00,18,0,0.00,0.00,0,0
1432850408,s1-eth2,0.00,0.00,0.00,0,0,0.00,0.00,0.00,0,0,0.00,0.00,0,0
1432850408,s1-eth3,187560.00,0.00,187560.00,0,18756,180.00,0.00,180.00,0,18,0.00,0.00,0,0
1432850408,s0,0.00,0.00,0.00,0,0,0.00,0.00,0.00,0,0,0.00,0.00,0,0
1432850408,eth0,0.00,0.00,0.00,0,0,0.00,0.00,0.00,0,0,0.00,0.00,0,0
1432850408,lo,0.00,0.00,0.00,0,0,0.00,0.00,0.00,0,0,0.00,0.00,0,0
1432850408,s1,0.00,0.00,0.00,0,0,0.00,0.00,0.00,0,0,0.00,0.00,0,0
1432850408,s0-eth1,197980.00,0.00,197980.00,0,19798,190.00,0.00,190.00,0,19,0.00,0.00,0,0
1432850408,s0-eth2,0.00,0.00,0.00,0,0,0.00,0.00,0.00,0,0,0.00,0.00,0,0
1432850408,s0-eth3,0.00,1875600.00,1875600.00,187560,0,0.00,1800.00,1800.00,180,0,0.00,0.00,0,0
1432850408,total,385540.00,2063160.00,2448700.00,206316,38554,370.00,1980.00,2350.00,198,37,0.00,0.00,0,0
1432850408,s1-eth1,0.00,197980.00,197980.00,19798,0,0.00,190.00,190.00,19,0,0.00,0.00,0,0
1432850408,s1-eth2,0.00,0.00,0.00,0,0,0.00,0.00,0.00,0,0,0.00,0.00,0,0
1432850408,s1-eth3,187560.00,0.00,187560.00,0,18756,180.00,0.00,180.00,0,18,0.00,0.00,0,0
1432850408,s0,0.00,0.00,0.00,0,0,0.00,0.00,0.00,0,0,0.00,0.00,0,0
1432850408,eth0,0.00,0.00,0.00,0,0,0.00,0.00,0.00,0,0,0.00,0.00,0,0
1432850408,lo,0.00,0.00,0.00,0,0,0.00,0.00,0.00,0,0,0.00,0.00,0,0
1432850408,s1,0.00,0.00,0.00,0,0,0.00,0.00,0.00,0,0,0.00,0.00,0,0
1432850408,s0-eth1,187560.00,0.00,187560.00,0,18756,180.00,0.00,180.00,0,18,0.00,0.00,0,0
1432850408,s0-eth2,0.00,15140.00,15140.00,1514,0,0.00,10.00,10.00,1,0,0.00,0.00,0,0
1432850408,s0-eth3,0.00,1875600.00,1875600.00,187560,0,0.00,1800.00,1800.00,180,0,0.00,0.00,0,0
1432850408,total,375120.00,2088720.00,2463840.00,208872,37512,360.00,2000.00,2360.00,200,36,0.00,0.00,0,0
1432850408,s1-eth1,0.00,187560.00,187560.00,18756,0,0.00,180.00,180.00,18,0,0.00,0.00,0,0
1432850408,s1-eth2,0.00,0.00,0.00,0,0,0.00,0.00,0.00,0,0,0.00,0.00,0,0
1432850408,s1-eth3,187560.00,0.00,187560.00,0,18756,180.00,0.00,180.00,0,18,0.00,0.00,0,0
1432850408,s0,0.00,0.00,0.00,0,0,0.00,0.00,0.00,0,0,0.00,0.00,0,0
1432850408,eth0,0.00,0.00,0.00,0,0,0.00,0.00,0.00,0,0,0.00,0.00,0,0
1432850408,lo,0.00,0.00,0.00,0,0,0.00,0.00,0.00,0,0,0.00,0.00,0,0
1432850408,s1,0.00,0.00,0.00,0,0,0.00,0.00,0.00,0,0,0.00,0.00,0,0
1432850408,s0-eth1,187560.00,0.00,187560.00,0,18756,180.00,0.00,180.00,0,18,0.00,0.00,0,0
1432850408,s0-eth2,0.00,0.00,0.00,0,0,0.00,0.00,0.00,0,0,0.00,0.00,0,0
1432850408,s0-eth3,0.00,1760980.00,1760980.00,176098,0,0.00,1690.00,1690.00,169,0,0.00,0.00,0,0
1432850408,total,375120.00,1948540.00,2323660.00,194854,37512,360.00,1870.00,2230.00,187,36,0.00,0.00,0,0
1432850408,s1-eth1,0.00,187560.00,187560.00,18756,0,0.00,180.00,180.00,18,0,0.00,0.00,0,0
1432850408,s1-eth2,0.00,0.00,0.00,0,0,0.00,0.00,0.00,0,0,0.00,0.00,0,0
1432850408,s1-eth3,187560.00,0.00,187560.00,0,18756,180.00,0.00,180.00,0,18,0.00,0.00,0,0
1432850408,s0,0.00,0.00,0.00,0,0,0.00,0.00,0.00,0,0,0.00,0.00,0,0
1432850408,eth0,0.00,0.00,0.00,0,0,0.00,0.00,0.00,0,0,0.00,0.00,0,0
1432850408,lo,0.00,0.00,0.00,0,0,0.00,0.00,0.00,0,0,0.00,0.00,0,0
1432850408,s1,0.00,0.00,0.00,0,0,0.00,0.00,0.00,0,0,0.00,0.00,0,0
1432850408,s0-eth1,187560.00,0.00,187560.00,0,18756,180.00,0.00,180.00,0,18,0.00,0.00,0,0
1432850408,s0-eth2,0.00,15140.00,15140.00,1514,0,0.00,10.00,10.00,1,0,0.00,0.00,0,0
1432850408,s0-eth3,0.00,0.00,0.00,0,0,0.00,0.00,0.00,0,0,0.00,0.00,0,0
1432850408,total,375120.00,202700.00,577820.00,20270,37512,360.00,190.00,550.00,19,36,0.00,0.00,0,0
1432850408,s1-eth1,6900.00,193080.00,199980.00,19308,690,90.00,140.00,230.00,14,9,0.00,0.00,0,0
1432850408,s1-eth2,136260.00,6900.00,143160.00,690,13626,90.00,90.00,180.00,9,9,0.00,0.00,0,0
1432850408,s1-eth3,52100.00,0.00,52100.00,0,5210,50.00,0.00,50.00,0,5,0.00,0.00,0,0
1432850408,s0,0.00,0.00,0.00,0,0,0.00,0.00,0.00,0,0,0.00,0.00,0,0
1432850408,eth0,0.00,0.00,0.00,0,0,0.00,0.00,0.00,0,0,0.00,0.00,0,0
1432850408,lo,0.00,0.00,0.00,0,0,0.00,0.00,0.00,0,0,0.00,0.00,0,0
1432850408,s1,0.00,0.00,0.00,0,0,0.00,0.00,0.00,0,0,0.00,0.00,0,0
1432850408,s0-eth1,193080.00,6900.00,199980.00,690,19308,140.00,90.00,230.00,9,14,0.00,0.00,0,0
1432850408,s0-eth2,6900.00,211960.00,218860.00,21196,690,90.00,140.00,230.00,14,9,0.00,0.00,0,0
1432850408,s0-eth3,0.00,0.00,0.00,0,0,0.00,0.00,0.00,0,0,0.00,0.00,0,0
1432850408,total,395240.00,418840.00,814080.00,41884,39524,460.00,460.00,920.00,46,46,0.00,0.00,0,0
1432850408,s1-eth1,9360.00,181680.00,191040.00,18168,936,120.00,120.00,240.00,12,12,0.00,0.00,0,0
1432850408,s1-eth2,196820.00,9360.00,206180.00,936,19682,130.00,120.00,250.00,12,13,0.00,0.00,0,0
1432850408,s1-eth3,0.00,0.00,0.00,0,0,0.00,0.00,0.00,0,0,0.00,0.00,0,0
1432850408,s0,0.00,0.00,0.00,0,0,0.00,0.00,0.00,0,0,0.00,0.00,0,0
1432850408,eth0,0.00,0.00,0.00,0,0,0.00,0.00,0.00,0,0,0.00,0.00,0,0
1432850408,lo,0.00,0.00,0.00,0,0,0.00,0.00,0.00,0,0,0.00,0.00,0,0
1432850408,s1,0.00,0.00,0.00,0,0,0.00,0.00,0.00,0,0,0.00,0.00,0,0
1432850408,s0-eth1,181680.00,9360.00,191040.00,936,18168,120.00,120.00,240.00,12,12,0.00,0.00,0,0
1432850408,s0-eth2,9360.00,302800.00,312160.00,30280,936,120.00,200.00,320.00,20,12,0.00,0.00,0,0
1432850408,s0-eth3,0.00,0.00,0.00,0,0,0.00,0.00,0.00,0,0,0.00,0.00,0,0
1432850408,total,397220.00,503200.00,900420.00,50320,39722,490.00,560.00,1050.00,56,49,0.00,0.00,0,0
1432850409,s1-eth1,7366.34,179881.19,187247.53,18168,744,99.01,118.81,217.82,12,10,0.00,0.00,0,0
1432850409,s1-eth2,179881.19,7366.34,187247.53,744,18168,118.81,99.01,217.82,10,12,0.00,0.00,0,0
1432850409,s1-eth3,0.00,0.00,0.00,0,0,0.00,0.00,0.00,0,0,0.00,0.00,0,0
1432850409,s0,0.00,0.00,0.00,0,0,0.00,0.00,0.00,0,0,0.00,0.00,0,0
1432850409,eth0,0.00,0.00,0.00,0,0,0.00,0.00,0.00,0,0,0.00,0.00,0,0
1432850409,lo,0.00,0.00,0.00,0,0,0.00,0.00,0.00,0,0,0.00,0.00,0,0
1432850409,s1,0.00,0.00,0.00,0,0,0.00,0.00,0.00,0,0,0.00,0.00,0,0
1432850409,s0-eth1,179881.19,7366.34,187247.53,744,18168,118.81,99.01,217.82,10,12,0.00,0.00,0,0
1432850409,s0-eth2,7366.34,192910.91,200277.23,19484,744,99.01,99.01,198.02,10,10,0.00,0.00,0,0
1432850409,s0-eth3,0.00,0.00,0.00,0,0,0.00,0.00,0.00,0,0,0.00,0.00,0,0
1432850409,total,374495.06,387524.78,762019.81,39140,37824,435.64,415.84,851.49,42,44,0.00,0.00,0,0
1432850409,s1-eth1,3960.00,209980.00,213940.00,20998,396,60.00,110.00,170.00,11,6,0.00,0.00,0,0
1432850409,s1-eth2,209980.00,3960.00,213940.00,396,20998,110.00,60.00,170.00,6,11,0.00,0.00,0,0
1432850409,s1-eth3,0.00,0.00,0.00,0,0,0.00,0.00,0.00,0,0,0.00,0.00,0,0
1432850409,s0,0.00,0.00,0.00,0,0,0.00,0.00,0.00,0,0,0.00,0.00,0,0
1432850409,eth0,0.00,0.00,0.00,0,0,0.00,0.00,0.00,0,0,0.00,0.00,0,0
1432850409,lo,0.00,0.00,0.00,0,0,0.00,0.00,0.00,0,0,0.00,0.00,0,0
1432850409,s1,0.00,0.00,0.00,0,0,0.00,0.00,0.00,0,0,0.00,0.00,0,0
1432850409,s0-eth1,209980.00,3960.00,213940.00,396,20998,110.00,60.00,170.00,6,11,0.00,0.00,0,0
1432850409,s0-eth2,3960.00,177720.00,181680.00,17772,396,60.00,60.00,120.00,6,6,0.00,0.00,0,0
1432850409,s0-eth3,0.00,0.00,0.00,0,0,0.00,0.00,0.00,0,0,0.00,0.00,0,0
1432850409,total,427880.00,395620.00,823500.00,39562,42788,340.00,290.00,630.00,29,34,0.00,0.00,0,0
1432850409,s1-eth1,3960.00,177720.00,181680.00,17772,396,60.00,60.00,120.00,6,6,0.00,0.00,0,0
1432850409,s1-eth2,177720.00,4620.00,182340.00,462,17772,60.00,70.00,130.00,7,6,0.00,0.00,0,0
1432850409,s1-eth3,0.00,0.00,0.00,0,0,0.00,0.00,0.00,0,0,0.00,0.00,0,0
1432850409,s0,0.00,0.00,0.00,0,0,0.00,0.00,0.00,0,0,0.00,0.00,0,0
1432850409,eth0,0.00,0.00,0.00,0,0,0.00,0.00,0.00,0,0,0.00,0.00,0,0
1432850409,lo,0.00,0.00,0.00,0,0,0.00,0.00,0.00,0,0,0.00,0.00,0,0
1432850409,s1,0.00,0.00,0.00,0,0,0.00,0.00,0.00,0,0,0.00,0.00,0,0
1432850409,s0-eth1,177720.00,3960.00,181680.00,396,17772,60.00,60.00,120.00,6,6,0.00,0.00,0,0
1432850409,s0-eth2,3960.00,177720.00,181680.00,17772,396,60.00,60.00,120.00,6,6,0.00,0.00,0,0
1432850409,s0-eth3,0.00,0.00,0.00,0,0,0.00,0.00,0.00,0,0,0.00,0.00,0,0
1432850409,total,363360.00,364020.00,727380.00,36402,36336,240.00,250.00,490.00,25,24,0.00,0.00,0,0
1432850409,s1-eth1,4620.00,177720.00,182340.00,17772,462,70.00,60.00,130.00,6,7,0.00,0.00,0,0
1432850409,s1-eth2,177720.00,3960.00,181680.00,396,17772,60.00,60.00,120.00,6,6,0.00,0.00,0,0
1432850409,s1-eth3,0.00,0.00,0.00,0,0,0.00,0.00,0.00,0,0,0.00,0.00,0,0
1432850409,s0,0.00,0.00,0.00,0,0,0.00,0.00,0.00,0,0,0.00,0.00,0,0
1432850409,eth0,0.00,0.00,0.00,0,0,0.00,0.00,0.00,0,0,0.00,0.00,0,0
1432850409,lo,0.00,0.00,0.00,0,0,0.00,0.00,0.00,0,0,0.00,0.00,0,0
1432850409,s1,0.00,0.00,0.00,0,0,0.00,0.00,0.00,0,0,0.00,0.00,0,0
1432850409,s0-eth1,177720.00,4620.00,182340.00,462,17772,60.00,70.00,130.00,7,6,0.00,0.00,0,0
1432850409,s0-eth2,4620.00,207340.00,211960.00,20734,462,70.00,70.00,140.00,7,7,0.00,0.00,0,0
1432850409,s0-eth3,0.00,0.00,0.00,0,0,0.00,0.00,0.00,0,0,0.00,0.00,0,0
1432850409,total,364680.00,393640.00,758320.00,39364,36468,260.00,260.00,520.00,26,26,0.00,0.00,0,0
1432850409,s1-eth1,3960.00,177720.00,181680.00,17772,396,60.00,60.00,120.00,6,6,0.00,0.00,0,0
1432850409,s1-eth2,177720.00,3960.00,181680.00,396,17772,60.00,60.00,120.00,6,6,0.00,0.00,0,0
1432850409,s1-eth3,0.00,0.00,0.00,0,0,0.00,0.00,0.00,0,0,0.00,0.00,0,0
1432850409,s0,0.00,0.00,0.00,0,0,0.00,0.00,0.00,0,0,0.00,0.00,0,0
1432850409,eth0,0.00,0.00,0.00,0,0,0.00,0.00,0.00,0,0,0.00,0.00,0,0
1432850409,lo,0.00,0.00,0.00,0,0,0.00,0.00,0.00,0,0,0.00,0.00,0,0
1432850409,s1,0.00,0.00,0.00,0,0,0.00,0.00,0.00,0,0,0.00,0.00,0,0
1432850409,s0-eth1,177720.00,3960.00,181680.00,396,17772,60.00,60.00,120.00,6,6,0.00,0.00,0,0
1432850409,s0-eth2,3960.00,207340.00,211300.00,20734,396,60.00,70.00,130.00,7,6,0.00,0.00,0,0
1432850409,s0-eth3,0.00,0.00,0.00,0,0,0.00,0.00,0.00,0,0,0.00,0.00,0,0
1432850409,total,363360.00,392980.00,756340.00,39298,36336,240.00,250.00,490.00,25,24,0.00,0.00,0,0
1432850409,s1-eth1,3960.00,207340.00,211300.00,20734,396,60.00,70.00,130.00,7,6,0.00,0.00,0,0
1432850409,s1-eth2,177720.00,3960.00,181680.00,396,17772,60.00,60.00,120.00,6,6,0.00,0.00,0,0
1432850409,s1-eth3,0.00,0.00,0.00,0,0,0.00,0.00,0.00,0,0,0.00,0.00,0,0
1432850409,s0,0.00,0.00,0.00,0,0,0.00,0.00,0.00,0,0,0.00,0.00,0,0
1432850409,eth0,0.00,0.00,0.00,0,0,0.00,0.00,0.00,0,0,0.00,0.00,0,0
1432850409,lo,0.00,0.00,0.00,0,0,0.00,0.00,0.00,0,0,0.00,0.00,0,0
1432850409,s1,0.00,0.00,0.00,0,0,0.00,0.00,0.00,0,0,0.00,0.00,0,0
1432850409,s0-eth1,207340.00,3960.00,211300.00,396,20734,70.00,60.00,130.00,6,7,0.00,0.00,0,0
1432850409,s0-eth2,3960.00,177720.00,181680.00,17772,396,60.00,60.00,120.00,6,6,0.00,0.00,0,0
1432850409,s0-eth3,0.00,0.00,0.00,0,0,0.00,0.00,0.00,0,0,0.00,0.00,0,0
1432850409,total,392980.00,392980.00,785960.00,39298,39298,250.00,250.00,500.00,25,25,0.00,0.00,0,0
1432850409,s1-eth1,3960.00,177720.00,181680.00,17772,396,60.00,60.00,120.00,6,6,0.00,0.00,0,0
1432850409,s1-eth2,207340.00,3960.00,211300.00,396,20734,70.00,60.00,130.00,6,7,0.00,0.00,0,0
1432850409,s1-eth3,0.00,0.00,0.00,0,0,0.00,0.00,0.00,0,0,0.00,0.00,0,0
1432850409,s0,0.00,0.00,0.00,0,0,0.00,0.00,0.00,0,0,0.00,0.00,0,0
1432850409,eth0,0.00,0.00,0.00,0,0,0.00,0.00,0.00,0,0,0.00,0.00,0,0
1432850409,lo,0.00,0.00,0.00,0,0,0.00,0.00,0.00,0,0,0.00,0.00,0,0
1432850409,s1,0.00,0.00,0.00,0,0,0.00,0.00,0.00,0,0,0.00,0.00,0,0
1432850409,s0-eth1,177720.00,3960.00,181680.00,396,17772,60.00,60.00,120.00,6,6,0.00,0.00,0,0
1432850409,s0-eth2,3960.00,177720.00,181680.00,17772,396,60.00,60.00,120.00,6,6,0.00,0.00,0,0
1432850409,s0-eth3,0.00,0.00,0.00,0,0,0.00,0.00,0.00,0,0,0.00,0.00,0,0
1432850409,total,392980.00,363360.00,756340.00,36336,39298,250.00,240.00,490.00,24,25,0.00,0.00,0,0
1432850409,s1-eth1,4620.00,177720.00,182340.00,17772,462,70.00,60.00,130.00,6,7,0.00,0.00,0,0
1432850409,s1-eth2,177720.00,4620.00,182340.00,462,17772,60.00,70.00,130.00,7,6,0.00,0.00,0,0
1432850409,s1-eth3,0.00,0.00,0.00,0,0,0.00,0.00,0.00,0,0,0.00,0.00,0,0
1432850409,s0,0.00,0.00,0.00,0,0,0.00,0.00,0.00,0,0,0.00,0.00,0,0
1432850409,eth0,0.00,0.00,0.00,0,0,0.00,0.00,0.00,0,0,0.00,0.00,0,0
1432850409,lo,0.00,0.00,0.00,0,0,0.00,0.00,0.00,0,0,0.00,0.00,0,0
1432850409,s1,0.00,0.00,0.00,0,0,0.00,0.00,0.00,0,0,0.00,0.00,0,0
1432850409,s0-eth1,177720.00,4620.00,182340.00,462,17772,60.00,70.00,130.00,7,6,0.00,0.00,0,0
1432850409,s0-eth2,3960.00,177720.00,181680.00,17772,396,60.00,60.00,120.00,6,6,0.00,0.00,0,0
1432850409,s0-eth3,0.00,0.00,0.00,0,0,0.00,0.00,0.00,0,0,0.00,0.00,0,0
1432850409,total,364020.00,364680.00,728700.00,36468,36402,250.00,260.00,510.00,26,25,0.00,0.00,0,0
1432850409,s1-eth1,3960.00,177720.00,181680.00,17772,396,60.00,60.00,120.00,6,6,0.00,0.00,0,0
1432850409,s1-eth2,177720.00,3960.00,181680.00,396,17772,60.00,60.00,120.00,6,6,0.00,0.00,0,0
1432850409,s1-eth3,0.00,0.00,0.00,0,0,0.00,0.00,0.00,0,0,0.00,0.00,0,0
1432850409,s0,0.00,0.00,0.00,0,0,0.00,0.00,0.00,0,0,0.00,0.00,0,0
1432850409,eth0,0.00,0.00,0.00,0,0,0.00,0.00,0.00,0,0,0.00,0.00,0,0
1432850409,lo,0.00,0.00,0.00,0,0,0.00,0.00,0.00,0,0,0.00,0.00,0,0
1432850409,s1,0.00,0.00,0.00,0,0,0.00,0.00,0.00,0,0,0.00,0.00,0,0
1432850409,s0-eth1,177720.00,3960.00,181680.00,396,17772,60.00,60.00,120.00,6,6,0.00,0.00,0,0
1432850409,s0-eth2,4620.00,207340.00,211960.00,20734,462,70.00,70.00,140.00,7,7,0.00,0.00,0,0
1432850409,s0-eth3,0.00,0.00,0.00,0,0,0.00,0.00,0.00,0,0,0.00,0.00,0,0
1432850409,total,364020.00,392980.00,757000.00,39298,36402,250.00,250.00,500.00,25,25,0.00,0.00,0,0
1432850409,s1-eth1,3960.00,177720.00,181680.00,17772,396,60.00,60.00,120.00,6,6,0.00,0.00,0,0
1432850409,s1-eth2,177720.00,3960.00,181680.00,396,17772,60.00,60.00,120.00,6,6,0.00,0.00,0,0
1432850409,s1-eth3,0.00,0.00,0.00,0,0,0.00,0.00,0.00,0,0,0.00,0.00,0,0
1432850409,s0,0.00,0.00,0.00,0,0,0.00,0.00,0.00,0,0,0.00,0.00,0,0
1432850409,eth0,0.00,0.00,0.00,0,0,0.00,0.00,0.00,0,0,0.00,0.00,0,0
1432850409,lo,0.00,0.00,0.00,0,0,0.00,0.00,0.00,0,0,0.00,0.00,0,0
1432850409,s1,0.00,0.00,0.00,0,0,0.00,0.00,0.00,0,0,0.00,0.00,0,0
1432850409,s0-eth1,177720.00,3960.00,181680.00,396,17772,60.00,60.00,120.00,6,6,0.00,0.00,0,0
1432850409,s0-eth2,3960.00,207340.00,211300.00,20734,396,60.00,70.00,130.00,7,6,0.00,0.00,0,0
1432850409,s0-eth3,0.00,0.00,0.00,0,0,0.00,0.00,0.00,0,0,0.00,0.00,0,0
1432850409,total,363360.00,392980.00,756340.00,39298,36336,240.00,250.00,490.00,25,24,0.00,0.00,0,0
1432850410,s1-eth1,3920.79,205287.14,209207.92,20734,396,59.41,69.31,128.71,7,6,0.00,0.00,0,0
1432850410,s1-eth2,175960.41,3920.79,179881.19,396,17772,59.41,59.41,118.81,6,6,0.00,0.00,0,0
1432850410,s1-eth3,0.00,0.00,0.00,0,0,0.00,0.00,0.00,0,0,0.00,0.00,0,0
1432850410,s0,0.00,0.00,0.00,0,0,0.00,0.00,0.00,0,0,0.00,0.00,0,0
1432850410,eth0,0.00,0.00,0.00,0,0,0.00,0.00,0.00,0,0,0.00,0.00,0,0
1432850410,lo,0.00,0.00,0.00,0,0,0.00,0.00,0.00,0,0,0.00,0.00,0,0
1432850410,s1,0.00,0.00,0.00,0,0,0.00,0.00,0.00,0,0,0.00,0.00,0,0
1432850410,s0-eth1,205287.14,3920.79,209207.92,396,20734,69.31,59.41,128.71,6,7,0.00,0.00,0,0
1432850410,s0-eth2,3920.79,175960.41,179881.19,17772,396,59.41,59.41,118.81,6,6,0.00,0.00,0,0
1432850410,s0-eth3,0.00,0.00,0.00,0,0,0.00,0.00,0.00,0,0,0.00,0.00,0,0
1432850410,total,389089.12,389089.12,778178.25,39298,39298,247.52,247.52,495.05,25,25,0.00,0.00,0,0
1432850410,s1-eth1,3960.00,177720.00,181680.00,17772,396,60.00,60.00,120.00,6,6,0.00,0.00,0,0
1432850410,s1-eth2,207340.00,4620.00,211960.00,462,20734,70.00,70.00,140.00,7,7,0.00,0.00,0,0
1432850410,s1-eth3,0.00,0.00,0.00,0,0,0.00,0.00,0.00,0,0,0.00,0.00,0,0
1432850410,s0,0.00,0.00,0.00,0,0,0.00,0.00,0.00,0,0,0.00,0.00,0,0
1432850410,eth0,0.00,0.00,0.00,0,0,0.00,0.00,0.00,0,0,0.00,0.00,0,0
1432850410,lo,0.00,0.00,0.00,0,0,0.00,0.00,0.00,0,0,0.00,0.00,0,0
1432850410,s1,0.00,0.00,0.00,0,0,0.00,0.00,0.00,0,0,0.00,0.00,0,0
1432850410,s0-eth1,177720.00,3960.00,181680.00,396,17772,60.00,60.00,120.00,6,6,0.00,0.00,0,0
1432850410,s0-eth2,3960.00,177720.00,181680.00,17772,396,60.00,60.00,120.00,6,6,0.00,0.00,0,0
1432850410,s0-eth3,0.00,0.00,0.00,0,0,0.00,0.00,0.00,0,0,0.00,0.00,0,0
1432850410,total,392980.00,364020.00,757000.00,36402,39298,250.00,250.00,500.00,25,25,0.00,0.00,0,0
1432850410,s1-eth1,4620.00,177720.00,182340.00,17772,462,70.00,60.00,130.00,6,7,0.00,0.00,0,0
1432850410,s1-eth2,177720.00,3960.00,181680.00,396,17772,60.00,60.00,120.00,6,6,0.00,0.00,0,0
1432850410,s1-eth3,0.00,0.00,0.00,0,0,0.00,0.00,0.00,0,0,0.00,0.00,0,0
1432850410,s0,0.00,0.00,0.00,0,0,0.00,0.00,0.00,0,0,0.00,0.00,0,0
1432850410,eth0,0.00,0.00,0.00,0,0,0.00,0.00,0.00,0,0,0.00,0.00,0,0
1432850410,lo,0.00,0.00,0.00,0,0,0.00,0.00,0.00,0,0,0.00,0.00,0,0
1432850410,s1,0.00,0.00,0.00,0,0,0.00,0.00,0.00,0,0,0.00,0.00,0,0
1432850410,s0-eth1,177720.00,4620.00,182340.00,462,17772,60.00,70.00,130.00,7,6,0.00,0.00,0,0
1432850410,s0-eth2,3960.00,177720.00,181680.00,17772,396,60.00,60.00,120.00,6,6,0.00,0.00,0,0
1432850410,s0-eth3,0.00,0.00,0.00,0,0,0.00,0.00,0.00,0,0,0.00,0.00,0,0
1432850410,total,364020.00,364020.00,728040.00,36402,36402,250.00,250.00,500.00,25,25,0.00,0.00,0,0
1432850410,s1-eth1,3960.00,177720.00,181680.00,17772,396,60.00,60.00,120.00,6,6,0.00,0.00,0,0
1432850410,s1-eth2,177720.00,3960.00,181680.00,396,17772,60.00,60.00,120.00,6,6,0.00,0.00,0,0
1432850410,s1-eth3,0.00,0.00,0.00,0,0,0.00,0.00,0.00,0,0,0.00,0.00,0,0
1432850410,s0,0.00,0.00,0.00,0,0,0.00,0.00,0.00,0,0,0.00,0.00,0,0
1432850410,eth0,0.00,0.00,0.00,0,0,0.00,0.00,0.00,0,0,0.00,0.00,0,0
1432850410,lo,0.00,0.00,0.00,0,0,0.00,0.00,0.00,0,0,0.00,0.00,0,0
1432850410,s1,0.00,0.00,0.00,0,0,0.00,0.00,0.00,0,0,0.00,0.00,0,0
1432850410,s0-eth1,177720.00,3960.00,181680.00,396,17772,60.00,60.00,120.00,6,6,0.00,0.00,0,0
1432850410,s0-eth2,4620.00,207340.00,211960.00,20734,462,70.00,70.00,140.00,7,7,0.00,0.00,0,0
1432850410,s0-eth3,0.00,0.00,0.00,0,0,0.00,0.00,0.00,0,0,0.00,0.00,0,0
1432850410,total,364020.00,392980.00,757000.00,39298,36402,250.00,250.00,500.00,25,25,0.00,0.00,0,0
1432850410,s1-eth1,3960.00,177720.00,181680.00,17772,396,60.00,60.00,120.00,6,6,0.00,0.00,0,0
1432850410,s1-eth2,177720.00,3960.00,181680.00,396,17772,60.00,60.00,120.00,6,6,0.00,0.00,0,0
1432850410,s1-eth3,0.00,0.00,0.00,0,0,0.00,0.00,0.00,0,0,0.00,0.00,0,0
1432850410,s0,0.00,0.00,0.00,0,0,0.00,0.00,0.00,0,0,0.00,0.00,0,0
1432850410,eth0,0.00,0.00,0.00,0,0,0.00,0.00,0.00,0,0,0.00,0.00,0,0
1432850410,lo,0.00,0.00,0.00,0,0,0.00,0.00,0.00,0,0,0.00,0.00,0,0
1432850410,s1,0.00,0.00,0.00,0,0,0.00,0.00,0.00,0,0,0.00,0.00,0,0
1432850410,s0-eth1,177720.00,3960.00,181680.00,396,17772,60.00,60.00,120.00,6,6,0.00,0.00,0,0
1432850410,s0-eth2,3960.00,177720.00,181680.00,17772,396,60.00,60.00,120.00,6,6,0.00,0.00,0,0
1432850410,s0-eth3,0.00,0.00,0.00,0,0,0.00,0.00,0.00,0,0,0.00,0.00,0,0
1432850410,total,363360.00,363360.00,726720.00,36336,36336,240.00,240.00,480.00,24,24,0.00,0.00,0,0
1432850410,s1-eth1,3960.00,207340.00,211300.00,20734,396,60.00,70.00,130.00,7,6,0.00,0.00,0,0
1432850410,s1-eth2,177720.00,3960.00,181680.00,396,17772,60.00,60.00,120.00,6,6,0.00,0.00,0,0
1432850410,s1-eth3,0.00,0.00,0.00,0,0,0.00,0.00,0.00,0,0,0.00,0.00,0,0
1432850410,s0,0.00,0.00,0.00,0,0,0.00,0.00,0.00,0,0,0.00,0.00,0,0
1432850410,eth0,0.00,0.00,0.00,0,0,0.00,0.00,0.00,0,0,0.00,0.00,0,0
1432850410,lo,0.00,0.00,0.00,0,0,0.00,0.00,0.00,0,0,0.00,0.00,0,0
1432850410,s1,0.00,0.00,0.00,0,0,0.00,0.00,0.00,0,0,0.00,0.00,0,0
1432850410,s0-eth1,207340.00,3960.00,211300.00,396,20734,70.00,60.00,130.00,6,7,0.00,0.00,0,0
1432850410,s0-eth2,3960.00,207340.00,211300.00,20734,396,60.00,70.00,130.00,7,6,0.00,0.00,0,0
1432850410,s0-eth3,0.00,0.00,0.00,0,0,0.00,0.00,0.00,0,0,0.00,0.00,0,0
1432850410,total,392980.00,422600.00,815580.00,42260,39298,250.00,260.00,510.00,26,25,0.00,0.00,0,0
1432850410,s1-eth1,3960.00,177720.00,181680.00,17772,396,60.00,60.00,120.00,6,6,0.00,0.00,0,0
1432850410,s1-eth2,207340.00,4620.00,211960.00,462,20734,70.00,70.00,140.00,7,7,0.00,0.00,0,0
1432850410,s1-eth3,0.00,0.00,0.00,0,0,0.00,0.00,0.00,0,0,0.00,0.00,0,0
1432850410,s0,0.00,0.00,0.00,0,0,0.00,0.00,0.00,0,0,0.00,0.00,0,0
1432850410,eth0,0.00,0.00,0.00,0,0,0.00,0.00,0.00,0,0,0.00,0.00,0,0
1432850410,lo,0.00,0.00,0.00,0,0,0.00,0.00,0.00,0,0,0.00,0.00,0,0
1432850410,s1,0.00,0.00,0.00,0,0,0.00,0.00,0.00,0,0,0.00,0.00,0,0
1432850410,s0-eth1,177720.00,3960.00,181680.00,396,17772,60.00,60.00,120.00,6,6,0.00,0.00,0,0
1432850410,s0-eth2,3960.00,177720.00,181680.00,17772,396,60.00,60.00,120.00,6,6,0.00,0.00,0,0
1432850410,s0-eth3,0.00,0.00,0.00,0,0,0.00,0.00,0.00,0,0,0.00,0.00,0,0
1432850410,total,392980.00,364020.00,757000.00,36402,39298,250.00,250.00,500.00,25,25,0.00,0.00,0,0
1432850410,s1-eth1,4620.00,177720.00,182340.00,17772,462,70.00,60.00,130.00,6,7,0.00,0.00,0,0
1432850410,s1-eth2,177720.00,3960.00,181680.00,396,17772,60.00,60.00,120.00,6,6,0.00,0.00,0,0
1432850410,s1-eth3,0.00,0.00,0.00,0,0,0.00,0.00,0.00,0,0,0.00,0.00,0,0
1432850410,s0,0.00,0.00,0.00,0,0,0.00,0.00,0.00,0,0,0.00,0.00,0,0
1432850410,eth0,0.00,0.00,0.00,0,0,0.00,0.00,0.00,0,0,0.00,0.00,0,0
1432850410,lo,0.00,0.00,0.00,0,0,0.00,0.00,0.00,0,0,0.00,0.00,0,0
1432850410,s1,0.00,0.00,0.00,0,0,0.00,0.00,0.00,0,0,0.00,0.00,0,0
1432850410,s0-eth1,177720.00,4620.00,182340.00,462,17772,60.00,70.00,130.00,7,6,0.00,0.00,0,0
1432850410,s0-eth2,4620.00,177720.00,182340.00,17772,462,70.00,60.00,130.00,6,7,0.00,0.00,0,0
1432850410,s0-eth3,0.00,0.00,0.00,0,0,0.00,0.00,0.00,0,0,0.00,0.00,0,0
1432850410,total,364680.00,364020.00,728700.00,36402,36468,260.00,250.00,510.00,25,26,0.00,0.00,0,0
1432850410,s1-eth1,3960.00,177720.00,181680.00,17772,396,60.00,60.00,120.00,6,6,0.00,0.00,0,0
1432850410,s1-eth2,177720.00,3960.00,181680.00,396,17772,60.00,60.00,120.00,6,6,0.00,0.00,0,0
1432850410,s1-eth3,0.00,0.00,0.00,0,0,0.00,0.00,0.00,0,0,0.00,0.00,0,0
1432850410,s0,0.00,0.00,0.00,0,0,0.00,0.00,0.00,0,0,0.00,0.00,0,0
1432850410,eth0,0.00,0.00,0.00,0,0,0.00,0.00,0.00,0,0,0.00,0.00,0,0
1432850410,lo,0.00,0.00,0.00,0,0,0.00,0.00,0.00,0,0,0.00,0.00,0,0
1432850410,s1,0.00,0.00,0.00,0,0,0.00,0.00,0.00,0,0,0.00,0.00,0,0
1432850410,s0-eth1,177720.00,3960.00,181680.00,396,17772,60.00,60.00,120.00,6,6,0.00,0.00,0,0
1432850410,s0-eth2,3960.00,207340.00,211300.00,20734,396,60.00,70.00,130.00,7,6,0.00,0.00,0,0
1432850410,s0-eth3,0.00,0.00,0.00,0,0,0.00,0.00,0.00,0,0,0.00,0.00,0,0
1432850410,total,363360.00,392980.00,756340.00,39298,36336,240.00,250.00,490.00,25,24,0.00,0.00,0,0
1432850410,s1-eth1,3960.00,177720.00,181680.00,17772,396,60.00,60.00,120.00,6,6,0.00,0.00,0,0
1432850410,s1-eth2,177720.00,3960.00,181680.00,396,17772,60.00,60.00,120.00,6,6,0.00,0.00,0,0
1432850410,s1-eth3,0.00,0.00,0.00,0,0,0.00,0.00,0.00,0,0,0.00,0.00,0,0
1432850410,s0,0.00,0.00,0.00,0,0,0.00,0.00,0.00,0,0,0.00,0.00,0,0
1432850410,eth0,0.00,0.00,0.00,0,0,0.00,0.00,0.00,0,0,0.00,0.00,0,0
1432850410,lo,0.00,0.00,0.00,0,0,0.00,0.00,0.00,0,0,0.00,0.00,0,0
1432850410,s1,0.00,0.00,0.00,0,0,0.00,0.00,0.00,0,0,0.00,0.00,0,0
1432850410,s0-eth1,177720.00,3960.00,181680.00,396,17772,60.00,60.00,120.00,6,6,0.00,0.00,0,0
1432850410,s0-eth2,3960.00,177720.00,181680.00,17772,396,60.00,60.00,120.00,6,6,0.00,0.00,0,0
1432850410,s0-eth3,0.00,0.00,0.00,0,0,0.00,0.00,0.00,0,0,0.00,0.00,0,0
1432850410,total,363360.00,363360.00,726720.00,36336,36336,240.00,240.00,480.00,24,24,0.00,0.00,0,0
1432850411,s1-eth1,3920.79,205287.14,209207.92,20734,396,59.41,69.31,128.71,7,6,0.00,0.00,0,0
1432850411,s1-eth2,205287.14,3920.79,209207.92,396,20734,69.31,59.41,128.71,6,7,0.00,0.00,0,0
1432850411,s1-eth3,0.00,0.00,0.00,0,0,0.00,0.00,0.00,0,0,0.00,0.00,0,0
1432850411,s0,0.00,0.00,0.00,0,0,0.00,0.00,0.00,0,0,0.00,0.00,0,0
1432850411,eth0,0.00,0.00,0.00,0,0,0.00,0.00,0.00,0,0,0.00,0.00,0,0
1432850411,lo,0.00,0.00,0.00,0,0,0.00,0.00,0.00,0,0,0.00,0.00,0,0
1432850411,s1,0.00,0.00,0.00,0,0,0.00,0.00,0.00,0,0,0.00,0.00,0,0
1432850411,s0-eth1,205287.14,3920.79,209207.92,396,20734,69.31,59.41,128.71,6,7,0.00,0.00,0,0
1432850411,s0-eth2,3920.79,175960.41,179881.19,17772,396,59.41,59.41,118.81,6,6,0.00,0.00,0,0
1432850411,s0-eth3,0.00,0.00,0.00,0,0,0.00,0.00,0.00,0,0,0.00,0.00,0,0
1432850411,total,418415.84,389089.12,807505.00,39298,42260,257.43,247.52,504.95,25,26,0.00,0.00,0,0
1432850411,s1-eth1,3960.00,177720.00,181680.00,17772,396,60.00,60.00,120.00,6,6,0.00,0.00,0,0
1432850411,s1-eth2,177720.00,4620.00,182340.00,462,17772,60.00,70.00,130.00,7,6,0.00,0.00,0,0
1432850411,s1-eth3,0.00,0.00,0.00,0,0,0.00,0.00,0.00,0,0,0.00,0.00,0,0
1432850411,s0,0.00,0.00,0.00,0,0,0.00,0.00,0.00,0,0,0.00,0.00,0,0
1432850411,eth0,0.00,0.00,0.00,0,0,0.00,0.00,0.00,0,0,0.00,0.00,0,0
1432850411,lo,0.00,0.00,0.00,0,0,0.00,0.00,0.00,0,0,0.00,0.00,0,0
1432850411,s1,0.00,0.00,0.00,0,0,0.00,0.00,0.00,0,0,0.00,0.00,0,0
1432850411,s0-eth1,177720.00,3960.00,181680.00,396,17772,60.00,60.00,120.00,6,6,0.00,0.00,0,0
1432850411,s0-eth2,3960.00,177720.00,181680.00,17772,396,60.00,60.00,120.00,6,6,0.00,0.00,0,0
1432850411,s0-eth3,0.00,0.00,0.00,0,0,0.00,0.00,0.00,0,0,0.00,0.00,0,0
1432850411,total,363360.00,364020.00,727380.00,36402,36336,240.00,250.00,490.00,25,24,0.00,0.00,0,0
1432850411,s1-eth1,4620.00,177720.00,182340.00,17772,462,70.00,60.00,130.00,6,7,0.00,0.00,0,0
1432850411,s1-eth2,177720.00,3960.00,181680.00,396,17772,60.00,60.00,120.00,6,6,0.00,0.00,0,0
1432850411,s1-eth3,0.00,0.00,0.00,0,0,0.00,0.00,0.00,0,0,0.00,0.00,0,0
1432850411,s0,0.00,0.00,0.00,0,0,0.00,0.00,0.00,0,0,0.00,0.00,0,0
1432850411,eth0,0.00,0.00,0.00,0,0,0.00,0.00,0.00,0,0,0.00,0.00,0,0
1432850411,lo,3440.00,3440.00,6880.00,344,344,60.00,60.00,120.00,6,6,0.00,0.00,0,0
1432850411,s1,0.00,0.00,0.00,0,0,0.00,0.00,0.00,0,0,0.00,0.00,0,0
1432850411,s0-eth1,177720.00,4620.00,182340.00,462,17772,60.00,70.00,130.00,7,6,0.00,0.00,0,0
1432850411,s0-eth2,4620.00,207340.00,211960.00,20734,462,70.00,70.00,140.00,7,7,0.00,0.00,0,0
1432850411,s0-eth3,0.00,0.00,0.00,0,0,0.00,0.00,0.00,0,0,0.00,0.00,0,0
1432850411,total,368120.00,397080.00,765200.00,39708,36812,320.00,320.00,640.00,32,32,0.00,0.00,0,0
1432850411,s1-eth1,3960.00,177720.00,181680.00,17772,396,60.00,60.00,120.00,6,6,0.00,0.00,0,0
1432850411,s1-eth2,177720.00,3960.00,181680.00,396,17772,60.00,60.00,120.00,6,6,0.00,0.00,0,0
1432850411,s1-eth3,0.00,0.00,0.00,0,0,0.00,0.00,0.00,0,0,0.00,0.00,0,0
1432850411,s0,0.00,0.00,0.00,0,0,0.00,0.00,0.00,0,0,0.00,0.00,0,0
1432850411,eth0,0.00,0.00,0.00,0,0,0.00,0.00,0.00,0,0,0.00,0.00,0,0
1432850411,lo,0.00,0.00,0.00,0,0,0.00,0.00,0.00,0,0,0.00,0.00,0,0
1432850411,s1,0.00,0.00,0.00,0,0,0.00,0.00,0.00,0,0,0.00,0.00,0,0
1432850411,s0-eth1,177720.00,3960.00,181680.00,396,17772,60.00,60.00,120.00,6,6,0.00,0.00,0,0
1432850411,s0-eth2,3960.00,207340.00,211300.00,20734,396,60.00,70.00,130.00,7,6,0.00,0.00,0,0
1432850411,s0-eth3,0.00,0.00,0.00,0,0,0.00,0.00,0.00,0,0,0.00,0.00,0,0
1432850411,total,363360.00,392980.00,756340.00,39298,36336,240.00,250.00,490.00,25,24,0.00,0.00,0,0
1432850411,s1-eth1,3960.00,207340.00,211300.00,20734,396,60.00,70.00,130.00,7,6,0.00,0.00,0,0
1432850411,s1-eth2,177720.00,3960.00,181680.00,396,17772,60.00,60.00,120.00,6,6,0.00,0.00,0,0
1432850411,s1-eth3,0.00,0.00,0.00,0,0,0.00,0.00,0.00,0,0,0.00,0.00,0,0
1432850411,s0,0.00,0.00,0.00,0,0,0.00,0.00,0.00,0,0,0.00,0.00,0,0
1432850411,eth0,0.00,0.00,0.00,0,0,0.00,0.00,0.00,0,0,0.00,0.00,0,0
1432850411,lo,0.00,0.00,0.00,0,0,0.00,0.00,0.00,0,0,0.00,0.00,0,0
1432850411,s1,0.00,0.00,0.00,0,0,0.00,0.00,0.00,0,0,0.00,0.00,0,0
1432850411,s0-eth1,207340.00,3960.00,211300.00,396,20734,70.00,60.00,130.00,6,7,0.00,0.00,0,0
1432850411,s0-eth2,3960.00,177720.00,181680.00,17772,396,60.00,60.00,120.00,6,6,0.00,0.00,0,0
1432850411,s0-eth3,0.00,0.00,0.00,0,0,0.00,0.00,0.00,0,0,0.00,0.00,0,0
1432850411,total,392980.00,392980.00,785960.00,39298,39298,250.00,250.00,500.00,25,25,0.00,0.00,0,0
1432850411,s1-eth1,4380.00,177720.00,182100.00,17772,438,70.00,60.00,130.00,6,7,0.00,0.00,0,0
1432850411,s1-eth2,207340.00,4380.00,211720.00,438,20734,70.00,70.00,140.00,7,7,0.00,0.00,0,0
1432850411,s1-eth3,0.00,0.00,0.00,0,0,0.00,0.00,0.00,0,0,0.00,0.00,0,0
1432850411,s0,0.00,0.00,0.00,0,0,0.00,0.00,0.00,0,0,0.00,0.00,0,0
1432850411,eth0,0.00,0.00,0.00,0,0,0.00,0.00,0.00,0,0,0.00,0.00,0,0
1432850411,lo,5920.00,5920.00,11840.00,592,592,60.00,60.00,120.00,6,6,0.00,0.00,0,0
1432850411,s1,0.00,0.00,0.00,0,0,0.00,0.00,0.00,0,0,0.00,0.00,0,0
1432850411,s0-eth1,177720.00,4380.00,182100.00,438,17772,60.00,70.00,130.00,7,6,0.00,0.00,0,0
1432850411,s0-eth2,4380.00,178140.00,182520.00,17814,438,70.00,70.00,140.00,7,7,0.00,0.00,0,0
1432850411,s0-eth3,0.00,0.00,0.00,0,0,0.00,0.00,0.00,0,0,0.00,0.00,0,0
1432850411,total,399740.00,370540.00,770280.00,37054,39974,330.00,330.00,660.00,33,33,0.00,0.00,0,0
1432850411,s1-eth1,4620.00,177720.00,182340.00,17772,462,70.00,60.00,130.00,6,7,0.00,0.00,0,0
1432850411,s1-eth2,177720.00,4620.00,182340.00,462,17772,60.00,70.00,130.00,7,6,0.00,0.00,0,0
1432850411,s1-eth3,0.00,0.00,0.00,0,0,0.00,0.00,0.00,0,0,0.00,0.00,0,0
1432850411,s0,0.00,0.00,0.00,0,0,0.00,0.00,0.00,0,0,0.00,0.00,0,0
1432850411,eth0,0.00,0.00,0.00,0,0,0.00,0.00,0.00,0,0,0.00,0.00,0,0
1432850411,lo,0.00,0.00,0.00,0,0,0.00,0.00,0.00,0,0,0.00,0.00,0,0
1432850411,s1,0.00,0.00,0.00,0,0,0.00,0.00,0.00,0,0,0.00,0.00,0,0
1432850411,s0-eth1,177720.00,4620.00,182340.00,462,17772,60.00,70.00,130.00,7,6,0.00,0.00,0,0
1432850411,s0-eth2,3960.00,177720.00,181680.00,17772,396,60.00,60.00,120.00,6,6,0.00,0.00,0,0
1432850411,s0-eth3,0.00,0.00,0.00,0,0,0.00,0.00,0.00,0,0,0.00,0.00,0,0
1432850411,total,364020.00,364680.00,728700.00,36468,36402,250.00,260.00,510.00,26,25,0.00,0.00,0,0
1432850411,s1-eth1,3960.00,178140.00,182100.00,17814,396,60.00,70.00,130.00,7,6,0.00,0.00,0,0
1432850411,s1-eth2,178140.00,3960.00,182100.00,396,17814,70.00,60.00,130.00,6,7,0.00,0.00,0,0
1432850411,s1-eth3,0.00,0.00,0.00,0,0,0.00,0.00,0.00,0,0,0.00,0.00,0,0
1432850411,s0,0.00,0.00,0.00,0,0,0.00,0.00,0.00,0,0,0.00,0.00,0,0
1432850411,eth0,0.00,0.00,0.00,0,0,0.00,0.00,0.00,0,0,0.00,0.00,0,0
1432850411,lo,0.00,0.00,0.00,0,0,0.00,0.00,0.00,0,0,0.00,0.00,0,0
1432850411,s1,0.00,0.00,0.00,0,0,0.00,0.00,0.00,0,0,0.00,0.00,0,0
1432850411,s0-eth1,178140.00,3960.00,182100.00,396,17814,70.00,60.00,130.00,6,7,0.00,0.00,0,0
1432850411,s0-eth2,4620.00,177720.00,182340.00,17772,462,70.00,60.00,130.00,6,7,0.00,0.00,0,0
1432850411,s0-eth3,0.00,0.00,0.00,0,0,0.00,0.00,0.00,0,0,0.00,0.00,0,0
1432850411,total,364860.00,363780.00,728640.00,36378,36486,270.00,250.00,520.00,25,27,0.00,0.00,0,0
1432850411,s1-eth1,3960.00,177720.00,181680.00,17772,396,60.00,60.00,120.00,6,6,0.00,0.00,0,0
1432850411,s1-eth2,177720.00,3960.00,181680.00,396,17772,60.00,60.00,120.00,6,6,0.00,0.00,0,0
1432850411,s1-eth3,0.00,0.00,0.00,0,0,0.00,0.00,0.00,0,0,0.00,0.00,0,0
1432850411,s0,0.00,0.00,0.00,0,0,0.00,0.00,0.00,0,0,0.00,0.00,0,0
1432850411,eth0,0.00,0.00,0.00,0,0,0.00,0.00,0.00,0,0,0.00,0.00,0,0
1432850411,lo,0.00,0.00,0.00,0,0,0.00,0.00,0.00,0,0,0.00,0.00,0,0
1432850411,s1,0.00,0.00,0.00,0,0,0.00,0.00,0.00,0,0,0.00,0.00,0,0
1432850411,s0-eth1,177720.00,3960.00,181680.00,396,17772,60.00,60.00,120.00,6,6,0.00,0.00,0,0
1432850411,s0-eth2,3960.00,207340.00,211300.00,20734,396,60.00,70.00,130.00,7,6,0.00,0.00,0,0
1432850411,s0-eth3,0.00,0.00,0.00,0,0,0.00,0.00,0.00,0,0,0.00,0.00,0,0
1432850411,total,363360.00,392980.00,756340.00,39298,36336,240.00,250.00,490.00,25,24,0.00,0.00,0,0
1432850411,s1-eth1,3960.00,207340.00,211300.00,20734,396,60.00,70.00,130.00,7,6,0.00,0.00,0,0
1432850411,s1-eth2,177720.00,3960.00,181680.00,396,17772,60.00,60.00,120.00,6,6,0.00,0.00,0,0
1432850411,s1-eth3,0.00,0.00,0.00,0,0,0.00,0.00,0.00,0,0,0.00,0.00,0,0
1432850411,s0,0.00,0.00,0.00,0,0,0.00,0.00,0.00,0,0,0.00,0.00,0,0
1432850411,eth0,0.00,0.00,0.00,0,0,0.00,0.00,0.00,0,0,0.00,0.00,0,0
1432850411,lo,0.00,0.00,0.00,0,0,0.00,0.00,0.00,0,0,0.00,0.00,0,0
1432850411,s1,0.00,0.00,0.00,0,0,0.00,0.00,0.00,0,0,0.00,0.00,0,0
1432850411,s0-eth1,207340.00,3960.00,211300.00,396,20734,70.00,60.00,130.00,6,7,0.00,0.00,0,0
1432850411,s0-eth2,3960.00,207340.00,211300.00,20734,396,60.00,70.00,130.00,7,6,0.00,0.00,0,0
1432850411,s0-eth3,0.00,0.00,0.00,0,0,0.00,0.00,0.00,0,0,0.00,0.00,0,0
1432850411,total,392980.00,422600.00,815580.00,42260,39298,250.00,260.00,510.00,26,25,0.00,0.00,0,0
1432850412,s1-eth1,3920.79,175960.41,179881.19,17772,396,59.41,59.41,118.81,6,6,0.00,0.00,0,0
1432850412,s1-eth2,205287.14,3920.79,209207.92,396,20734,69.31,59.41,128.71,6,7,0.00,0.00,0,0
1432850412,s1-eth3,0.00,0.00,0.00,0,0,0.00,0.00,0.00,0,0,0.00,0.00,0,0
1432850412,s0,0.00,0.00,0.00,0,0,0.00,0.00,0.00,0,0,0.00,0.00,0,0
1432850412,eth0,0.00,0.00,0.00,0,0,0.00,0.00,0.00,0,0,0.00,0.00,0,0
1432850412,lo,0.00,0.00,0.00,0,0,0.00,0.00,0.00,0,0,0.00,0.00,0,0
1432850412,s1,0.00,0.00,0.00,0,0,0.00,0.00,0.00,0,0,0.00,0.00,0,0
1432850412,s0-eth1,175960.41,3920.79,179881.19,396,17772,59.41,59.41,118.81,6,6,0.00,0.00,0,0
1432850412,s0-eth2,3920.79,175960.41,179881.19,17772,396,59.41,59.41,118.81,6,6,0.00,0.00,0,0
1432850412,s0-eth3,0.00,0.00,0.00,0,0,0.00,0.00,0.00,0,0,0.00,0.00,0,0
1432850412,total,389089.12,359762.38,748851.50,36336,39298,247.52,237.62,485.15,24,25,0.00,0.00,0,0
1432850412,s1-eth1,4620.00,177720.00,182340.00,17772,462,70.00,60.00,130.00,6,7,0.00,0.00,0,0
1432850412,s1-eth2,177720.00,4620.00,182340.00,462,17772,60.00,70.00,130.00,7,6,0.00,0.00,0,0
1432850412,s1-eth3,0.00,0.00,0.00,0,0,0.00,0.00,0.00,0,0,0.00,0.00,0,0
1432850412,s0,0.00,0.00,0.00,0,0,0.00,0.00,0.00,0,0,0.00,0.00,0,0
1432850412,eth0,0.00,0.00,0.00,0,0,0.00,0.00,0.00,0,0,0.00,0.00,0,0
1432850412,lo,0.00,0.00,0.00,0,0,0.00,0.00,0.00,0,0,0.00,0.00,0,0
1432850412,s1,0.00,0.00,0.00,0,0,0.00,0.00,0.00,0,0,0.00,0.00,0,0
1432850412,s0-eth1,177720.00,4620.00,182340.00,462,17772,60.00,70.00,130.00,7,6,0.00,0.00,0,0
1432850412,s0-eth2,3960.00,177720.00,181680.00,17772,396,60.00,60.00,120.00,6,6,0.00,0.00,0,0
1432850412,s0-eth3,0.00,0.00,0.00,0,0,0.00,0.00,0.00,0,0,0.00,0.00,0,0
1432850412,total,364020.00,364680.00,728700.00,36468,36402,250.00,260.00,510.00,26,25,0.00,0.00,0,0
1432850412,s1-eth1,3960.00,177720.00,181680.00,17772,396,60.00,60.00,120.00,6,6,0.00,0.00,0,0
1432850412,s1-eth2,177720.00,3960.00,181680.00,396,17772,60.00,60.00,120.00,6,6,0.00,0.00,0,0
1432850412,s1-eth3,0.00,0.00,0.00,0,0,0.00,0.00,0.00,0,0,0.00,0.00,0,0
1432850412,s0,0.00,0.00,0.00,0,0,0.00,0.00,0.00,0,0,0.00,0.00,0,0
1432850412,eth0,0.00,0.00,0.00,0,0,0.00,0.00,0.00,0,0,0.00,0.00,0,0
1432850412,lo,0.00,0.00,0.00,0,0,0.00,0.00,0.00,0,0,0.00,0.00,0,0
1432850412,s1,0.00,0.00,0.00,0,0,0.00,0.00,0.00,0,0,0.00,0.00,0,0
1432850412,s0-eth1,177720.00,3960.00,181680.00,396,17772,60.00,60.00,120.00,6,6,0.00,0.00,0,0
1432850412,s0-eth2,4620.00,207340.00,211960.00,20734,462,70.00,70.00,140.00,7,7,0.00,0.00,0,0
1432850412,s0-eth3,0.00,0.00,0.00,0,0,0.00,0.00,0.00,0,0,0.00,0.00,0,0
1432850412,total,364020.00,392980.00,757000.00,39298,36402,250.00,250.00,500.00,25,25,0.00,0.00,0,0
1432850412,s1-eth1,3960.00,177720.00,181680.00,17772,396,60.00,60.00,120.00,6,6,0.00,0.00,0,0
1432850412,s1-eth2,177720.00,3960.00,181680.00,396,17772,60.00,60.00,120.00,6,6,0.00,0.00,0,0
1432850412,s1-eth3,0.00,0.00,0.00,0,0,0.00,0.00,0.00,0,0,0.00,0.00,0,0
1432850412,s0,0.00,0.00,0.00,0,0,0.00,0.00,0.00,0,0,0.00,0.00,0,0
1432850412,eth0,0.00,0.00,0.00,0,0,0.00,0.00,0.00,0,0,0.00,0.00,0,0
1432850412,lo,0.00,0.00,0.00,0,0,0.00,0.00,0.00,0,0,0.00,0.00,0,0
1432850412,s1,0.00,0.00,0.00,0,0,0.00,0.00,0.00,0,0,0.00,0.00,0,0
1432850412,s0-eth1,177720.00,3960.00,181680.00,396,17772,60.00,60.00,120.00,6,6,0.00,0.00,0,0
1432850412,s0-eth2,3960.00,177720.00,181680.00,17772,396,60.00,60.00,120.00,6,6,0.00,0.00,0,0
1432850412,s0-eth3,0.00,0.00,0.00,0,0,0.00,0.00,0.00,0,0,0.00,0.00,0,0
1432850412,total,363360.00,363360.00,726720.00,36336,36336,240.00,240.00,480.00,24,24,0.00,0.00,0,0
1432850412,s1-eth1,3960.00,207340.00,211300.00,20734,396,60.00,70.00,130.00,7,6,0.00,0.00,0,0
1432850412,s1-eth2,177720.00,3960.00,181680.00,396,17772,60.00,60.00,120.00,6,6,0.00,0.00,0,0
1432850412,s1-eth3,0.00,0.00,0.00,0,0,0.00,0.00,0.00,0,0,0.00,0.00,0,0
1432850412,s0,0.00,0.00,0.00,0,0,0.00,0.00,0.00,0,0,0.00,0.00,0,0
1432850412,eth0,0.00,0.00,0.00,0,0,0.00,0.00,0.00,0,0,0.00,0.00,0,0
1432850412,lo,0.00,0.00,0.00,0,0,0.00,0.00,0.00,0,0,0.00,0.00,0,0
1432850412,s1,0.00,0.00,0.00,0,0,0.00,0.00,0.00,0,0,0.00,0.00,0,0
1432850412,s0-eth1,207340.00,3960.00,211300.00,396,20734,70.00,60.00,130.00,6,7,0.00,0.00,0,0
1432850412,s0-eth2,3960.00,177720.00,181680.00,17772,396,60.00,60.00,120.00,6,6,0.00,0.00,0,0
1432850412,s0-eth3,0.00,0.00,0.00,0,0,0.00,0.00,0.00,0,0,0.00,0.00,0,0
1432850412,total,392980.00,392980.00,785960.00,39298,39298,250.00,250.00,500.00,25,25,0.00,0.00,0,0
1432850412,s1-eth1,3960.00,177720.00,181680.00,17772,396,60.00,60.00,120.00,6,6,0.00,0.00,0,0
1432850412,s1-eth2,207340.00,4620.00,211960.00,462,20734,70.00,70.00,140.00,7,7,0.00,0.00,0,0
1432850412,s1-eth3,0.00,0.00,0.00,0,0,0.00,0.00,0.00,0,0,0.00,0.00,0,0
1432850412,s0,0.00,0.00,0.00,0,0,0.00,0.00,0.00,0,0,0.00,0.00,0,0
1432850412,eth0,0.00,0.00,0.00,0,0,0.00,0.00,0.00,0,0,0.00,0.00,0,0
1432850412,lo,0.00,0.00,0.00,0,0,0.00,0.00,0.00,0,0,0.00,0.00,0,0
1432850412,s1,0.00,0.00,0.00,0,0,0.00,0.00,0.00,0,0,0.00,0.00,0,0
1432850412,s0-eth1,177720.00,3960.00,181680.00,396,17772,60.00,60.00,120.00,6,6,0.00,0.00,0,0
1432850412,s0-eth2,3960.00,177720.00,181680.00,17772,396,60.00,60.00,120.00,6,6,0.00,0.00,0,0
1432850412,s0-eth3,0.00,0.00,0.00,0,0,0.00,0.00,0.00,0,0,0.00,0.00,0,0
1432850412,total,392980.00,364020.00,757000.00,36402,39298,250.00,250.00,500.00,25,25,0.00,0.00,0,0
1432850412,s1-eth1,4620.00,177720.00,182340.00,17772,462,70.00,60.00,130.00,6,7,0.00,0.00,0,0
1432850412,s1-eth2,177720.00,3960.00,181680.00,396,17772,60.00,60.00,120.00,6,6,0.00,0.00,0,0
1432850412,s1-eth3,0.00,0.00,0.00,0,0,0.00,0.00,0.00,0,0,0.00,0.00,0,0
1432850412,s0,0.00,0.00,0.00,0,0,0.00,0.00,0.00,0,0,0.00,0.00,0,0
1432850412,eth0,0.00,0.00,0.00,0,0,0.00,0.00,0.00,0,0,0.00,0.00,0,0
1432850412,lo,0.00,0.00,0.00,0,0,0.00,0.00,0.00,0,0,0.00,0.00,0,0
1432850412,s1,0.00,0.00,0.00,0,0,0.00,0.00,0.00,0,0,0.00,0.00,0,0
1432850412,s0-eth1,177720.00,4620.00,182340.00,462,17772,60.00,70.00,130.00,7,6,0.00,0.00,0,0
1432850412,s0-eth2,4620.00,177720.00,182340.00,17772,462,70.00,60.00,130.00,6,7,0.00,0.00,0,0
1432850412,s0-eth3,0.00,1323340.00,1323340.00,132334,0,0.00,1270.00,1270.00,127,0,0.00,0.00,0,0
1432850412,total,364680.00,1687360.00,2052040.00,168736,36468,260.00,1520.00,1780.00,152,26,0.00,0.00,0,0
1432850412,s1-eth1,3960.00,177720.00,181680.00,17772,396,60.00,60.00,120.00,6,6,0.00,0.00,0,0
1432850412,s1-eth2,177720.00,3960.00,181680.00,396,17772,60.00,60.00,120.00,6,6,0.00,0.00,0,0
1432850412,s1-eth3,0.00,0.00,0.00,0,0,0.00,0.00,0.00,0,0,0.00,0.00,0,0
1432850412,s0,0.00,0.00,0.00,0,0,0.00,0.00,0.00,0,0,0.00,0.00,0,0
1432850412,eth0,0.00,0.00,0.00,0,0,0.00,0.00,0.00,0,0,0.00,0.00,0,0
1432850412,lo,0.00,0.00,0.00,0,0,0.00,0.00,0.00,0,0,0.00,0.00,0,0
1432850412,s1,0.00,0.00,0.00,0,0,0.00,0.00,0.00,0,0,0.00,0.00,0,0
1432850412,s0-eth1,177720.00,3960.00,181680.00,396,17772,60.00,60.00,120.00,6,6,0.00,0.00,0,0
1432850412,s0-eth2,3960.00,236960.00,240920.00,23696,396,60.00,80.00,140.00,8,6,0.00,0.00,0,0
1432850412,s0-eth3,0.00,1875600.00,1875600.00,187560,0,0.00,1800.00,1800.00,180,0,0.00,0.00,0,0
1432850412,total,363360.00,2298200.00,2661560.00,229820,36336,240.00,2060.00,2300.00,206,24,0.00,0.00,0,0
1432850412,s1-eth1,660.00,185920.00,186580.00,18592,66,10.00,160.00,170.00,16,1,0.00,0.00,0,0
1432850412,s1-eth2,29620.00,660.00,30280.00,66,2962,10.00,10.00,20.00,1,1,0.00,0.00,0,0
1432850412,s1-eth3,156300.00,0.00,156300.00,0,15630,150.00,0.00,150.00,0,15,0.00,0.00,0,0
1432850412,s0,0.00,0.00,0.00,0,0,0.00,0.00,0.00,0,0,0.00,0.00,0,0
1432850412,eth0,0.00,0.00,0.00,0,0,0.00,0.00,0.00,0,0,0.00,0.00,0,0
1432850412,lo,0.00,0.00,0.00,0,0,0.00,0.00,0.00,0,0,0.00,0.00,0,0
1432850412,s1,0.00,0.00,0.00,0,0,0.00,0.00,0.00,0,0,0.00,0.00,0,0
1432850412,s0-eth1,185920.00,660.00,186580.00,66,18592,160.00,10.00,170.00,1,16,0.00,0.00,0,0
1432850412,s0-eth2,660.00,29620.00,30280.00,2962,66,10.00,10.00,20.00,1,1,0.00,0.00,0,0
1432850412,s0-eth3,0.00,1886020.00,1886020.00,188602,0,0.00,1810.00,1810.00,181,0,0.00,0.00,0,0
1432850412,total,373160.00,2102880.00,2476040.00,210288,37316,340.00,2000.00,2340.00,200,34,0.00,0.00,0,0
1432850412,s1-eth1,0.00,187560.00,187560.00,18756,0,0.00,180.00,180.00,18,0,0.00,0.00,0,0
1432850412,s1-eth2,0.00,0.00,0.00,0,0,0.00,0.00,0.00,0,0,0.00,0.00,0,0
1432850412,s1-eth3,187560.00,0.00,187560.00,0,18756,180.00,0.00,180.00,0,18,0.00,0.00,0,0
1432850412,s0,0.00,0.00,0.00,0,0,0.00,0.00,0.00,0,0,0.00,0.00,0,0
1432850412,eth0,0.00,0.00,0.00,0,0,0.00,0.00,0.00,0,0,0.00,0.00,0,0
1432850412,lo,0.00,0.00,0.00,0,0,0.00,0.00,0.00,0,0,0.00,0.00,0,0
1432850412,s1,0.00,0.00,0.00,0,0,0.00,0.00,0.00,0,0,0.00,0.00,0,0
1432850412,s0-eth1,187560.00,0.00,187560.00,0,18756,180.00,0.00,180.00,0,18,0.00,0.00,0,0
1432850412,s0-eth2,0.00,0.00,0.00,0,0,0.00,0.00,0.00,0,0,0.00,0.00,0,0
1432850412,s0-eth3,0.00,1875600.00,1875600.00,187560,0,0.00,1800.00,1800.00,180,0,0.00,0.00,0,0
1432850412,total,375120.00,2063160.00,2438280.00,206316,37512,360.00,1980.00,2340.00,198,36,0.00,0.00,0,0
1432850413,s1-eth1,0.00,185702.98,185702.98,18756,0,0.00,178.22,178.22,18,0,0.00,0.00,0,0
1432850413,s1-eth2,0.00,0.00,0.00,0,0,0.00,0.00,0.00,0,0,0.00,0.00,0,0
1432850413,s1-eth3,185702.98,0.00,185702.98,0,18756,178.22,0.00,178.22,0,18,0.00,0.00,0,0
1432850413,s0,0.00,0.00,0.00,0,0,0.00,0.00,0.00,0,0,0.00,0.00,0,0
1432850413,eth0,0.00,0.00,0.00,0,0,0.00,0.00,0.00,0,0,0.00,0.00,0,0
1432850413,lo,0.00,0.00,0.00,0,0,0.00,0.00,0.00,0,0,0.00,0.00,0,0
1432850413,s1,0.00,0.00,0.00,0,0,0.00,0.00,0.00,0,0,0.00,0.00,0,0
1432850413,s0-eth1,185702.98,0.00,185702.98,0,18756,178.22,0.00,178.22,0,18,0.00,0.00,0,0
1432850413,s0-eth2,0.00,14990.10,14990.10,1514,0,0.00,9.90,9.90,1,0,0.00,0.00,0,0
1432850413,s0-eth3,0.00,1867346.62,1867346.62,188602,0,0.00,1792.08,1792.08,181,0,0.00,0.00,0,0
1432850413,total,371405.97,2068039.62,2439445.75,208872,37512,356.44,1980.20,2336.63,200,36,0.00,0.00,0,0
1432850413,s1-eth1,0.00,187560.00,187560.00,18756,0,0.00,180.00,180.00,18,0,0.00,0.00,0,0
1432850413,s1-eth2,0.00,0.00,0.00,0,0,0.00,0.00,0.00,0,0,0.00,0.00,0,0
1432850413,s1-eth3,187560.00,0.00,187560.00,0,18756,180.00,0.00,180.00,0,18,0.00,0.00,0,0
1432850413,s0,0.00,0.00,0.00,0,0,0.00,0.00,0.00,0,0,0.00,0.00,0,0
1432850413,eth0,0.00,0.00,0.00,0,0,0.00,0.00,0.00,0,0,0.00,0.00,0,0
1432850413,lo,0.00,0.00,0.00,0,0,0.00,0.00,0.00,0,0,0.00,0.00,0,0
1432850413,s1,0.00,0.00,0.00,0,0,0.00,0.00,0.00,0,0,0.00,0.00,0,0
1432850413,s0-eth1,187560.00,0.00,187560.00,0,18756,180.00,0.00,180.00,0,18,0.00,0.00,0,0
1432850413,s0-eth2,0.00,0.00,0.00,0,0,0.00,0.00,0.00,0,0,0.00,0.00,0,0
1432850413,s0-eth3,0.00,1875600.00,1875600.00,187560,0,0.00,1800.00,1800.00,180,0,0.00,0.00,0,0
1432850413,total,375120.00,2063160.00,2438280.00,206316,37512,360.00,1980.00,2340.00,198,36,0.00,0.00,0,0
1432850413,s1-eth1,0.00,187560.00,187560.00,18756,0,0.00,180.00,180.00,18,0,0.00,0.00,0,0
1432850413,s1-eth2,0.00,0.00,0.00,0,0,0.00,0.00,0.00,0,0,0.00,0.00,0,0
1432850413,s1-eth3,187560.00,0.00,187560.00,0,18756,180.00,0.00,180.00,0,18,0.00,0.00,0,0
1432850413,s0,0.00,0.00,0.00,0,0,0.00,0.00,0.00,0,0,0.00,0.00,0,0
1432850413,eth0,0.00,0.00,0.00,0,0,0.00,0.00,0.00,0,0,0.00,0.00,0,0
1432850413,lo,0.00,0.00,0.00,0,0,0.00,0.00,0.00,0,0,0.00,0.00,0,0
1432850413,s1,0.00,0.00,0.00,0,0,0.00,0.00,0.00,0,0,0.00,0.00,0,0
1432850413,s0-eth1,187560.00,0.00,187560.00,0,18756,180.00,0.00,180.00,0,18,0.00,0.00,0,0
1432850413,s0-eth2,0.00,15140.00,15140.00,1514,0,0.00,10.00,10.00,1,0,0.00,0.00,0,0
1432850413,s0-eth3,0.00,239660.00,239660.00,23966,0,0.00,230.00,230.00,23,0,0.00,0.00,0,0
1432850413,total,375120.00,442360.00,817480.00,44236,37512,360.00,420.00,780.00,42,36,0.00,0.00,0,0
1432850413,s1-eth1,4560.00,189340.00,193900.00,18934,456,60.00,150.00,210.00,15,6,0.00,0.00,0,0
1432850413,s1-eth2,105980.00,5340.00,111320.00,534,10598,70.00,70.00,140.00,7,7,0.00,0.00,0,0
1432850413,s1-eth3,83360.00,0.00,83360.00,0,8336,80.00,0.00,80.00,0,8,0.00,0.00,0,0
1432850413,s0,0.00,0.00,0.00,0,0,0.00,0.00,0.00,0,0,0.00,0.00,0,0
1432850413,eth0,0.00,0.00,0.00,0,0,0.00,0.00,0.00,0,0,0.00,0.00,0,0
1432850413,lo,0.00,0.00,0.00,0,0,0.00,0.00,0.00,0,0,0.00,0.00,0,0
1432850413,s1,0.00,0.00,0.00,0,0,0.00,0.00,0.00,0,0,0.00,0.00,0,0
1432850413,s0-eth1,189340.00,4560.00,193900.00,456,18934,150.00,60.00,210.00,6,15,0.00,0.00,0,0
1432850413,s0-eth2,4560.00,151400.00,155960.00,15140,456,60.00,100.00,160.00,10,6,0.00,0.00,0,0
1432850413,s0-eth3,0.00,0.00,0.00,0,0,0.00,0.00,0.00,0,0,0.00,0.00,0,0
1432850413,total,387800.00,350640.00,738440.00,35064,38780,420.00,380.00,800.00,38,42,0.00,0.00,0,0
1432850413,s1-eth1,10140.00,196820.00,206960.00,19682,1014,130.00,130.00,260.00,13,13,0.00,0.00,0,0
1432850413,s1-eth2,181680.00,9360.00,191040.00,936,18168,120.00,120.00,240.00,12,12,0.00,0.00,0,0
1432850413,s1-eth3,0.00,0.00,0.00,0,0,0.00,0.00,0.00,0,0,0.00,0.00,0,0
1432850413,s0,0.00,0.00,0.00,0,0,0.00,0.00,0.00,0,0,0.00,0.00,0,0
1432850413,eth0,0.00,0.00,0.00,0,0,0.00,0.00,0.00,0,0,0.00,0.00,0,0
1432850413,lo,0.00,0.00,0.00,0,0,0.00,0.00,0.00,0,0,0.00,0.00,0,0
1432850413,s1,0.00,0.00,0.00,0,0,0.00,0.00,0.00,0,0,0.00,0.00,0,0
1432850413,s0-eth1,196820.00,10140.00,206960.00,1014,19682,130.00,130.00,260.00,13,13,0.00,0.00,0,0
1432850413,s0-eth2,10140.00,317940.00,328080.00,31794,1014,130.00,210.00,340.00,21,13,0.00,0.00,0,0
1432850413,s0-eth3,0.00,0.00,0.00,0,0,0.00,0.00,0.00,0,0,0.00,0.00,0,0
1432850413,total,398780.00,534260.00,933040.00,53426,39878,510.00,590.00,1100.00,59,51,0.00,0.00,0,0
1432850413,s1-eth1,8340.00,181680.00,190020.00,18168,834,110.00,120.00,230.00,12,11,0.00,0.00,0,0
1432850413,s1-eth2,196820.00,8340.00,205160.00,834,19682,130.00,110.00,240.00,11,13,0.00,0.00,0,0
1432850413,s1-eth3,0.00,0.00,0.00,0,0,0.00,0.00,0.00,0,0,0.00,0.00,0,0
1432850413,s0,0.00,0.00,0.00,0,0,0.00,0.00,0.00,0,0,0.00,0.00,0,0
1432850413,eth0,0.00,0.00,0.00,0,0,0.00,0.00,0.00,0,0,0.00,0.00,0,0
1432850413,lo,0.00,0.00,0.00,0,0,0.00,0.00,0.00,0,0,0.00,0.00,0,0
1432850413,s1,0.00,0.00,0.00,0,0,0.00,0.00,0.00,0,0,0.00,0.00,0,0
1432850413,s0-eth1,181680.00,8340.00,190020.00,834,18168,120.00,110.00,230.00,11,12,0.00,0.00,0,0
1432850413,s0-eth2,8340.00,210640.00,218980.00,21064,834,110.00,120.00,230.00,12,11,0.00,0.00,0,0
1432850413,s0-eth3,0.00,0.00,0.00,0,0,0.00,0.00,0.00,0,0,0.00,0.00,0,0
1432850413,total,395180.00,409000.00,804180.00,40900,39518,470.00,460.00,930.00,46,47,0.00,0.00,0,0
1432850413,s1-eth1,3960.00,181020.00,184980.00,18102,396,60.00,110.00,170.00,11,6,0.00,0.00,0,0
1432850413,s1-eth2,181020.00,3960.00,184980.00,396,18102,110.00,60.00,170.00,6,11,0.00,0.00,0,0
1432850413,s1-eth3,0.00,0.00,0.00,0,0,0.00,0.00,0.00,0,0,0.00,0.00,0,0
1432850413,s0,0.00,0.00,0.00,0,0,0.00,0.00,0.00,0,0,0.00,0.00,0,0
1432850413,eth0,0.00,0.00,0.00,0,0,0.00,0.00,0.00,0,0,0.00,0.00,0,0
1432850413,lo,0.00,0.00,0.00,0,0,0.00,0.00,0.00,0,0,0.00,0.00,0,0
1432850413,s1,0.00,0.00,0.00,0,0,0.00,0.00,0.00,0,0,0.00,0.00,0,0
1432850413,s0-eth1,181020.00,3960.00,184980.00,396,18102,110.00,60.00,170.00,6,11,0.00,0.00,0,0
1432850413,s0-eth2,3960.00,177720.00,181680.00,17772,396,60.00,60.00,120.00,6,6,0.00,0.00,0,0
1432850413,s0-eth3,0.00,0.00,0.00,0,0,0.00,0.00,0.00,0,0,0.00,0.00,0,0
1432850413,total,369960.00,366660.00,736620.00,36666,36996,340.00,290.00,630.00,29,34,0.00,0.00,0,0
1432850413,s1-eth1,3960.00,207340.00,211300.00,20734,396,60.00,70.00,130.00,7,6,0.00,0.00,0,0
1432850413,s1-eth2,207340.00,3960.00,211300.00,396,20734,70.00,60.00,130.00,6,7,0.00,0.00,0,0
1432850413,s1-eth3,0.00,0.00,0.00,0,0,0.00,0.00,0.00,0,0,0.00,0.00,0,0
1432850413,s0,0.00,0.00,0.00,0,0,0.00,0.00,0.00,0,0,0.00,0.00,0,0
1432850413,eth0,0.00,0.00,0.00,0,0,0.00,0.00,0.00,0,0,0.00,0.00,0,0
1432850413,lo,0.00,0.00,0.00,0,0,0.00,0.00,0.00,0,0,0.00,0.00,0,0
1432850413,s1,0.00,0.00,0.00,0,0,0.00,0.00,0.00,0,0,0.00,0.00,0,0
1432850413,s0-eth1,207340.00,3960.00,211300.00,396,20734,70.00,60.00,130.00,6,7,0.00,0.00,0,0
1432850413,s0-eth2,3960.00,177720.00,181680.00,17772,396,60.00,60.00,120.00,6,6,0.00,0.00,0,0
1432850413,s0-eth3,0.00,0.00,0.00,0,0,0.00,0.00,0.00,0,0,0.00,0.00,0,0
1432850413,total,422600.00,392980.00,815580.00,39298,42260,260.00,250.00,510.00,25,26,0.00,0.00,0,0
1432850413,s1-eth1,3960.00,177720.00,181680.00,17772,396,60.00,60.00,120.00,6,6,0.00,0.00,0,0
1432850413,s1-eth2,177720.00,4620.00,182340.00,462,17772,60.00,70.00,130.00,7,6,0.00,0.00,0,0
1432850413,s1-eth3,0.00,0.00,0.00,0,0,0.00,0.00,0.00,0,0,0.00,0.00,0,0
1432850413,s0,0.00,0.00,0.00,0,0,0.00,0.00,0.00,0,0,0.00,0.00,0,0
1432850413,eth0,0.00,0.00,0.00,0,0,0.00,0.00,0.00,0,0,0.00,0.00,0,0
1432850413,lo,0.00,0.00,0.00,0,0,0.00,0.00,0.00,0,0,0.00,0.00,0,0
1432850413,s1,0.00,0.00,0.00,0,0,0.00,0.00,0.00,0,0,0.00,0.00,0,0
1432850413,s0-eth1,177720.00,3960.00,181680.00,396,17772,60.00,60.00,120.00,6,6,0.00,0.00,0,0
1432850413,s0-eth2,3960.00,207340.00,211300.00,20734,396,60.00,70.00,130.00,7,6,0.00,0.00,0,0
1432850413,s0-eth3,0.00,0.00,0.00,0,0,0.00,0.00,0.00,0,0,0.00,0.00,0,0
1432850413,total,363360.00,393640.00,757000.00,39364,36336,240.00,260.00,500.00,26,24,0.00,0.00,0,0
1432850413,s1-eth1,4620.00,177720.00,182340.00,17772,462,70.00,60.00,130.00,6,7,0.00,0.00,0,0
1432850413,s1-eth2,177720.00,3960.00,181680.00,396,17772,60.00,60.00,120.00,6,6,0.00,0.00,0,0
1432850413,s1-eth3,0.00,0.00,0.00,0,0,0.00,0.00,0.00,0,0,0.00,0.00,0,0
1432850413,s0,0.00,0.00,0.00,0,0,0.00,0.00,0.00,0,0,0.00,0.00,0,0
1432850413,eth0,0.00,0.00,0.00,0,0,0.00,0.00,0.00,0,0,0.00,0.00,0,0
1432850413,lo,0.00,0.00,0.00,0,0,0.00,0.00,0.00,0,0,0.00,0.00,0,0
1432850413,s1,0.00,0.00,0.00,0,0,0.00,0.00,0.00,0,0,0.00,0.00,0,0
1432850413,s0-eth1,177720.00,4620.00,182340.00,462,17772,60.00,70.00,130.00,7,6,0.00,0.00,0,0
1432850413,s0-eth2,4620.00,177720.00,182340.00,17772,462,70.00,60.00,130.00,6,7,0.00,0.00,0,0
1432850413,s0-eth3,0.00,0.00,0.00,0,0,0.00,0.00,0.00,0,0,0.00,0.00,0,0
1432850413,total,364680.00,364020.00,728700.00,36402,36468,260.00,250.00,510.00,25,26,0.00,0.00,0,0
1432850414,s1-eth1,3920.79,175960.41,179881.19,17772,396,59.41,59.41,118.81,6,6,0.00,0.00,0,0
1432850414,s1-eth2,175960.41,3920.79,179881.19,396,17772,59.41,59.41,118.81,6,6,0.00,0.00,0,0
1432850414,s1-eth3,0.00,0.00,0.00,0,0,0.00,0.00,0.00,0,0,0.00,0.00,0,0
1432850414,s0,0.00,0.00,0.00,0,0,0.00,0.00,0.00,0,0,0.00,0.00,0,0
1432850414,eth0,0.00,0.00,0.00,0,0,0.00,0.00,0.00,0,0,0.00,0.00,0,0
1432850414,lo,0.00,0.00,0.00,0,0,0.00,0.00,0.00,0,0,0.00,0.00,0,0
1432850414,s1,0.00,0.00,0.00,0,0,0.00,0.00,0.00,0,0,0.00,0.00,0,0
1432850414,s0-eth1,175960.41,3920.79,179881.19,396,17772,59.41,59.41,118.81,6,6,0.00,0.00,0,0
1432850414,s0-eth2,3920.79,205287.14,209207.92,20734,396,59.41,69.31,128.71,7,6,0.00,0.00,0,0
1432850414,s0-eth3,0.00,0.00,0.00,0,0,0.00,0.00,0.00,0,0,0.00,0.00,0,0
1432850414,total,359762.38,389089.12,748851.50,39298,36336,237.62,247.52,485.15,25,24,0.00,0.00,0,0
1432850414,s1-eth1,3960.00,177720.00,181680.00,17772,396,60.00,60.00,120.00,6,6,0.00,0.00,0,0
1432850414,s1-eth2,177720.00,3960.00,181680.00,396,17772,60.00,60.00,120.00,6,6,0.00,0.00,0,0
1432850414,s1-eth3,0.00,0.00,0.00,0,0,0.00,0.00,0.00,0,0,0.00,0.00,0,0
1432850414,s0,0.00,0.00,0.00,0,0,0.00,0.00,0.00,0,0,0.00,0.00,0,0
1432850414,eth0,0.00,0.00,0.00,0,0,0.00,0.00,0.00,0,0,0.00,0.00,0,0
1432850414,lo,0.00,0.00,0.00,0,0,0.00,0.00,0.00,0,0,0.00,0.00,0,0
1432850414,s1,0.00,0.00,0.00,0,0,0.00,0.00,0.00,0,0,0.00,0.00,0,0
1432850414,s0-eth1,177720.00,3960.00,181680.00,396,17772,60.00,60.00,120.00,6,6,0.00,0.00,0,0
1432850414,s0-eth2,3960.00,177720.00,181680.00,17772,396,60.00,60.00,120.00,6,6,0.00,0.00,0,0
1432850414,s0-eth3,0.00,0.00,0.00,0,0,0.00,0.00,0.00,0,0,0.00,0.00,0,0
1432850414,total,363360.00,363360.00,726720.00,36336,36336,240.00,240.00,480.00,24,24,0.00,0.00,0,0
1432850414,s1-eth1,3960.00,207340.00,211300.00,20734,396,60.00,70.00,130.00,7,6,0.00,0.00,0,0
1432850414,s1-eth2,207340.00,3960.00,211300.00,396,20734,70.00,60.00,130.00,6,7,0.00,0.00,0,0
1432850414,s1-eth3,0.00,0.00,0.00,0,0,0.00,0.00,0.00,0,0,0.00,0.00,0,0
1432850414,s0,0.00,0.00,0.00,0,0,0.00,0.00,0.00,0,0,0.00,0.00,0,0
1432850414,eth0,0.00,0.00,0.00,0,0,0.00,0.00,0.00,0,0,0.00,0.00,0,0
1432850414,lo,0.00,0.00,0.00,0,0,0.00,0.00,0.00,0,0,0.00,0.00,0,0
1432850414,s1,0.00,0.00,0.00,0,0,0.00,0.00,0.00,0,0,0.00,0.00,0,0
1432850414,s0-eth1,207340.00,3960.00,211300.00,396,20734,70.00,60.00,130.00,6,7,0.00,0.00,0,0
1432850414,s0-eth2,3960.00,177720.00,181680.00,17772,396,60.00,60.00,120.00,6,6,0.00,0.00,0,0
1432850414,s0-eth3,0.00,0.00,0.00,0,0,0.00,0.00,0.00,0,0,0.00,0.00,0,0
1432850414,total,422600.00,392980.00,815580.00,39298,42260,260.00,250.00,510.00,25,26,0.00,0.00,0,0
1432850414,s1-eth1,4620.00,177720.00,182340.00,17772,462,70.00,60.00,130.00,6,7,0.00,0.00,0,0
1432850414,s1-eth2,177720.00,4620.00,182340.00,462,17772,60.00,70.00,130.00,7,6,0.00,0.00,0,0
1432850414,s1-eth3,0.00,0.00,0.00,0,0,0.00,0.00,0.00,0,0,0.00,0.00,0,0
1432850414,s0,0.00,0.00,0.00,0,0,0.00,0.00,0.00,0,0,0.00,0.00,0,0
1432850414,eth0,0.00,0.00,0.00,0,0,0.00,0.00,0.00,0,0,0.00,0.00,0,0
1432850414,lo,0.00,0.00,0.00,0,0,0.00,0.00,0.00,0,0,0.00,0.00,0,0
1432850414,s1,0.00,0.00,0.00,0,0,0.00,0.00,0.00,0,0,0.00,0.00,0,0
1432850414,s0-eth1,177720.00,4620.00,182340.00,462,17772,60.00,70.00,130.00,7,6,0.00,0.00,0,0
1432850414,s0-eth2,3960.00,177720.00,181680.00,17772,396,60.00,60.00,120.00,6,6,0.00,0.00,0,0
1432850414,s0-eth3,0.00,0.00,0.00,0,0,0.00,0.00,0.00,0,0,0.00,0.00,0,0
1432850414,total,364020.00,364680.00,728700.00,36468,36402,250.00,260.00,510.00,26,25,0.00,0.00,0,0
1432850414,s1-eth1,3960.00,177720.00,181680.00,17772,396,60.00,60.00,120.00,6,6,0.00,0.00,0,0
1432850414,s1-eth2,177720.00,3960.00,181680.00,396,17772,60.00,60.00,120.00,6,6,0.00,0.00,0,0
1432850414,s1-eth3,0.00,0.00,0.00,0,0,0.00,0.00,0.00,0,0,0.00,0.00,0,0
1432850414,s0,0.00,0.00,0.00,0,0,0.00,0.00,0.00,0,0,0.00,0.00,0,0
1432850414,eth0,0.00,0.00,0.00,0,0,0.00,0.00,0.00,0,0,0.00,0.00,0,0
1432850414,lo,0.00,0.00,0.00,0,0,0.00,0.00,0.00,0,0,0.00,0.00,0,0
1432850414,s1,0.00,0.00,0.00,0,0,0.00,0.00,0.00,0,0,0.00,0.00,0,0
1432850414,s0-eth1,177720.00,3960.00,181680.00,396,17772,60.00,60.00,120.00,6,6,0.00,0.00,0,0
1432850414,s0-eth2,4620.00,236960.00,241580.00,23696,462,70.00,80.00,150.00,8,7,0.00,0.00,0,0
1432850414,s0-eth3,0.00,0.00,0.00,0,0,0.00,0.00,0.00,0,0,0.00,0.00,0,0
1432850414,total,364020.00,422600.00,786620.00,42260,36402,250.00,260.00,510.00,26,25,0.00,0.00,0,0
1432850414,s1-eth1,3960.00,177720.00,181680.00,17772,396,60.00,60.00,120.00,6,6,0.00,0.00,0,0
1432850414,s1-eth2,177720.00,3960.00,181680.00,396,17772,60.00,60.00,120.00,6,6,0.00,0.00,0,0
1432850414,s1-eth3,0.00,0.00,0.00,0,0,0.00,0.00,0.00,0,0,0.00,0.00,0,0
1432850414,s0,0.00,0.00,0.00,0,0,0.00,0.00,0.00,0,0,0.00,0.00,0,0
1432850414,eth0,0.00,0.00,0.00,0,0,0.00,0.00,0.00,0,0,0.00,0.00,0,0
1432850414,lo,0.00,0.00,0.00,0,0,0.00,0.00,0.00,0,0,0.00,0.00,0,0
1432850414,s1,0.00,0.00,0.00,0,0,0.00,0.00,0.00,0,0,0.00,0.00,0,0
1432850414,s0-eth1,177720.00,3960.00,181680.00,396,17772,60.00,60.00,120.00,6,6,0.00,0.00,0,0
1432850414,s0-eth2,3960.00,177720.00,181680.00,17772,396,60.00,60.00,120.00,6,6,0.00,0.00,0,0
1432850414,s0-eth3,0.00,0.00,0.00,0,0,0.00,0.00,0.00,0,0,0.00,0.00,0,0
1432850414,total,363360.00,363360.00,726720.00,36336,36336,240.00,240.00,480.00,24,24,0.00,0.00,0,0
1432850414,s1-eth1,3960.00,207340.00,211300.00,20734,396,60.00,70.00,130.00,7,6,0.00,0.00,0,0
1432850414,s1-eth2,177720.00,3960.00,181680.00,396,17772,60.00,60.00,120.00,6,6,0.00,0.00,0,0
1432850414,s1-eth3,0.00,0.00,0.00,0,0,0.00,0.00,0.00,0,0,0.00,0.00,0,0
1432850414,s0,0.00,0.00,0.00,0,0,0.00,0.00,0.00,0,0,0.00,0.00,0,0
1432850414,eth0,0.00,0.00,0.00,0,0,0.00,0.00,0.00,0,0,0.00,0.00,0,0
1432850414,lo,0.00,0.00,0.00,0,0,0.00,0.00,0.00,0,0,0.00,0.00,0,0
1432850414,s1,0.00,0.00,0.00,0,0,0.00,0.00,0.00,0,0,0.00,0.00,0,0
1432850414,s0-eth1,207340.00,3960.00,211300.00,396,20734,70.00,60.00,130.00,6,7,0.00,0.00,0,0
1432850414,s0-eth2,3960.00,177720.00,181680.00,17772,396,60.00,60.00,120.00,6,6,0.00,0.00,0,0
1432850414,s0-eth3,0.00,0.00,0.00,0,0,0.00,0.00,0.00,0,0,0.00,0.00,0,0
1432850414,total,392980.00,392980.00,785960.00,39298,39298,250.00,250.00,500.00,25,25,0.00,0.00,0,0
1432850414,s1-eth1,3960.00,177720.00,181680.00,17772,396,60.00,60.00,120.00,6,6,0.00,0.00,0,0
1432850414,s1-eth2,207340.00,4620.00,211960.00,462,20734,70.00,70.00,140.00,7,7,0.00,0.00,0,0
1432850414,s1-eth3,0.00,0.00,0.00,0,0,0.00,0.00,0.00,0,0,0.00,0.00,0,0
1432850414,s0,0.00,0.00,0.00,0,0,0.00,0.00,0.00,0,0,0.00,0.00,0,0
1432850414,eth0,0.00,0.00,0.00,0,0,0.00,0.00,0.00,0,0,0.00,0.00,0,0
1432850414,lo,0.00,0.00,0.00,0,0,0.00,0.00,0.00,0,0,0.00,0.00,0,0
1432850414,s1,0.00,0.00,0.00,0,0,0.00,0.00,0.00,0,0,0.00,0.00,0,0
1432850414,s0-eth1,177720.00,3960.00,181680.00,396,17772,60.00,60.00,120.00,6,6,0.00,0.00,0,0
1432850414,s0-eth2,3960.00,177720.00,181680.00,17772,396,60.00,60.00,120.00,6,6,0.00,0.00,0,0
1432850414,s0-eth3,0.00,0.00,0.00,0,0,0.00,0.00,0.00,0,0,0.00,0.00,0,0
1432850414,total,392980.00,364020.00,757000.00,36402,39298,250.00,250.00,500.00,25,25,0.00,0.00,0,0
1432850414,s1-eth1,4620.00,177720.00,182340.00,17772,462,70.00,60.00,130.00,6,7,0.00,0.00,0,0
1432850414,s1-eth2,177720.00,3960.00,181680.00,396,17772,60.00,60.00,120.00,6,6,0.00,0.00,0,0
1432850414,s1-eth3,0.00,0.00,0.00,0,0,0.00,0.00,0.00,0,0,0.00,0.00,0,0
1432850414,s0,0.00,0.00,0.00,0,0,0.00,0.00,0.00,0,0,0.00,0.00,0,0
1432850414,eth0,0.00,0.00,0.00,0,0,0.00,0.00,0.00,0,0,0.00,0.00,0,0
1432850414,lo,0.00,0.00,0.00,0,0,0.00,0.00,0.00,0,0,0.00,0.00,0,0
1432850414,s1,0.00,0.00,0.00,0,0,0.00,0.00,0.00,0,0,0.00,0.00,0,0
1432850414,s0-eth1,177720.00,4620.00,182340.00,462,17772,60.00,70.00,130.00,7,6,0.00,0.00,0,0
1432850414,s0-eth2,3960.00,177720.00,181680.00,17772,396,60.00,60.00,120.00,6,6,0.00,0.00,0,0
1432850414,s0-eth3,0.00,0.00,0.00,0,0,0.00,0.00,0.00,0,0,0.00,0.00,0,0
1432850414,total,364020.00,364020.00,728040.00,36402,36402,250.00,250.00,500.00,25,25,0.00,0.00,0,0
1432850414,s1-eth1,3960.00,177720.00,181680.00,17772,396,60.00,60.00,120.00,6,6,0.00,0.00,0,0
1432850414,s1-eth2,177720.00,3960.00,181680.00,396,17772,60.00,60.00,120.00,6,6,0.00,0.00,0,0
1432850414,s1-eth3,0.00,0.00,0.00,0,0,0.00,0.00,0.00,0,0,0.00,0.00,0,0
1432850414,s0,0.00,0.00,0.00,0,0,0.00,0.00,0.00,0,0,0.00,0.00,0,0
1432850414,eth0,0.00,0.00,0.00,0,0,0.00,0.00,0.00,0,0,0.00,0.00,0,0
1432850414,lo,0.00,0.00,0.00,0,0,0.00,0.00,0.00,0,0,0.00,0.00,0,0
1432850414,s1,0.00,0.00,0.00,0,0,0.00,0.00,0.00,0,0,0.00,0.00,0,0
1432850414,s0-eth1,177720.00,3960.00,181680.00,396,17772,60.00,60.00,120.00,6,6,0.00,0.00,0,0
1432850414,s0-eth2,4620.00,207340.00,211960.00,20734,462,70.00,70.00,140.00,7,7,0.00,0.00,0,0
1432850414,s0-eth3,0.00,0.00,0.00,0,0,0.00,0.00,0.00,0,0,0.00,0.00,0,0
1432850414,total,364020.00,392980.00,757000.00,39298,36402,250.00,250.00,500.00,25,25,0.00,0.00,0,0
1432850415,s1-eth1,3920.79,175960.41,179881.19,17772,396,59.41,59.41,118.81,6,6,0.00,0.00,0,0
1432850415,s1-eth2,175960.41,3920.79,179881.19,396,17772,59.41,59.41,118.81,6,6,0.00,0.00,0,0
1432850415,s1-eth3,0.00,0.00,0.00,0,0,0.00,0.00,0.00,0,0,0.00,0.00,0,0
1432850415,s0,0.00,0.00,0.00,0,0,0.00,0.00,0.00,0,0,0.00,0.00,0,0
1432850415,eth0,0.00,0.00,0.00,0,0,0.00,0.00,0.00,0,0,0.00,0.00,0,0
1432850415,lo,0.00,0.00,0.00,0,0,0.00,0.00,0.00,0,0,0.00,0.00,0,0
1432850415,s1,0.00,0.00,0.00,0,0,0.00,0.00,0.00,0,0,0.00,0.00,0,0
1432850415,s0-eth1,175960.41,3920.79,179881.19,396,17772,59.41,59.41,118.81,6,6,0.00,0.00,0,0
1432850415,s0-eth2,3920.79,205287.14,209207.92,20734,396,59.41,69.31,128.71,7,6,0.00,0.00,0,0
1432850415,s0-eth3,0.00,0.00,0.00,0,0,0.00,0.00,0.00,0,0,0.00,0.00,0,0
1432850415,total,359762.38,389089.12,748851.50,39298,36336,237.62,247.52,485.15,25,24,0.00,0.00,0,0
1432850415,s1-eth1,3960.00,207340.00,211300.00,20734,396,60.00,70.00,130.00,7,6,0.00,0.00,0,0
1432850415,s1-eth2,207340.00,3960.00,211300.00,396,20734,70.00,60.00,130.00,6,7,0.00,0.00,0,0
1432850415,s1-eth3,0.00,0.00,0.00,0,0,0.00,0.00,0.00,0,0,0.00,0.00,0,0
1432850415,s0,0.00,0.00,0.00,0,0,0.00,0.00,0.00,0,0,0.00,0.00,0,0
1432850415,eth0,0.00,0.00,0.00,0,0,0.00,0.00,0.00,0,0,0.00,0.00,0,0
1432850415,lo,0.00,0.00,0.00,0,0,0.00,0.00,0.00,0,0,0.00,0.00,0,0
1432850415,s1,0.00,0.00,0.00,0,0,0.00,0.00,0.00,0,0,0.00,0.00,0,0
1432850415,s0-eth1,207340.00,3960.00,211300.00,396,20734,70.00,60.00,130.00,6,7,0.00,0.00,0,0
1432850415,s0-eth2,3960.00,177720.00,181680.00,17772,396,60.00,60.00,120.00,6,6,0.00,0.00,0,0
1432850415,s0-eth3,0.00,0.00,0.00,0,0,0.00,0.00,0.00,0,0,0.00,0.00,0,0
1432850415,total,422600.00,392980.00,815580.00,39298,42260,260.00,250.00,510.00,25,26,0.00,0.00,0,0
1432850415,s1-eth1,3960.00,177720.00,181680.00,17772,396,60.00,60.00,120.00,6,6,0.00,0.00,0,0
1432850415,s1-eth2,177720.00,4620.00,182340.00,462,17772,60.00,70.00,130.00,7,6,0.00,0.00,0,0
1432850415,s1-eth3,0.00,0.00,0.00,0,0,0.00,0.00,0.00,0,0,0.00,0.00,0,0
1432850415,s0,0.00,0.00,0.00,0,0,0.00,0.00,0.00,0,0,0.00,0.00,0,0
1432850415,eth0,0.00,0.00,0.00,0,0,0.00,0.00,0.00,0,0,0.00,0.00,0,0
1432850415,lo,0.00,0.00,0.00,0,0,0.00,0.00,0.00,0,0,0.00,0.00,0,0
1432850415,s1,0.00,0.00,0.00,0,0,0.00,0.00,0.00,0,0,0.00,0.00,0,0
1432850415,s0-eth1,177720.00,3960.00,181680.00,396,17772,60.00,60.00,120.00,6,6,0.00,0.00,0,0
1432850415,s0-eth2,3960.00,177720.00,181680.00,17772,396,60.00,60.00,120.00,6,6,0.00,0.00,0,0
1432850415,s0-eth3,0.00,0.00,0.00,0,0,0.00,0.00,0.00,0,0,0.00,0.00,0,0
1432850415,total,363360.00,364020.00,727380.00,36402,36336,240.00,250.00,490.00,25,24,0.00,0.00,0,0
1432850415,s1-eth1,4620.00,177720.00,182340.00,17772,462,70.00,60.00,130.00,6,7,0.00,0.00,0,0
1432850415,s1-eth2,177720.00,3960.00,181680.00,396,17772,60.00,60.00,120.00,6,6,0.00,0.00,0,0
1432850415,s1-eth3,0.00,0.00,0.00,0,0,0.00,0.00,0.00,0,0,0.00,0.00,0,0
1432850415,s0,0.00,0.00,0.00,0,0,0.00,0.00,0.00,0,0,0.00,0.00,0,0
1432850415,eth0,0.00,0.00,0.00,0,0,0.00,0.00,0.00,0,0,0.00,0.00,0,0
1432850415,lo,0.00,0.00,0.00,0,0,0.00,0.00,0.00,0,0,0.00,0.00,0,0
1432850415,s1,0.00,0.00,0.00,0,0,0.00,0.00,0.00,0,0,0.00,0.00,0,0
1432850415,s0-eth1,177720.00,4620.00,182340.00,462,17772,60.00,70.00,130.00,7,6,0.00,0.00,0,0
1432850415,s0-eth2,4620.00,177720.00,182340.00,17772,462,70.00,60.00,130.00,6,7,0.00,0.00,0,0
1432850415,s0-eth3,0.00,0.00,0.00,0,0,0.00,0.00,0.00,0,0,0.00,0.00,0,0
1432850415,total,364680.00,364020.00,728700.00,36402,36468,260.00,250.00,510.00,25,26,0.00,0.00,0,0
1432850415,s1-eth1,3960.00,177720.00,181680.00,17772,396,60.00,60.00,120.00,6,6,0.00,0.00,0,0
1432850415,s1-eth2,177720.00,3960.00,181680.00,396,17772,60.00,60.00,120.00,6,6,0.00,0.00,0,0
1432850415,s1-eth3,0.00,0.00,0.00,0,0,0.00,0.00,0.00,0,0,0.00,0.00,0,0
1432850415,s0,0.00,0.00,0.00,0,0,0.00,0.00,0.00,0,0,0.00,0.00,0,0
1432850415,eth0,0.00,0.00,0.00,0,0,0.00,0.00,0.00,0,0,0.00,0.00,0,0
1432850415,lo,0.00,0.00,0.00,0,0,0.00,0.00,0.00,0,0,0.00,0.00,0,0
1432850415,s1,0.00,0.00,0.00,0,0,0.00,0.00,0.00,0,0,0.00,0.00,0,0
1432850415,s0-eth1,177720.00,3960.00,181680.00,396,17772,60.00,60.00,120.00,6,6,0.00,0.00,0,0
1432850415,s0-eth2,3960.00,207340.00,211300.00,20734,396,60.00,70.00,130.00,7,6,0.00,0.00,0,0
1432850415,s0-eth3,0.00,0.00,0.00,0,0,0.00,0.00,0.00,0,0,0.00,0.00,0,0
1432850415,total,363360.00,392980.00,756340.00,39298,36336,240.00,250.00,490.00,25,24,0.00,0.00,0,0
1432850415,s1-eth1,3960.00,177720.00,181680.00,17772,396,60.00,60.00,120.00,6,6,0.00,0.00,0,0
1432850415,s1-eth2,177720.00,3960.00,181680.00,396,17772,60.00,60.00,120.00,6,6,0.00,0.00,0,0
1432850415,s1-eth3,0.00,0.00,0.00,0,0,0.00,0.00,0.00,0,0,0.00,0.00,0,0
1432850415,s0,0.00,0.00,0.00,0,0,0.00,0.00,0.00,0,0,0.00,0.00,0,0
1432850415,eth0,0.00,0.00,0.00,0,0,0.00,0.00,0.00,0,0,0.00,0.00,0,0
1432850415,lo,0.00,0.00,0.00,0,0,0.00,0.00,0.00,0,0,0.00,0.00,0,0
1432850415,s1,0.00,0.00,0.00,0,0,0.00,0.00,0.00,0,0,0.00,0.00,0,0
1432850415,s0-eth1,177720.00,3960.00,181680.00,396,17772,60.00,60.00,120.00,6,6,0.00,0.00,0,0
1432850415,s0-eth2,3960.00,177720.00,181680.00,17772,396,60.00,60.00,120.00,6,6,0.00,0.00,0,0
1432850415,s0-eth3,0.00,0.00,0.00,0,0,0.00,0.00,0.00,0,0,0.00,0.00,0,0
1432850415,total,363360.00,363360.00,726720.00,36336,36336,240.00,240.00,480.00,24,24,0.00,0.00,0,0
1432850415,s1-eth1,3960.00,207340.00,211300.00,20734,396,60.00,70.00,130.00,7,6,0.00,0.00,0,0
1432850415,s1-eth2,207340.00,3960.00,211300.00,396,20734,70.00,60.00,130.00,6,7,0.00,0.00,0,0
1432850415,s1-eth3,0.00,0.00,0.00,0,0,0.00,0.00,0.00,0,0,0.00,0.00,0,0
1432850415,s0,0.00,0.00,0.00,0,0,0.00,0.00,0.00,0,0,0.00,0.00,0,0
1432850415,eth0,0.00,0.00,0.00,0,0,0.00,0.00,0.00,0,0,0.00,0.00,0,0
1432850415,lo,0.00,0.00,0.00,0,0,0.00,0.00,0.00,0,0,0.00,0.00,0,0
1432850415,s1,0.00,0.00,0.00,0,0,0.00,0.00,0.00,0,0,0.00,0.00,0,0
1432850415,s0-eth1,207340.00,3960.00,211300.00,396,20734,70.00,60.00,130.00,6,7,0.00,0.00,0,0
1432850415,s0-eth2,3960.00,177720.00,181680.00,17772,396,60.00,60.00,120.00,6,6,0.00,0.00,0,0
1432850415,s0-eth3,0.00,0.00,0.00,0,0,0.00,0.00,0.00,0,0,0.00,0.00,0,0
1432850415,total,422600.00,392980.00,815580.00,39298,42260,260.00,250.00,510.00,25,26,0.00,0.00,0,0
1432850415,s1-eth1,4620.00,177720.00,182340.00,17772,462,70.00,60.00,130.00,6,7,0.00,0.00,0,0
1432850415,s1-eth2,177720.00,4620.00,182340.00,462,17772,60.00,70.00,130.00,7,6,0.00,0.00,0,0
1432850415,s1-eth3,0.00,0.00,0.00,0,0,0.00,0.00,0.00,0,0,0.00,0.00,0,0
1432850415,s0,0.00,0.00,0.00,0,0,0.00,0.00,0.00,0,0,0.00,0.00,0,0
1432850415,eth0,0.00,0.00,0.00,0,0,0.00,0.00,0.00,0,0,0.00,0.00,0,0
1432850415,lo,0.00,0.00,0.00,0,0,0.00,0.00,0.00,0,0,0.00,0.00,0,0
1432850415,s1,0.00,0.00,0.00,0,0,0.00,0.00,0.00,0,0,0.00,0.00,0,0
1432850415,s0-eth1,177720.00,4620.00,182340.00,462,17772,60.00,70.00,130.00,7,6,0.00,0.00,0,0
1432850415,s0-eth2,3960.00,207340.00,211300.00,20734,396,60.00,70.00,130.00,7,6,0.00,0.00,0,0
1432850415,s0-eth3,0.00,0.00,0.00,0,0,0.00,0.00,0.00,0,0,0.00,0.00,0,0
1432850415,total,364020.00,394300.00,758320.00,39430,36402,250.00,270.00,520.00,27,25,0.00,0.00,0,0
1432850415,s1-eth1,3960.00,177720.00,181680.00,17772,396,60.00,60.00,120.00,6,6,0.00,0.00,0,0
1432850415,s1-eth2,177720.00,3960.00,181680.00,396,17772,60.00,60.00,120.00,6,6,0.00,0.00,0,0
1432850415,s1-eth3,0.00,0.00,0.00,0,0,0.00,0.00,0.00,0,0,0.00,0.00,0,0
1432850415,s0,0.00,0.00,0.00,0,0,0.00,0.00,0.00,0,0,0.00,0.00,0,0
1432850415,eth0,0.00,0.00,0.00,0,0,0.00,0.00,0.00,0,0,0.00,0.00,0,0
1432850415,lo,0.00,0.00,0.00,0,0,0.00,0.00,0.00,0,0,0.00,0.00,0,0
1432850415,s1,0.00,0.00,0.00,0,0,0.00,0.00,0.00,0,0,0.00,0.00,0,0
1432850415,s0-eth1,177720.00,3960.00,181680.00,396,17772,60.00,60.00,120.00,6,6,0.00,0.00,0,0
1432850415,s0-eth2,4620.00,177720.00,182340.00,17772,462,70.00,60.00,130.00,6,7,0.00,0.00,0,0
1432850415,s0-eth3,0.00,0.00,0.00,0,0,0.00,0.00,0.00,0,0,0.00,0.00,0,0
1432850415,total,364020.00,363360.00,727380.00,36336,36402,250.00,240.00,490.00,24,25,0.00,0.00,0,0
1432850415,s1-eth1,3960.00,177720.00,181680.00,17772,396,60.00,60.00,120.00,6,6,0.00,0.00,0,0
1432850415,s1-eth2,177720.00,3960.00,181680.00,396,17772,60.00,60.00,120.00,6,6,0.00,0.00,0,0
1432850415,s1-eth3,0.00,0.00,0.00,0,0,0.00,0.00,0.00,0,0,0.00,0.00,0,0
1432850415,s0,0.00,0.00,0.00,0,0,0.00,0.00,0.00,0,0,0.00,0.00,0,0
1432850415,eth0,0.00,0.00,0.00,0,0,0.00,0.00,0.00,0,0,0.00,0.00,0,0
1432850415,lo,0.00,0.00,0.00,0,0,0.00,0.00,0.00,0,0,0.00,0.00,0,0
1432850415,s1,0.00,0.00,0.00,0,0,0.00,0.00,0.00,0,0,0.00,0.00,0,0
1432850415,s0-eth1,177720.00,3960.00,181680.00,396,17772,60.00,60.00,120.00,6,6,0.00,0.00,0,0
1432850415,s0-eth2,3960.00,207340.00,211300.00,20734,396,60.00,70.00,130.00,7,6,0.00,0.00,0,0
1432850415,s0-eth3,0.00,0.00,0.00,0,0,0.00,0.00,0.00,0,0,0.00,0.00,0,0
1432850415,total,363360.00,392980.00,756340.00,39298,36336,240.00,250.00,490.00,25,24,0.00,0.00,0,0
1432850416,s1-eth1,3920.79,205287.14,209207.92,20734,396,59.41,69.31,128.71,7,6,0.00,0.00,0,0
1432850416,s1-eth2,175960.41,3920.79,179881.19,396,17772,59.41,59.41,118.81,6,6,0.00,0.00,0,0
1432850416,s1-eth3,0.00,0.00,0.00,0,0,0.00,0.00,0.00,0,0,0.00,0.00,0,0
1432850416,s0,0.00,0.00,0.00,0,0,0.00,0.00,0.00,0,0,0.00,0.00,0,0
1432850416,eth0,0.00,0.00,0.00,0,0,0.00,0.00,0.00,0,0,0.00,0.00,0,0
1432850416,lo,0.00,0.00,0.00,0,0,0.00,0.00,0.00,0,0,0.00,0.00,0,0
1432850416,s1,0.00,0.00,0.00,0,0,0.00,0.00,0.00,0,0,0.00,0.00,0,0
1432850416,s0-eth1,205287.14,3920.79,209207.92,396,20734,69.31,59.41,128.71,6,7,0.00,0.00,0,0
1432850416,s0-eth2,3920.79,175960.41,179881.19,17772,396,59.41,59.41,118.81,6,6,0.00,0.00,0,0
1432850416,s0-eth3,0.00,0.00,0.00,0,0,0.00,0.00,0.00,0,0,0.00,0.00,0,0
1432850416,total,389089.12,389089.12,778178.25,39298,39298,247.52,247.52,495.05,25,25,0.00,0.00,0,0
1432850416,s1-eth1,3960.00,177720.00,181680.00,17772,396,60.00,60.00,120.00,6,6,0.00,0.00,0,0
1432850416,s1-eth2,207340.00,3960.00,211300.00,396,20734,70.00,60.00,130.00,6,7,0.00,0.00,0,0
1432850416,s1-eth3,0.00,0.00,0.00,0,0,0.00,0.00,0.00,0,0,0.00,0.00,0,0
1432850416,s0,0.00,0.00,0.00,0,0,0.00,0.00,0.00,0,0,0.00,0.00,0,0
1432850416,eth0,0.00,0.00,0.00,0,0,0.00,0.00,0.00,0,0,0.00,0.00,0,0
1432850416,lo,0.00,0.00,0.00,0,0,0.00,0.00,0.00,0,0,0.00,0.00,0,0
1432850416,s1,0.00,0.00,0.00,0,0,0.00,0.00,0.00,0,0,0.00,0.00,0,0
1432850416,s0-eth1,177720.00,3960.00,181680.00,396,17772,60.00,60.00,120.00,6,6,0.00,0.00,0,0
1432850416,s0-eth2,3960.00,177720.00,181680.00,17772,396,60.00,60.00,120.00,6,6,0.00,0.00,0,0
1432850416,s0-eth3,0.00,0.00,0.00,0,0,0.00,0.00,0.00,0,0,0.00,0.00,0,0
1432850416,total,392980.00,363360.00,756340.00,36336,39298,250.00,240.00,490.00,24,25,0.00,0.00,0,0
1432850416,s1-eth1,4620.00,177720.00,182340.00,17772,462,70.00,60.00,130.00,6,7,0.00,0.00,0,0
1432850416,s1-eth2,177720.00,4620.00,182340.00,462,17772,60.00,70.00,130.00,7,6,0.00,0.00,0,0
1432850416,s1-eth3,0.00,0.00,0.00,0,0,0.00,0.00,0.00,0,0,0.00,0.00,0,0
1432850416,s0,0.00,0.00,0.00,0,0,0.00,0.00,0.00,0,0,0.00,0.00,0,0
1432850416,eth0,0.00,0.00,0.00,0,0,0.00,0.00,0.00,0,0,0.00,0.00,0,0
1432850416,lo,3440.00,3440.00,6880.00,344,344,60.00,60.00,120.00,6,6,0.00,0.00,0,0
1432850416,s1,0.00,0.00,0.00,0,0,0.00,0.00,0.00,0,0,0.00,0.00,0,0
1432850416,s0-eth1,177720.00,4620.00,182340.00,462,17772,60.00,70.00,130.00,7,6,0.00,0.00,0,0
1432850416,s0-eth2,3960.00,177720.00,181680.00,17772,396,60.00,60.00,120.00,6,6,0.00,0.00,0,0
1432850416,s0-eth3,0.00,0.00,0.00,0,0,0.00,0.00,0.00,0,0,0.00,0.00,0,0
1432850416,total,367460.00,368120.00,735580.00,36812,36746,310.00,320.00,630.00,32,31,0.00,0.00,0,0
1432850416,s1-eth1,4500.00,177720.00,182220.00,17772,450,70.00,60.00,130.00,6,7,0.00,0.00,0,0
1432850416,s1-eth2,177720.00,4500.00,182220.00,450,17772,60.00,70.00,130.00,7,6,0.00,0.00,0,0
1432850416,s0,0.00,0.00,0.00,0,0,0.00,0.00,0.00,0,0,0.00,0.00,0,0
1432850416,eth0,5900.00,0.00,5900.00,0,590,50.00,0.00,50.00,0,5,0.00,0.00,0,0
1432850416,lo,3120.00,3120.00,6240.00,312,312,60.00,60.00,120.00,6,6,0.00,0.00,0,0
1432850416,s1,0.00,0.00,0.00,0,0,0.00,0.00,0.00,0,0,0.00,0.00,0,0
1432850416,s0-eth1,177720.00,4500.00,182220.00,450,17772,60.00,70.00,130.00,7,6,0.00,0.00,0,0
1432850416,s0-eth2,5160.00,179040.00,184200.00,17904,516,80.00,80.00,160.00,8,8,0.00,0.00,0,0
1432850416,total,184467440737095516160.00,184467440737095516160.00,184467440737095516160.00,18446744073699719871,18446744073708705895,184467440737095516160.00,184467440737095417856.00,184467440737095417856.00,18446744073709542141,18446744073709550685,0.00,0.00,0,0
1432850416,eth0,4400.00,5280.00,9680.00,528,440,40.00,80.00,120.00,8,4,0.00,0.00,0,0
1432850416,lo,0.00,0.00,0.00,0,0,0.00,0.00,0.00,0,0,0.00,0.00,0,0
1432850416,s1,0.00,0.00,0.00,0,0,0.00,0.00,0.00,0,0,0.00,0.00,0,0
1432850416,total,184467440737095516160.00,184467440737095516160.00,184467440737095516160.00,18446744073692869857,18446744073693447793,184467440737095385088.00,184467440737095385088.00,184467440737095254016.00,18446744073709539400,18446744073709539586,0.00,0.00,0,0
1432850416,eth0,5900.00,3960.00,9860.00,396,590,50.00,60.00,110.00,6,5,0.00,0.00,0,0
1432850416,lo,0.00,0.00,0.00,0,0,0.00,0.00,0.00,0,0,0.00,0.00,0,0
1432850416,total,184467440737095516160.00,184467440737095516160.00,184467440737095516160.00,18446744073709548579,18446744073709551557,184467440737095516160.00,184467440737095516160.00,184467440737095516160.00,18446744073709551575,18446744073709551612,0.00,0.00,0,0
1432850416,eth0,0.00,0.00,0.00,0,0,0.00,0.00,0.00,0,0,0.00,0.00,0,0
1432850416,lo,0.00,0.00,0.00,0,0,0.00,0.00,0.00,0,0,0.00,0.00,0,0
1432850416,total,0.00,0.00,0.00,0,0,0.00,0.00,0.00,0,0,0.00,0.00,0,0
1432850416,eth0,0.00,0.00,0.00,0,0,0.00,0.00,0.00,0,0,0.00,0.00,0,0
1432850416,lo,0.00,0.00,0.00,0,0,0.00,0.00,0.00,0,0,0.00,0.00,0,0
1432850416,total,0.00,0.00,0.00,0,0,0.00,0.00,0.00,0,0,0.00,0.00,0,0
1432850416,eth0,0.00,0.00,0.00,0,0,0.00,0.00,0.00,0,0,0.00,0.00,0,0
1432850416,lo,0.00,0.00,0.00,0,0,0.00,0.00,0.00,0,0,0.00,0.00,0,0
1432850416,total,0.00,0.00,0.00,0,0,0.00,0.00,0.00,0,0,0.00,0.00,0,0
1432850416,eth0,0.00,0.00,0.00,0,0,0.00,0.00,0.00,0,0,0.00,0.00,0,0
1432850416,lo,0.00,0.00,0.00,0,0,0.00,0.00,0.00,0,0,0.00,0.00,0,0
1432850416,total,0.00,0.00,0.00,0,0,0.00,0.00,0.00,0,0,0.00,0.00,0,0
1432850417,eth0,0.00,0.00,0.00,0,0,0.00,0.00,0.00,0,0,0.00,0.00,0,0
1432850417,lo,0.00,0.00,0.00,0,0,0.00,0.00,0.00,0,0,0.00,0.00,0,0
1432850417,total,0.00,0.00,0.00,0,0,0.00,0.00,0.00,0,0,0.00,0.00,0,0
1432850417,eth0,0.00,0.00,0.00,0,0,0.00,0.00,0.00,0,0,0.00,0.00,0,0
1432850417,lo,0.00,0.00,0.00,0,0,0.00,0.00,0.00,0,0,0.00,0.00,0,0
1432850417,total,0.00,0.00,0.00,0,0,0.00,0.00,0.00,0,0,0.00,0.00,0,0
1432850417,eth0,0.00,0.00,0.00,0,0,0.00,0.00,0.00,0,0,0.00,0.00,0,0
1432850417,lo,0.00,0.00,0.00,0,0,0.00,0.00,0.00,0,0,0.00,0.00,0,0
1432850417,total,0.00,0.00,0.00,0,0,0.00,0.00,0.00,0,0,0.00,0.00,0,0
1432850417,eth0,0.00,0.00,0.00,0,0,0.00,0.00,0.00,0,0,0.00,0.00,0,0
1432850417,lo,0.00,0.00,0.00,0,0,0.00,0.00,0.00,0,0,0.00,0.00,0,0
1432850417,total,0.00,0.00,0.00,0,0,0.00,0.00,0.00,0,0,0.00,0.00,0,0
1432850417,eth0,0.00,0.00,0.00,0,0,0.00,0.00,0.00,0,0,0.00,0.00,0,0
1432850417,lo,0.00,0.00,0.00,0,0,0.00,0.00,0.00,0,0,0.00,0.00,0,0
1432850417,total,0.00,0.00,0.00,0,0,0.00,0.00,0.00,0,0,0.00,0.00,0,0
1432850417,eth0,0.00,0.00,0.00,0,0,0.00,0.00,0.00,0,0,0.00,0.00,0,0
1432850417,lo,0.00,0.00,0.00,0,0,0.00,0.00,0.00,0,0,0.00,0.00,0,0
1432850417,total,0.00,0.00,0.00,0,0,0.00,0.00,0.00,0,0,0.00,0.00,0,0
1432850417,eth0,0.00,0.00,0.00,0,0,0.00,0.00,0.00,0,0,0.00,0.00,0,0
1432850417,lo,0.00,0.00,0.00,0,0,0.00,0.00,0.00,0,0,0.00,0.00,0,0
1432850417,total,0.00,0.00,0.00,0,0,0.00,0.00,0.00,0,0,0.00,0.00,0,0
1432850417,eth0,0.00,0.00,0.00,0,0,0.00,0.00,0.00,0,0,0.00,0.00,0,0
1432850417,lo,0.00,0.00,0.00,0,0,0.00,0.00,0.00,0,0,0.00,0.00,0,0
1432850417,total,0.00,0.00,0.00,0,0,0.00,0.00,0.00,0,0,0.00,0.00,0,0
1432850417,eth0,0.00,0.00,0.00,0,0,0.00,0.00,0.00,0,0,0.00,0.00,0,0
1432850417,lo,0.00,0.00,0.00,0,0,0.00,0.00,0.00,0,0,0.00,0.00,0,0
1432850417,total,0.00,0.00,0.00,0,0,0.00,0.00,0.00,0,0,0.00,0.00,0,0
1432850417,eth0,0.00,0.00,0.00,0,0,0.00,0.00,0.00,0,0,0.00,0.00,0,0
1432850417,lo,0.00,0.00,0.00,0,0,0.00,0.00,0.00,0,0,0.00,0.00,0,0
1432850417,total,0.00,0.00,0.00,0,0,0.00,0.00,0.00,0,0,0.00,0.00,0,0
1432850418,eth0,0.00,0.00,0.00,0,0,0.00,0.00,0.00,0,0,0.00,0.00,0,0
1432850418,lo,0.00,0.00,0.00,0,0,0.00,0.00,0.00,0,0,0.00,0.00,0,0
1432850418,total,0.00,0.00,0.00,0,0,0.00,0.00,0.00,0,0,0.00,0.00,0,0
1432850418,eth0,0.00,0.00,0.00,0,0,0.00,0.00,0.00,0,0,0.00,0.00,0,0
1432850418,lo,0.00,0.00,0.00,0,0,0.00,0.00,0.00,0,0,0.00,0.00,0,0
1432850418,total,0.00,0.00,0.00,0,0,0.00,0.00,0.00,0,0,0.00,0.00,0,0
1432850418,eth0,0.00,0.00,0.00,0,0,0.00,0.00,0.00,0,0,0.00,0.00,0,0
1432850418,lo,0.00,0.00,0.00,0,0,0.00,0.00,0.00,0,0,0.00,0.00,0,0
1432850418,total,0.00,0.00,0.00,0,0,0.00,0.00,0.00,0,0,0.00,0.00,0,0
1432850418,eth0,0.00,0.00,0.00,0,0,0.00,0.00,0.00,0,0,0.00,0.00,0,0
1432850418,lo,0.00,0.00,0.00,0,0,0.00,0.00,0.00,0,0,0.00,0.00,0,0
1432850418,total,0.00,0.00,0.00,0,0,0.00,0.00,0.00,0,0,0.00,0.00,0,0
1432850418,eth0,0.00,0.00,0.00,0,0,0.00,0.00,0.00,0,0,0.00,0.00,0,0
1432850418,lo,0.00,0.00,0.00,0,0,0.00,0.00,0.00,0,0,0.00,0.00,0,0
1432850418,total,0.00,0.00,0.00,0,0,0.00,0.00,0.00,0,0,0.00,0.00,0,0
1432850418,eth0,0.00,0.00,0.00,0,0,0.00,0.00,0.00,0,0,0.00,0.00,0,0
1432850418,lo,0.00,0.00,0.00,0,0,0.00,0.00,0.00,0,0,0.00,0.00,0,0
1432850418,total,0.00,0.00,0.00,0,0,0.00,0.00,0.00,0,0,0.00,0.00,0,0
1432850418,eth0,0.00,0.00,0.00,0,0,0.00,0.00,0.00,0,0,0.00,0.00,0,0
1432850418,lo,0.00,0.00,0.00,0,0,0.00,0.00,0.00,0,0,0.00,0.00,0,0
1432850418,total,0.00,0.00,0.00,0,0,0.00,0.00,0.00,0,0,0.00,0.00,0,0
1432850418,eth0,0.00,0.00,0.00,0,0,0.00,0.00,0.00,0,0,0.00,0.00,0,0
1432850418,lo,0.00,0.00,0.00,0,0,0.00,0.00,0.00,0,0,0.00,0.00,0,0
1432850418,total,0.00,0.