1432853070,s1-eth1,0.00,0.00,0.00,0,0,0.00,0.00,0.00,0,0,0.00,0.00,0,0
1432853070,s1-eth2,0.00,0.00,0.00,0,0,0.00,0.00,0.00,0,0,0.00,0.00,0,0
1432853070,s1-eth3,0.00,0.00,0.00,0,0,0.00,0.00,0.00,0,0,0.00,0.00,0,0
1432853070,s0,0.00,0.00,0.00,0,0,0.00,0.00,0.00,0,0,0.00,0.00,0,0
1432853070,eth0,0.00,0.00,0.00,0,0,0.00,0.00,0.00,0,0,0.00,0.00,0,0
1432853070,lo,0.00,0.00,0.00,0,0,0.00,0.00,0.00,0,0,0.00,0.00,0,0
1432853070,s1,0.00,0.00,0.00,0,0,0.00,0.00,0.00,0,0,0.00,0.00,0,0
1432853070,s0-eth1,0.00,0.00,0.00,0,0,0.00,0.00,0.00,0,0,0.00,0.00,0,0
1432853070,s0-eth2,0.00,0.00,0.00,0,0,0.00,0.00,0.00,0,0,0.00,0.00,0,0
1432853070,s0-eth3,0.00,0.00,0.00,0,0,0.00,0.00,0.00,0,0,0.00,0.00,0,0
1432853070,total,0.00,0.00,0.00,0,0,0.00,0.00,0.00,0,0,0.00,0.00,0,0
1432853070,s1-eth1,0.00,187560.00,187560.00,18756,0,0.00,180.00,180.00,18,0,0.00,0.00,0,0
1432853070,s1-eth2,0.00,0.00,0.00,0,0,0.00,0.00,0.00,0,0,0.00,0.00,0,0
1432853070,s1-eth3,197980.00,0.00,197980.00,0,19798,190.00,0.00,190.00,0,19,0.00,0.00,0,0
1432853070,s0,0.00,0.00,0.00,0,0,0.00,0.00,0.00,0,0,0.00,0.00,0,0
1432853070,eth0,0.00,0.00,0.00,0,0,0.00,0.00,0.00,0,0,0.00,0.00,0,0
1432853070,lo,0.00,0.00,0.00,0,0,0.00,0.00,0.00,0,0,0.00,0.00,0,0
1432853070,s1,0.00,0.00,0.00,0,0,0.00,0.00,0.00,0,0,0.00,0.00,0,0
1432853070,s0-eth1,187560.00,0.00,187560.00,0,18756,180.00,0.00,180.00,0,18,0.00,0.00,0,0
1432853070,s0-eth2,0.00,0.00,0.00,0,0,0.00,0.00,0.00,0,0,0.00,0.00,0,0
1432853070,s0-eth3,0.00,1875600.00,1875600.00,187560,0,0.00,1800.00,1800.00,180,0,0.00,0.00,0,0
1432853070,total,385540.00,2063160.00,2448700.00,206316,38554,370.00,1980.00,2350.00,198,37,0.00,0.00,0,0
1432853070,s1-eth1,0.00,187560.00,187560.00,18756,0,0.00,180.00,180.00,18,0,0.00,0.00,0,0
1432853070,s1-eth2,0.00,0.00,0.00,0,0,0.00,0.00,0.00,0,0,0.00,0.00,0,0
1432853070,s1-eth3,187560.00,0.00,187560.00,0,18756,180.00,0.00,180.00,0,18,0.00,0.00,0,0
1432853070,s0,0.00,0.00,0.00,0,0,0.00,0.00,0.00,0,0,0.00,0.00,0,0
1432853070,eth0,0.00,0.00,0.00,0,0,0.00,0.00,0.00,0,0,0.00,0.00,0,0
1432853070,lo,0.00,0.00,0.00,0,0,0.00,0.00,0.00,0,0,0.00,0.00,0,0
1432853070,s1,0.00,0.00,0.00,0,0,0.00,0.00,0.00,0,0,0.00,0.00,0,0
1432853070,s0-eth1,187560.00,0.00,187560.00,0,18756,180.00,0.00,180.00,0,18,0.00,0.00,0,0
1432853070,s0-eth2,0.00,0.00,0.00,0,0,0.00,0.00,0.00,0,0,0.00,0.00,0,0
1432853070,s0-eth3,0.00,395960.00,395960.00,39596,0,0.00,380.00,380.00,38,0,0.00,0.00,0,0
1432853070,total,375120.00,583520.00,958640.00,58352,37512,360.00,560.00,920.00,56,36,0.00,0.00,0,0
1432853070,s1-eth1,0.00,104200.00,104200.00,10420,0,0.00,100.00,100.00,10,0,0.00,0.00,0,0
1432853070,s1-eth2,0.00,0.00,0.00,0,0,0.00,0.00,0.00,0,0,0.00,0.00,0,0
1432853070,s1-eth3,104200.00,0.00,104200.00,0,10420,100.00,0.00,100.00,0,10,0.00,0.00,0,0
1432853070,s0,0.00,0.00,0.00,0,0,0.00,0.00,0.00,0,0,0.00,0.00,0,0
1432853070,eth0,0.00,0.00,0.00,0,0,0.00,0.00,0.00,0,0,0.00,0.00,0,0
1432853070,lo,0.00,0.00,0.00,0,0,0.00,0.00,0.00,0,0,0.00,0.00,0,0
1432853070,s1,0.00,0.00,0.00,0,0,0.00,0.00,0.00,0,0,0.00,0.00,0,0
1432853070,s0-eth1,104200.00,0.00,104200.00,0,10420,100.00,0.00,100.00,0,10,0.00,0.00,0,0
1432853070,s0-eth2,0.00,0.00,0.00,0,0,0.00,0.00,0.00,0,0,0.00,0.00,0,0
1432853070,s0-eth3,0.00,0.00,0.00,0,0,0.00,0.00,0.00,0,0,0.00,0.00,0,0
1432853070,total,208400.00,104200.00,312600.00,10420,20840,200.00,100.00,300.00,10,20,0.00,0.00,0,0
1432853070,s1-eth1,0.00,0.00,0.00,0,0,0.00,0.00,0.00,0,0,0.00,0.00,0,0
1432853070,s1-eth2,0.00,0.00,0.00,0,0,0.00,0.00,0.00,0,0,0.00,0.00,0,0
1432853070,s1-eth3,0.00,0.00,0.00,0,0,0.00,0.00,0.00,0,0,0.00,0.00,0,0
1432853070,s0,0.00,0.00,0.00,0,0,0.00,0.00,0.00,0,0,0.00,0.00,0,0
1432853070,eth0,0.00,0.00,0.00,0,0,0.00,0.00,0.00,0,0,0.00,0.00,0,0
1432853070,lo,0.00,0.00,0.00,0,0,0.00,0.00,0.00,0,0,0.00,0.00,0,0
1432853070,s1,0.00,0.00,0.00,0,0,0.00,0.00,0.00,0,0,0.00,0.00,0,0
1432853070,s0-eth1,0.00,0.00,0.00,0,0,0.00,0.00,0.00,0,0,0.00,0.00,0,0
1432853070,s0-eth2,0.00,0.00,0.00,0,0,0.00,0.00,0.00,0,0,0.00,0.00,0,0
1432853070,s0-eth3,0.00,0.00,0.00,0,0,0.00,0.00,0.00,0,0,0.00,0.00,0,0
1432853070,total,0.00,0.00,0.00,0,0,0.00,0.00,0.00,0,0,0.00,0.00,0,0
1432853071,s1-eth1,0.00,0.00,0.00,0,0,0.00,0.00,0.00,0,0,0.00,0.00,0,0
1432853071,s1-eth2,0.00,0.00,0.00,0,0,0.00,0.00,0.00,0,0,0.00,0.00,0,0
1432853071,s1-eth3,0.00,0.00,0.00,0,0,0.00,0.00,0.00,0,0,0.00,0.00,0,0
1432853071,s0,0.00,0.00,0.00,0,0,0.00,0.00,0.00,0,0,0.00,0.00,0,0
1432853071,eth0,0.00,0.00,0.00,0,0,0.00,0.00,0.00,0,0,0.00,0.00,0,0
1432853071,lo,0.00,0.00,0.00,0,0,0.00,0.00,0.00,0,0,0.00,0.00,0,0
1432853071,s1,0.00,0.00,0.00,0,0,0.00,0.00,0.00,0,0,0.00,0.00,0,0
1432853071,s0-eth1,0.00,0.00,0.00,0,0,0.00,0.00,0.00,0,0,0.00,0.00,0,0
1432853071,s0-eth2,0.00,0.00,0.00,0,0,0.00,0.00,0.00,0,0,0.00,0.00,0,0
1432853071,s0-eth3,0.00,0.00,0.00,0,0,0.00,0.00,0.00,0,0,0.00,0.00,0,0
1432853071,total,0.00,0.00,0.00,0,0,0.00,0.00,0.00,0,0,0.00,0.00,0,0
1432853071,s1-eth1,0.00,0.00,0.00,0,0,0.00,0.00,0.00,0,0,0.00,0.00,0,0
1432853071,s1-eth2,0.00,0.00,0.00,0,0,0.00,0.00,0.00,0,0,0.00,0.00,0,0
1432853071,s1-eth3,0.00,0.00,0.00,0,0,0.00,0.00,0.00,0,0,0.00,0.00,0,0
1432853071,s0,0.00,0.00,0.00,0,0,0.00,0.00,0.00,0,0,0.00,0.00,0,0
1432853071,eth0,0.00,0.00,0.00,0,0,0.00,0.00,0.00,0,0,0.00,0.00,0,0
1432853071,lo,0.00,0.00,0.00,0,0,0.00,0.00,0.00,0,0,0.00,0.00,0,0
1432853071,s1,0.00,0.00,0.00,0,0,0.00,0.00,0.00,0,0,0.00,0.00,0,0
1432853071,s0-eth1,0.00,0.00,0.00,0,0,0.00,0.00,0.00,0,0,0.00,0.00,0,0
1432853071,s0-eth2,0.00,0.00,0.00,0,0,0.00,0.00,0.00,0,0,0.00,0.00,0,0
1432853071,s0-eth3,0.00,0.00,0.00,0,0,0.00,0.00,0.00,0,0,0.00,0.00,0,0
1432853071,total,0.00,0.00,0.00,0,0,0.00,0.00,0.00,0,0,0.00,0.00,0,0
1432853071,s1-eth1,0.00,83360.00,83360.00,8336,0,0.00,80.00,80.00,8,0,0.00,0.00,0,0
1432853071,s1-eth2,0.00,0.00,0.00,0,0,0.00,0.00,0.00,0,0,0.00,0.00,0,0
1432853071,s1-eth3,72940.00,0.00,72940.00,0,7294,70.00,0.00,70.00,0,7,0.00,0.00,0,0
1432853071,s0,0.00,0.00,0.00,0,0,0.00,0.00,0.00,0,0,0.00,0.00,0,0
1432853071,eth0,0.00,0.00,0.00,0,0,0.00,0.00,0.00,0,0,0.00,0.00,0,0
1432853071,lo,0.00,0.00,0.00,0,0,0.00,0.00,0.00,0,0,0.00,0.00,0,0
1432853071,s1,0.00,0.00,0.00,0,0,0.00,0.00,0.00,0,0,0.00,0.00,0,0
1432853071,s0-eth1,83360.00,0.00,83360.00,0,8336,80.00,0.00,80.00,0,8,0.00,0.00,0,0
1432853071,s0-eth2,0.00,0.00,0.00,0,0,0.00,0.00,0.00,0,0,0.00,0.00,0,0
1432853071,s0-eth3,0.00,635620.00,635620.00,63562,0,0.00,610.00,610.00,61,0,0.00,0.00,0,0
1432853071,total,156300.00,718980.00,875280.00,71898,15630,150.00,690.00,840.00,69,15,0.00,0.00,0,0
1432853071,s1-eth1,0.00,187560.00,187560.00,18756,0,0.00,180.00,180.00,18,0,0.00,0.00,0,0
1432853071,s1-eth2,0.00,0.00,0.00,0,0,0.00,0.00,0.00,0,0,0.00,0.00,0,0
1432853071,s1-eth3,187560.00,0.00,187560.00,0,18756,180.00,0.00,180.00,0,18,0.00,0.00,0,0
1432853071,s0,0.00,0.00,0.00,0,0,0.00,0.00,0.00,0,0,0.00,0.00,0,0
1432853071,eth0,0.00,0.00,0.00,0,0,0.00,0.00,0.00,0,0,0.00,0.00,0,0
1432853071,lo,0.00,0.00,0.00,0,0,0.00,0.00,0.00,0,0,0.00,0.00,0,0
1432853071,s1,0.00,0.00,0.00,0,0,0.00,0.00,0.00,0,0,0.00,0.00,0,0
1432853071,s0-eth1,187560.00,0.00,187560.00,0,18756,180.00,0.00,180.00,0,18,0.00,0.00,0,0
1432853071,s0-eth2,0.00,0.00,0.00,0,0,0.00,0.00,0.00,0,0,0.00,0.00,0,0
1432853071,s0-eth3,0.00,1886020.00,1886020.00,188602,0,0.00,1810.00,1810.00,181,0,0.00,0.00,0,0
1432853071,total,375120.00,2073580.00,2448700.00,207358,37512,360.00,1990.00,2350.00,199,36,0.00,0.00,0,0
1432853071,s1-eth1,0.00,187560.00,187560.00,18756,0,0.00,180.00,180.00,18,0,0.00,0.00,0,0
1432853071,s1-eth2,0.00,0.00,0.00,0,0,0.00,0.00,0.00,0,0,0.00,0.00,0,0
1432853071,s1-eth3,187560.00,0.00,187560.00,0,18756,180.00,0.00,180.00,0,18,0.00,0.00,0,0
1432853071,s0,0.00,0.00,0.00,0,0,0.00,0.00,0.00,0,0,0.00,0.00,0,0
1432853071,eth0,0.00,0.00,0.00,0,0,0.00,0.00,0.00,0,0,0.00,0.00,0,0
1432853071,lo,0.00,0.00,0.00,0,0,0.00,0.00,0.00,0,0,0.00,0.00,0,0
1432853071,s1,0.00,0.00,0.00,0,0,0.00,0.00,0.00,0,0,0.00,0.00,0,0
1432853071,s0-eth1,187560.00,0.00,187560.00,0,18756,180.00,0.00,180.00,0,18,0.00,0.00,0,0
1432853071,s0-eth2,0.00,0.00,0.00,0,0,0.00,0.00,0.00,0,0,0.00,0.00,0,0
1432853071,s0-eth3,0.00,1875600.00,1875600.00,187560,0,0.00,1800.00,1800.00,180,0,0.00,0.00,0,0
1432853071,total,375120.00,2063160.00,2438280.00,206316,37512,360.00,1980.00,2340.00,198,36,0.00,0.00,0,0
1432853071,s1-eth1,0.00,187560.00,187560.00,18756,0,0.00,180.00,180.00,18,0,0.00,0.00,0,0
1432853071,s1-eth2,0.00,0.00,0.00,0,0,0.00,0.00,0.00,0,0,0.00,0.00,0,0
1432853071,s1-eth3,187560.00,0.00,187560.00,0,18756,180.00,0.00,180.00,0,18,0.00,0.00,0,0
1432853071,s0,0.00,0.00,0.00,0,0,0.00,0.00,0.00,0,0,0.00,0.00,0,0
1432853071,eth0,0.00,0.00,0.00,0,0,0.00,0.00,0.00,0,0,0.00,0.00,0,0
1432853071,lo,0.00,0.00,0.00,0,0,0.00,0.00,0.00,0,0,0.00,0.00,0,0
1432853071,s1,0.00,0.00,0.00,0,0,0.00,0.00,0.00,0,0,0.00,0.00,0,0
1432853071,s0-eth1,187560.00,0.00,187560.00,0,18756,180.00,0.00,180.00,0,18,0.00,0.00,0,0
1432853071,s0-eth2,0.00,0.00,0.00,0,0,0.00,0.00,0.00,0,0,0.00,0.00,0,0
1432853071,s0-eth3,0.00,1886020.00,1886020.00,188602,0,0.00,1810.00,1810.00,181,0,0.00,0.00,0,0
1432853071,total,375120.00,2073580.00,2448700.00,207358,37512,360.00,1990.00,2350.00,199,36,0.00,0.00,0,0
1432853071,s1-eth1,0.00,187560.00,187560.00,18756,0,0.00,180.00,180.00,18,0,0.00,0.00,0,0
1432853071,s1-eth2,0.00,0.00,0.00,0,0,0.00,0.00,0.00,0,0,0.00,0.00,0,0
1432853071,s1-eth3,187560.00,0.00,187560.00,0,18756,180.00,0.00,180.00,0,18,0.00,0.00,0,0
1432853071,s0,0.00,0.00,0.00,0,0,0.00,0.00,0.00,0,0,0.00,0.00,0,0
1432853071,eth0,0.00,0.00,0.00,0,0,0.00,0.00,0.00,0,0,0.00,0.00,0,0
1432853071,lo,0.00,0.00,0.00,0,0,0.00,0.00,0.00,0,0,0.00,0.00,0,0
1432853071,s1,0.00,0.00,0.00,0,0,0.00,0.00,0.00,0,0,0.00,0.00,0,0
1432853071,s0-eth1,187560.00,0.00,187560.00,0,18756,180.00,0.00,180.00,0,18,0.00,0.00,0,0
1432853071,s0-eth2,0.00,0.00,0.00,0,0,0.00,0.00,0.00,0,0,0.00,0.00,0,0
1432853071,s0-eth3,0.00,1875600.00,1875600.00,187560,0,0.00,1800.00,1800.00,180,0,0.00,0.00,0,0
1432853071,total,375120.00,2063160.00,2438280.00,206316,37512,360.00,1980.00,2340.00,198,36,0.00,0.00,0,0
1432853071,s1-eth1,0.00,187560.00,187560.00,18756,0,0.00,180.00,180.00,18,0,0.00,0.00,0,0
1432853071,s1-eth2,0.00,0.00,0.00,0,0,0.00,0.00,0.00,0,0,0.00,0.00,0,0
1432853071,s1-eth3,187560.00,0.00,187560.00,0,18756,180.00,0.00,180.00,0,18,0.00,0.00,0,0
1432853071,s0,0.00,0.00,0.00,0,0,0.00,0.00,0.00,0,0,0.00,0.00,0,0
1432853071,eth0,0.00,0.00,0.00,0,0,0.00,0.00,0.00,0,0,0.00,0.00,0,0
1432853071,lo,0.00,0.00,0.00,0,0,0.00,0.00,0.00,0,0,0.00,0.00,0,0
1432853071,s1,0.00,0.00,0.00,0,0,0.00,0.00,0.00,0,0,0.00,0.00,0,0
1432853071,s0-eth1,187560.00,0.00,187560.00,0,18756,180.00,0.00,180.00,0,18,0.00,0.00,0,0
1432853071,s0-eth2,0.00,0.00,0.00,0,0,0.00,0.00,0.00,0,0,0.00,0.00,0,0
1432853071,s0-eth3,0.00,1875600.00,1875600.00,187560,0,0.00,1800.00,1800.00,180,0,0.00,0.00,0,0
1432853071,total,375120.00,2063160.00,2438280.00,206316,37512,360.00,1980.00,2340.00,198,36,0.00,0.00,0,0
1432853071,s1-eth1,0.00,187560.00,187560.00,18756,0,0.00,180.00,180.00,18,0,0.00,0.00,0,0
1432853071,s1-eth2,0.00,0.00,0.00,0,0,0.00,0.00,0.00,0,0,0.00,0.00,0,0
1432853071,s1-eth3,187560.00,0.00,187560.00,0,18756,180.00,0.00,180.00,0,18,0.00,0.00,0,0
1432853071,s0,0.00,0.00,0.00,0,0,0.00,0.00,0.00,0,0,0.00,0.00,0,0
1432853071,eth0,0.00,0.00,0.00,0,0,0.00,0.00,0.00,0,0,0.00,0.00,0,0
1432853071,lo,0.00,0.00,0.00,0,0,0.00,0.00,0.00,0,0,0.00,0.00,0,0
1432853071,s1,0.00,0.00,0.00,0,0,0.00,0.00,0.00,0,0,0.00,0.00,0,0
1432853071,s0-eth1,187560.00,0.00,187560.00,0,18756,180.00,0.00,180.00,0,18,0.00,0.00,0,0
1432853071,s0-eth2,0.00,0.00,0.00,0,0,0.00,0.00,0.00,0,0,0.00,0.00,0,0
1432853071,s0-eth3,0.00,927380.00,927380.00,92738,0,0.00,890.00,890.00,89,0,0.00,0.00,0,0
1432853071,total,375120.00,1114940.00,1490060.00,111494,37512,360.00,1070.00,1430.00,107,36,0.00,0.00,0,0
1432853071,s1-eth1,0.00,156300.00,156300.00,15630,0,0.00,150.00,150.00,15,0,0.00,0.00,0,0
1432853071,s1-eth2,0.00,0.00,0.00,0,0,0.00,0.00,0.00,0,0,0.00,0.00,0,0
1432853071,s1-eth3,166720.00,0.00,166720.00,0,16672,160.00,0.00,160.00,0,16,0.00,0.00,0,0
1432853071,s0,0.00,0.00,0.00,0,0,0.00,0.00,0.00,0,0,0.00,0.00,0,0
1432853071,eth0,0.00,0.00,0.00,0,0,0.00,0.00,0.00,0,0,0.00,0.00,0,0
1432853071,lo,0.00,0.00,0.00,0,0,0.00,0.00,0.00,0,0,0.00,0.00,0,0
1432853071,s1,0.00,0.00,0.00,0,0,0.00,0.00,0.00,0,0,0.00,0.00,0,0
1432853071,s0-eth1,156300.00,0.00,156300.00,0,15630,150.00,0.00,150.00,0,15,0.00,0.00,0,0
1432853071,s0-eth2,0.00,0.00,0.00,0,0,0.00,0.00,0.00,0,0,0.00,0.00,0,0
1432853071,s0-eth3,0.00,0.00,0.00,0,0,0.00,0.00,0.00,0,0,0.00,0.00,0,0
1432853071,total,323020.00,156300.00,479320.00,15630,32302,310.00,150.00,460.00,15,31,0.00,0.00,0,0
1432853072,s1-eth1,0.00,0.00,0.00,0,0,0.00,0.00,0.00,0,0,0.00,0.00,0,0
1432853072,s1-eth2,0.00,0.00,0.00,0,0,0.00,0.00,0.00,0,0,0.00,0.00,0,0
1432853072,s1-eth3,0.00,0.00,0.00,0,0,0.00,0.00,0.00,0,0,0.00,0.00,0,0
1432853072,s0,0.00,0.00,0.00,0,0,0.00,0.00,0.00,0,0,0.00,0.00,0,0
1432853072,eth0,0.00,0.00,0.00,0,0,0.00,0.00,0.00,0,0,0.00,0.00,0,0
1432853072,lo,0.00,0.00,0.00,0,0,0.00,0.00,0.00,0,0,0.00,0.00,0,0
1432853072,s1,0.00,0.00,0.00,0,0,0.00,0.00,0.00,0,0,0.00,0.00,0,0
1432853072,s0-eth1,0.00,0.00,0.00,0,0,0.00,0.00,0.00,0,0,0.00,0.00,0,0
1432853072,s0-eth2,0.00,0.00,0.00,0,0,0.00,0.00,0.00,0,0,0.00,0.00,0,0
1432853072,s0-eth3,0.00,0.00,0.00,0,0,0.00,0.00,0.00,0,0,0.00,0.00,0,0
1432853072,total,0.00,0.00,0.00,0,0,0.00,0.00,0.00,0,0,0.00,0.00,0,0
1432853072,s1-eth1,0.00,0.00,0.00,0,0,0.00,0.00,0.00,0,0,0.00,0.00,0,0
1432853072,s1-eth2,0.00,0.00,0.00,0,0,0.00,0.00,0.00,0,0,0.00,0.00,0,0
1432853072,s1-eth3,0.00,0.00,0.00,0,0,0.00,0.00,0.00,0,0,0.00,0.00,0,0
1432853072,s0,0.00,0.00,0.00,0,0,0.00,0.00,0.00,0,0,0.00,0.00,0,0
1432853072,eth0,0.00,0.00,0.00,0,0,0.00,0.00,0.00,0,0,0.00,0.00,0,0
1432853072,lo,0.00,0.00,0.00,0,0,0.00,0.00,0.00,0,0,0.00,0.00,0,0
1432853072,s1,0.00,0.00,0.00,0,0,0.00,0.00,0.00,0,0,0.00,0.00,0,0
1432853072,s0-eth1,0.00,0.00,0.00,0,0,0.00,0.00,0.00,0,0,0.00,0.00,0,0
1432853072,s0-eth2,0.00,0.00,0.00,0,0,0.00,0.00,0.00,0,0,0.00,0.00,0,0
1432853072,s0-eth3,0.00,0.00,0.00,0,0,0.00,0.00,0.00,0,0,0.00,0.00,0,0
1432853072,total,0.00,0.00,0.00,0,0,0.00,0.00,0.00,0,0,0.00,0.00,0,0
1432853072,s1-eth1,0.00,0.00,0.00,0,0,0.00,0.00,0.00,0,0,0.00,0.00,0,0
1432853072,s1-eth2,0.00,0.00,0.00,0,0,0.00,0.00,0.00,0,0,0.00,0.00,0,0
1432853072,s1-eth3,0.00,0.00,0.00,0,0,0.00,0.00,0.00,0,0,0.00,0.00,0,0
1432853072,s0,0.00,0.00,0.00,0,0,0.00,0.00,0.00,0,0,0.00,0.00,0,0
1432853072,eth0,0.00,0.00,0.00,0,0,0.00,0.00,0.00,0,0,0.00,0.00,0,0
1432853072,lo,0.00,0.00,0.00,0,0,0.00,0.00,0.00,0,0,0.00,0.00,0,0
1432853072,s1,0.00,0.00,0.00,0,0,0.00,0.00,0.00,0,0,0.00,0.00,0,0
1432853072,s0-eth1,0.00,0.00,0.00,0,0,0.00,0.00,0.00,0,0,0.00,0.00,0,0
1432853072,s0-eth2,0.00,0.00,0.00,0,0,0.00,0.00,0.00,0,0,0.00,0.00,0,0
1432853072,s0-eth3,0.00,0.00,0.00,0,0,0.00,0.00,0.00,0,0,0.00,0.00,0,0
1432853072,total,0.00,0.00,0.00,0,0,0.00,0.00,0.00,0,0,0.00,0.00,0,0
1432853072,s1-eth1,0.00,31260.00,31260.00,3126,0,0.00,30.00,30.00,3,0,0.00,0.00,0,0
1432853072,s1-eth2,0.00,0.00,0.00,0,0,0.00,0.00,0.00,0,0,0.00,0.00,0,0
1432853072,s1-eth3,20840.00,0.00,20840.00,0,2084,20.00,0.00,20.00,0,2,0.00,0.00,0,0
1432853072,s0,0.00,0.00,0.00,0,0,0.00,0.00,0.00,0,0,0.00,0.00,0,0
1432853072,eth0,0.00,0.00,0.00,0,0,0.00,0.00,0.00,0,0,0.00,0.00,0,0
1432853072,lo,0.00,0.00,0.00,0,0,0.00,0.00,0.00,0,0,0.00,0.00,0,0
1432853072,s1,0.00,0.00,0.00,0,0,0.00,0.00,0.00,0,0,0.00,0.00,0,0
1432853072,s0-eth1,31260.00,0.00,31260.00,0,3126,30.00,0.00,30.00,0,3,0.00,0.00,0,0
1432853072,s0-eth2,0.00,0.00,0.00,0,0,0.00,0.00,0.00,0,0,0.00,0.00,0,0
1432853072,s0-eth3,0.00,114620.00,114620.00,11462,0,0.00,110.00,110.00,11,0,0.00,0.00,0,0
1432853072,total,52100.00,145880.00,197980.00,14588,5210,50.00,140.00,190.00,14,5,0.00,0.00,0,0
1432853072,s1-eth1,0.00,187560.00,187560.00,18756,0,0.00,180.00,180.00,18,0,0.00,0.00,0,0
1432853072,s1-eth2,0.00,0.00,0.00,0,0,0.00,0.00,0.00,0,0,0.00,0.00,0,0
1432853072,s1-eth3,187560.00,0.00,187560.00,0,18756,180.00,0.00,180.00,0,18,0.00,0.00,0,0
1432853072,s0,0.00,0.00,0.00,0,0,0.00,0.00,0.00,0,0,0.00,0.00,0,0
1432853072,eth0,0.00,0.00,0.00,0,0,0.00,0.00,0.00,0,0,0.00,0.00,0,0
1432853072,lo,0.00,0.00,0.00,0,0,0.00,0.00,0.00,0,0,0.00,0.00,0,0
1432853072,s1,0.00,0.00,0.00,0,0,0.00,0.00,0.00,0,0,0.00,0.00,0,0
1432853072,s0-eth1,187560.00,0.00,187560.00,0,18756,180.00,0.00,180.00,0,18,0.00,0.00,0,0
1432853072,s0-eth2,0.00,0.00,0.00,0,0,0.00,0.00,0.00,0,0,0.00,0.00,0,0
1432853072,s0-eth3,0.00,1875600.00,1875600.00,187560,0,0.00,1800.00,1800.00,180,0,0.00,0.00,0,0
1432853072,total,375120.00,2063160.00,2438280.00,206316,37512,360.00,1980.00,2340.00,198,36,0.00,0.00,0,0
1432853072,s1-eth1,0.00,187560.00,187560.00,18756,0,0.00,180.00,180.00,18,0,0.00,0.00,0,0
1432853072,s1-eth2,0.00,0.00,0.00,0,0,0.00,0.00,0.00,0,0,0.00,0.00,0,0
1432853072,s1-eth3,187560.00,0.00,187560.00,0,18756,180.00,0.00,180.00,0,18,0.00,0.00,0,0
1432853072,s0,0.00,0.00,0.00,0,0,0.00,0.00,0.00,0,0,0.00,0.00,0,0
1432853072,eth0,0.00,0.00,0.00,0,0,0.00,0.00,0.00,0,0,0.00,0.00,0,0
1432853072,lo,0.00,0.00,0.00,0,0,0.00,0.00,0.00,0,0,0.00,0.00,0,0
1432853072,s1,0.00,0.00,0.00,0,0,0.00,0.00,0.00,0,0,0.00,0.00,0,0
1432853072,s0-eth1,187560.00,0.00,187560.00,0,18756,180.00,0.00,180.00,0,18,0.00,0.00,0,0
1432853072,s0-eth2,0.00,0.00,0.00,0,0,0.00,0.00,0.00,0,0,0.00,0.00,0,0
1432853072,s0-eth3,0.00,1875600.00,1875600.00,187560,0,0.00,1800.00,1800.00,180,0,0.00,0.00,0,0
1432853072,total,375120.00,2063160.00,2438280.00,206316,37512,360.00,1980.00,2340.00,198,36,0.00,0.00,0,0
1432853072,s1-eth1,0.00,187560.00,187560.00,18756,0,0.00,180.00,180.00,18,0,0.00,0.00,0,0
1432853072,s1-eth2,0.00,0.00,0.00,0,0,0.00,0.00,0.00,0,0,0.00,0.00,0,0
1432853072,s1-eth3,187560.00,0.00,187560.00,0,18756,180.00,0.00,180.00,0,18,0.00,0.00,0,0
1432853072,s0,0.00,0.00,0.00,0,0,0.00,0.00,0.00,0,0,0.00,0.00,0,0
1432853072,eth0,0.00,0.00,0.00,0,0,0.00,0.00,0.00,0,0,0.00,0.00,0,0
1432853072,lo,0.00,0.00,0.00,0,0,0.00,0.00,0.00,0,0,0.00,0.00,0,0
1432853072,s1,0.00,0.00,0.00,0,0,0.00,0.00,0.00,0,0,0.00,0.00,0,0
1432853072,s0-eth1,187560.00,0.00,187560.00,0,18756,180.00,0.00,180.00,0,18,0.00,0.00,0,0
1432853072,s0-eth2,0.00,0.00,0.00,0,0,0.00,0.00,0.00,0,0,0.00,0.00,0,0
1432853072,s0-eth3,0.00,1886020.00,1886020.00,188602,0,0.00,1810.00,1810.00,181,0,0.00,0.00,0,0
1432853072,total,375120.00,2073580.00,2448700.00,207358,37512,360.00,1990.00,2350.00,199,36,0.00,0.00,0,0
1432853072,s1-eth1,0.00,187560.00,187560.00,18756,0,0.00,180.00,180.00,18,0,0.00,0.00,0,0
1432853072,s1-eth2,0.00,0.00,0.00,0,0,0.00,0.00,0.00,0,0,0.00,0.00,0,0
1432853072,s1-eth3,187560.00,0.00,187560.00,0,18756,180.00,0.00,180.00,0,18,0.00,0.00,0,0
1432853072,s0,0.00,0.00,0.00,0,0,0.00,0.00,0.00,0,0,0.00,0.00,0,0
1432853072,eth0,0.00,0.00,0.00,0,0,0.00,0.00,0.00,0,0,0.00,0.00,0,0
1432853072,lo,0.00,0.00,0.00,0,0,0.00,0.00,0.00,0,0,0.00,0.00,0,0
1432853072,s1,0.00,0.00,0.00,0,0,0.00,0.00,0.00,0,0,0.00,0.00,0,0
1432853072,s0-eth1,187560.00,0.00,187560.00,0,18756,180.00,0.00,180.00,0,18,0.00,0.00,0,0
1432853072,s0-eth2,0.00,0.00,0.00,0,0,0.00,0.00,0.00,0,0,0.00,0.00,0,0
1432853072,s0-eth3,0.00,1875600.00,1875600.00,187560,0,0.00,1800.00,1800.00,180,0,0.00,0.00,0,0
1432853072,total,375120.00,2063160.00,2438280.00,206316,37512,360.00,1980.00,2340.00,198,36,0.00,0.00,0,0
1432853072,s1-eth1,0.00,187560.00,187560.00,18756,0,0.00,180.00,180.00,18,0,0.00,0.00,0,0
1432853072,s1-eth2,0.00,0.00,0.00,0,0,0.00,0.00,0.00,0,0,0.00,0.00,0,0
1432853072,s1-eth3,187560.00,0.00,187560.00,0,18756,180.00,0.00,180.00,0,18,0.00,0.00,0,0
1432853072,s0,0.00,0.00,0.00,0,0,0.00,0.00,0.00,0,0,0.00,0.00,0,0
1432853072,eth0,0.00,0.00,0.00,0,0,0.00,0.00,0.00,0,0,0.00,0.00,0,0
1432853072,lo,0.00,0.00,0.00,0,0,0.00,0.00,0.00,0,0,0.00,0.00,0,0
1432853072,s1,0.00,0.00,0.00,0,0,0.00,0.00,0.00,0,0,0.00,0.00,0,0
1432853072,s0-eth1,187560.00,0.00,187560.00,0,18756,180.00,0.00,180.00,0,18,0.00,0.00,0,0
1432853072,s0-eth2,0.00,0.00,0.00,0,0,0.00,0.00,0.00,0,0,0.00,0.00,0,0
1432853072,s0-eth3,0.00,1886020.00,1886020.00,188602,0,0.00,1810.00,1810.00,181,0,0.00,0.00,0,0
1432853072,total,375120.00,2073580.00,2448700.00,207358,37512,360.00,1990.00,2350.00,199,36,0.00,0.00,0,0
1432853072,s1-eth1,0.00,185702.98,185702.98,18756,0,0.00,178.22,178.22,18,0,0.00,0.00,0,0
1432853072,s1-eth2,0.00,0.00,0.00,0,0,0.00,0.00,0.00,0,0,0.00,0.00,0,0
1432853072,s1-eth3,185702.98,0.00,185702.98,0,18756,178.22,0.00,178.22,0,18,0.00,0.00,0,0
1432853072,s0,0.00,0.00,0.00,0,0,0.00,0.00,0.00,0,0,0.00,0.00,0,0
1432853072,eth0,0.00,0.00,0.00,0,0,0.00,0.00,0.00,0,0,0.00,0.00,0,0
1432853072,lo,0.00,0.00,0.00,0,0,0.00,0.00,0.00,0,0,0.00,0.00,0,0
1432853072,s1,0.00,0.00,0.00,0,0,0.00,0.00,0.00,0,0,0.00,0.00,0,0
1432853072,s0-eth1,185702.98,0.00,185702.98,0,18756,178.22,0.00,178.22,0,18,0.00,0.00,0,0
1432853072,s0-eth2,0.00,0.00,0.00,0,0,0.00,0.00,0.00,0,0,0.00,0.00,0,0
1432853072,s0-eth3,0.00,1434039.62,1434039.62,144838,0,0.00,1376.24,1376.24,139,0,0.00,0.00,0,0
1432853072,total,371405.97,1619742.62,1991148.62,163594,37512,356.44,1554.46,1910.89,157,36,0.00,0.00,0,0
1432853073,s1-eth1,0.00,187560.00,187560.00,18756,0,0.00,180.00,180.00,18,0,0.00,0.00,0,0
1432853073,s1-eth2,0.00,0.00,0.00,0,0,0.00,0.00,0.00,0,0,0.00,0.00,0,0
1432853073,s1-eth3,187560.00,0.00,187560.00,0,18756,180.00,0.00,180.00,0,18,0.00,0.00,0,0
1432853073,s0,0.00,0.00,0.00,0,0,0.00,0.00,0.00,0,0,0.00,0.00,0,0
1432853073,eth0,0.00,0.00,0.00,0,0,0.00,0.00,0.00,0,0,0.00,0.00,0,0
1432853073,lo,0.00,0.00,0.00,0,0,0.00,0.00,0.00,0,0,0.00,0.00,0,0
1432853073,s1,0.00,0.00,0.00,0,0,0.00,0.00,0.00,0,0,0.00,0.00,0,0
1432853073,s0-eth1,187560.00,0.00,187560.00,0,18756,180.00,0.00,180.00,0,18,0.00,0.00,0,0
1432853073,s0-eth2,0.00,0.00,0.00,0,0,0.00,0.00,0.00,0,0,0.00,0.00,0,0
1432853073,s0-eth3,0.00,0.00,0.00,0,0,0.00,0.00,0.00,0,0,0.00,0.00,0,0
1432853073,total,375120.00,187560.00,562680.00,18756,37512,360.00,180.00,540.00,18,36,0.00,0.00,0,0
1432853073,s1-eth1,0.00,20840.00,20840.00,2084,0,0.00,20.00,20.00,2,0,0.00,0.00,0,0
1432853073,s1-eth2,0.00,0.00,0.00,0,0,0.00,0.00,0.00,0,0,0.00,0.00,0,0
1432853073,s1-eth3,31260.00,0.00,31260.00,0,3126,30.00,0.00,30.00,0,3,0.00,0.00,0,0
1432853073,s0,0.00,0.00,0.00,0,0,0.00,0.00,0.00,0,0,0.00,0.00,0,0
1432853073,eth0,0.00,0.00,0.00,0,0,0.00,0.00,0.00,0,0,0.00,0.00,0,0
1432853073,lo,0.00,0.00,0.00,0,0,0.00,0.00,0.00,0,0,0.00,0.00,0,0
1432853073,s1,0.00,0.00,0.00,0,0,0.00,0.00,0.00,0,0,0.00,0.00,0,0
1432853073,s0-eth1,20840.00,0.00,20840.00,0,2084,20.00,0.00,20.00,0,2,0.00,0.00,0,0
1432853073,s0-eth2,0.00,0.00,0.00,0,0,0.00,0.00,0.00,0,0,0.00,0.00,0,0
1432853073,s0-eth3,0.00,0.00,0.00,0,0,0.00,0.00,0.00,0,0,0.00,0.00,0,0
1432853073,total,52100.00,20840.00,72940.00,2084,5210,50.00,20.00,70.00,2,5,0.00,0.00,0,0
1432853073,s1-eth1,0.00,0.00,0.00,0,0,0.00,0.00,0.00,0,0,0.00,0.00,0,0
1432853073,s1-eth2,0.00,0.00,0.00,0,0,0.00,0.00,0.00,0,0,0.00,0.00,0,0
1432853073,s1-eth3,0.00,0.00,0.00,0,0,0.00,0.00,0.00,0,0,0.00,0.00,0,0
1432853073,s0,0.00,0.00,0.00,0,0,0.00,0.00,0.00,0,0,0.00,0.00,0,0
1432853073,eth0,0.00,0.00,0.00,0,0,0.00,0.00,0.00,0,0,0.00,0.00,0,0
1432853073,lo,0.00,0.00,0.00,0,0,0.00,0.00,0.00,0,0,0.00,0.00,0,0
1432853073,s1,0.00,0.00,0.00,0,0,0.00,0.00,0.00,0,0,0.00,0.00,0,0
1432853073,s0-eth1,0.00,0.00,0.00,0,0,0.00,0.00,0.00,0,0,0.00,0.00,0,0
1432853073,s0-eth2,0.00,0.00,0.00,0,0,0.00,0.00,0.00,0,0,0.00,0.00,0,0
1432853073,s0-eth3,0.00,0.00,0.00,0,0,0.00,0.00,0.00,0,0,0.00,0.00,0,0
1432853073,total,0.00,0.00,0.00,0,0,0.00,0.00,0.00,0,0,0.00,0.00,0,0
1432853073,s1-eth1,0.00,0.00,0.00,0,0,0.00,0.00,0.00,0,0,0.00,0.00,0,0
1432853073,s1-eth2,0.00,0.00,0.00,0,0,0.00,0.00,0.00,0,0,0.00,0.00,0,0
1432853073,s1-eth3,0.00,0.00,0.00,0,0,0.00,0.00,0.00,0,0,0.00,0.00,0,0
1432853073,s0,0.00,0.00,0.00,0,0,0.00,0.00,0.00,0,0,0.00,0.00,0,0
1432853073,eth0,0.00,0.00,0.00,0,0,0.00,0.00,0.00,0,0,0.00,0.00,0,0
1432853073,lo,0.00,0.00,0.00,0,0,0.00,0.00,0.00,0,0,0.00,0.00,0,0
1432853073,s1,0.00,0.00,0.00,0,0,0.00,0.00,0.00,0,0,0.00,0.00,0,0
1432853073,s0-eth1,0.00,0.00,0.00,0,0,0.00,0.00,0.00,0,0,0.00,0.00,0,0
1432853073,s0-eth2,0.00,0.00,0.00,0,0,0.00,0.00,0.00,0,0,0.00,0.00,0,0
1432853073,s0-eth3,0.00,0.00,0.00,0,0,0.00,0.00,0.00,0,0,0.00,0.00,0,0
1432853073,total,0.00,0.00,0.00,0,0,0.00,0.00,0.00,0,0,0.00,0.00,0,0
1432853073,s1-eth1,0.00,0.00,0.00,0,0,0.00,0.00,0.00,0,0,0.00,0.00,0,0
1432853073,s1-eth2,0.00,0.00,0.00,0,0,0.00,0.00,0.00,0,0,0.00,0.00,0,0
1432853073,s1-eth3,0.00,0.00,0.00,0,0,0.00,0.00,0.00,0,0,0.00,0.00,0,0
1432853073,s0,0.00,0.00,0.00,0,0,0.00,0.00,0.00,0,0,0.00,0.00,0,0
1432853073,eth0,0.00,0.00,0.00,0,0,0.00,0.00,0.00,0,0,0.00,0.00,0,0
1432853073,lo,0.00,0.00,0.00,0,0,0.00,0.00,0.00,0,0,0.00,0.00,0,0
1432853073,s1,0.00,0.00,0.00,0,0,0.00,0.00,0.00,0,0,0.00,0.00,0,0
1432853073,s0-eth1,0.00,0.00,0.00,0,0,0.00,0.00,0.00,0,0,0.00,0.00,0,0
1432853073,s0-eth2,0.00,0.00,0.00,0,0,0.00,0.00,0.00,0,0,0.00,0.00,0,0
1432853073,s0-eth3,0.00,0.00,0.00,0,0,0.00,0.00,0.00,0,0,0.00,0.00,0,0
1432853073,total,0.00,0.00,0.00,0,0,0.00,0.00,0.00,0,0,0.00,0.00,0,0
1432853073,s1-eth1,0.00,156300.00,156300.00,15630,0,0.00,150.00,150.00,15,0,0.00,0.00,0,0
1432853073,s1-eth2,0.00,0.00,0.00,0,0,0.00,0.00,0.00,0,0,0.00,0.00,0,0
1432853073,s1-eth3,156300.00,0.00,156300.00,0,15630,150.00,0.00,150.00,0,15,0.00,0.00,0,0
1432853073,s0,0.00,0.00,0.00,0,0,0.00,0.00,0.00,0,0,0.00,0.00,0,0
1432853073,eth0,0.00,0.00,0.00,0,0,0.00,0.00,0.00,0,0,0.00,0.00,0,0
1432853073,lo,0.00,0.00,0.00,0,0,0.00,0.00,0.00,0,0,0.00,0.00,0,0
1432853073,s1,0.00,0.00,0.00,0,0,0.00,0.00,0.00,0,0,0.00,0.00,0,0
1432853073,s0-eth1,156300.00,0.00,156300.00,0,15630,150.00,0.00,150.00,0,15,0.00,0.00,0,0
1432853073,s0-eth2,0.00,0.00,0.00,0,0,0.00,0.00,0.00,0,0,0.00,0.00,0,0
1432853073,s0-eth3,0.00,1458800.00,1458800.00,145880,0,0.00,1400.00,1400.00,140,0,0.00,0.00,0,0
1432853073,total,312600.00,1615100.00,1927700.00,161510,31260,300.00,1550.00,1850.00,155,30,0.00,0.00,0,0
1432853073,s1-eth1,0.00,197980.00,197980.00,19798,0,0.00,190.00,190.00,19,0,0.00,0.00,0,0
1432853073,s1-eth2,0.00,0.00,0.00,0,0,0.00,0.00,0.00,0,0,0.00,0.00,0,0
1432853073,s1-eth3,187560.00,0.00,187560.00,0,18756,180.00,0.00,180.00,0,18,0.00,0.00,0,0
1432853073,s0,0.00,0.00,0.00,0,0,0.00,0.00,0.00,0,0,0.00,0.00,0,0
1432853073,eth0,0.00,0.00,0.00,0,0,0.00,0.00,0.00,0,0,0.00,0.00,0,0
1432853073,lo,0.00,0.00,0.00,0,0,0.00,0.00,0.00,0,0,0.00,0.00,0,0
1432853073,s1,0.00,0.00,0.00,0,0,0.00,0.00,0.00,0,0,0.00,0.00,0,0
1432853073,s0-eth1,197980.00,0.00,197980.00,0,19798,190.00,0.00,190.00,0,19,0.00,0.00,0,0
1432853073,s0-eth2,0.00,0.00,0.00,0,0,0.00,0.00,0.00,0,0,0.00,0.00,0,0
1432853073,s0-eth3,0.00,1886020.00,1886020.00,188602,0,0.00,1810.00,1810.00,181,0,0.00,0.00,0,0
1432853073,total,385540.00,2084000.00,2469540.00,208400,38554,370.00,2000.00,2370.00,200,37,0.00,0.00,0,0
1432853073,s1-eth1,0.00,187560.00,187560.00,18756,0,0.00,180.00,180.00,18,0,0.00,0.00,0,0
1432853073,s1-eth2,0.00,0.00,0.00,0,0,0.00,0.00,0.00,0,0,0.00,0.00,0,0
1432853073,s1-eth3,187560.00,0.00,187560.00,0,18756,180.00,0.00,180.00,0,18,0.00,0.00,0,0
1432853073,s0,0.00,0.00,0.00,0,0,0.00,0.00,0.00,0,0,0.00,0.00,0,0
1432853073,eth0,0.00,0.00,0.00,0,0,0.00,0.00,0.00,0,0,0.00,0.00,0,0
1432853073,lo,0.00,0.00,0.00,0,0,0.00,0.00,0.00,0,0,0.00,0.00,0,0
1432853073,s1,0.00,0.00,0.00,0,0,0.00,0.00,0.00,0,0,0.00,0.00,0,0
1432853073,s0-eth1,187560.00,0.00,187560.00,0,18756,180.00,0.00,180.00,0,18,0.00,0.00,0,0
1432853073,s0-eth2,0.00,0.00,0.00,0,0,0.00,0.00,0.00,0,0,0.00,0.00,0,0
1432853073,s0-eth3,0.00,1875600.00,1875600.00,187560,0,0.00,1800.00,1800.00,180,0,0.00,0.00,0,0
1432853073,total,375120.00,2063160.00,2438280.00,206316,37512,360.00,1980.00,2340.00,198,36,0.00,0.00,0,0
1432853073,s1-eth1,0.00,187560.00,187560.00,18756,0,0.00,180.00,180.00,18,0,0.00,0.00,0,0
1432853073,s1-eth2,0.00,0.00,0.00,0,0,0.00,0.00,0.00,0,0,0.00,0.00,0,0
1432853073,s1-eth3,187560.00,0.00,187560.00,0,18756,180.00,0.00,180.00,0,18,0.00,0.00,0,0
1432853073,s0,0.00,0.00,0.00,0,0,0.00,0.00,0.00,0,0,0.00,0.00,0,0
1432853073,eth0,0.00,0.00,0.00,0,0,0.00,0.00,0.00,0,0,0.00,0.00,0,0
1432853073,lo,0.00,0.00,0.00,0,0,0.00,0.00,0.00,0,0,0.00,0.00,0,0
1432853073,s1,0.00,0.00,0.00,0,0,0.00,0.00,0.00,0,0,0.00,0.00,0,0
1432853073,s0-eth1,187560.00,0.00,187560.00,0,18756,180.00,0.00,180.00,0,18,0.00,0.00,0,0
1432853073,s0-eth2,0.00,0.00,0.00,0,0,0.00,0.00,0.00,0,0,0.00,0.00,0,0
1432853073,s0-eth3,0.00,1875600.00,1875600.00,187560,0,0.00,1800.00,1800.00,180,0,0.00,0.00,0,0
1432853073,total,375120.00,2063160.00,2438280.00,206316,37512,360.00,1980.00,2340.00,198,36,0.00,0.00,0,0
1432853074,s1-eth1,0.00,185702.98,185702.98,18756,0,0.00,178.22,178.22,18,0,0.00,0.00,0,0
1432853074,s1-eth2,0.00,0.00,0.00,0,0,0.00,0.00,0.00,0,0,0.00,0.00,0,0
1432853074,s1-eth3,185702.98,0.00,185702.98,0,18756,178.22,0.00,178.22,0,18,0.00,0.00,0,0
1432853074,s0,0.00,0.00,0.00,0,0,0.00,0.00,0.00,0,0,0.00,0.00,0,0
1432853074,eth0,0.00,0.00,0.00,0,0,0.00,0.00,0.00,0,0,0.00,0.00,0,0
1432853074,lo,0.00,0.00,0.00,0,0,0.00,0.00,0.00,0,0,0.00,0.00,0,0
1432853074,s1,0.00,0.00,0.00,0,0,0.00,0.00,0.00,0,0,0.00,0.00,0,0
1432853074,s0-eth1,185702.98,0.00,185702.98,0,18756,178.22,0.00,178.22,0,18,0.00,0.00,0,0
1432853074,s0-eth2,0.00,0.00,0.00,0,0,0.00,0.00,0.00,0,0,0.00,0.00,0,0
1432853074,s0-eth3,0.00,1867346.62,1867346.62,188602,0,0.00,1792.08,1792.08,181,0,0.00,0.00,0,0
1432853074,total,371405.97,2053049.62,2424455.50,207358,37512,356.44,1970.30,2326.73,199,36,0.00,0.00,0,0
1432853074,s1-eth1,0.00,187560.00,187560.00,18756,0,0.00,180.00,180.00,18,0,0.00,0.00,0,0
1432853074,s1-eth2,0.00,0.00,0.00,0,0,0.00,0.00,0.00,0,0,0.00,0.00,0,0
1432853074,s1-eth3,187560.00,0.00,187560.00,0,18756,180.00,0.00,180.00,0,18,0.00,0.00,0,0
1432853074,s0,0.00,0.00,0.00,0,0,0.00,0.00,0.00,0,0,0.00,0.00,0,0
1432853074,eth0,0.00,0.00,0.00,0,0,0.00,0.00,0.00,0,0,0.00,0.00,0,0
1432853074,lo,0.00,0.00,0.00,0,0,0.00,0.00,0.00,0,0,0.00,0.00,0,0
1432853074,s1,0.00,0.00,0.00,0,0,0.00,0.00,0.00,0,0,0.00,0.00,0,0
1432853074,s0-eth1,187560.00,0.00,187560.00,0,18756,180.00,0.00,180.00,0,18,0.00,0.00,0,0
1432853074,s0-eth2,0.00,0.00,0.00,0,0,0.00,0.00,0.00,0,0,0.00,0.00,0,0
1432853074,s0-eth3,0.00,1886020.00,1886020.00,188602,0,0.00,1810.00,1810.00,181,0,0.00,0.00,0,0
1432853074,total,375120.00,2073580.00,2448700.00,207358,37512,360.00,1990.00,2350.00,199,36,0.00,0.00,0,0
1432853074,s1-eth1,0.00,187560.00,187560.00,18756,0,0.00,180.00,180.00,18,0,0.00,0.00,0,0
1432853074,s1-eth2,0.00,0.00,0.00,0,0,0.00,0.00,0.00,0,0,0.00,0.00,0,0
1432853074,s1-eth3,187560.00,0.00,187560.00,0,18756,180.00,0.00,180.00,0,18,0.00,0.00,0,0
1432853074,s0,0.00,0.00,0.00,0,0,0.00,0.00,0.00,0,0,0.00,0.00,0,0
1432853074,eth0,0.00,0.00,0.00,0,0,0.00,0.00,0.00,0,0,0.00,0.00,0,0
1432853074,lo,0.00,0.00,0.00,0,0,0.00,0.00,0.00,0,0,0.00,0.00,0,0
1432853074,s1,0.00,0.00,0.00,0,0,0.00,0.00,0.00,0,0,0.00,0.00,0,0
1432853074,s0-eth1,187560.00,0.00,187560.00,0,18756,180.00,0.00,180.00,0,18,0.00,0.00,0,0
1432853074,s0-eth2,0.00,0.00,0.00,0,0,0.00,0.00,0.00,0,0,0.00,0.00,0,0
1432853074,s0-eth3,0.00,93780.00,93780.00,9378,0,0.00,90.00,90.00,9,0,0.00,0.00,0,0
1432853074,total,375120.00,281340.00,656460.00,28134,37512,360.00,270.00,630.00,27,36,0.00,0.00,0,0
1432853074,s1-eth1,0.00,72940.00,72940.00,7294,0,0.00,70.00,70.00,7,0,0.00,0.00,0,0
1432853074,s1-eth2,0.00,0.00,0.00,0,0,0.00,0.00,0.00,0,0,0.00,0.00,0,0
1432853074,s1-eth3,83360.00,0.00,83360.00,0,8336,80.00,0.00,80.00,0,8,0.00,0.00,0,0
1432853074,s0,0.00,0.00,0.00,0,0,0.00,0.00,0.00,0,0,0.00,0.00,0,0
1432853074,eth0,0.00,0.00,0.00,0,0,0.00,0.00,0.00,0,0,0.00,0.00,0,0
1432853074,lo,3440.00,3440.00,6880.00,344,344,60.00,60.00,120.00,6,6,0.00,0.00,0,0
1432853074,s1,0.00,0.00,0.00,0,0,0.00,0.00,0.00,0,0,0.00,0.00,0,0
1432853074,s0-eth1,72940.00,0.00,72940.00,0,7294,70.00,0.00,70.00,0,7,0.00,0.00,0,0
1432853074,s0-eth2,0.00,0.00,0.00,0,0,0.00,0.00,0.00,0,0,0.00,0.00,0,0
1432853074,s0-eth3,0.00,0.00,0.00,0,0,0.00,0.00,0.00,0,0,0.00,0.00,0,0
1432853074,total,159740.00,76380.00,236120.00,7638,15974,210.00,130.00,340.00,13,21,0.00,0.00,0,0
1432853074,s1-eth1,0.00,0.00,0.00,0,0,0.00,0.00,0.00,0,0,0.00,0.00,0,0
1432853074,s1-eth2,0.00,0.00,0.00,0,0,0.00,0.00,0.00,0,0,0.00,0.00,0,0
1432853074,s1-eth3,0.00,0.00,0.00,0,0,0.00,0.00,0.00,0,0,0.00,0.00,0,0
1432853074,s0,0.00,0.00,0.00,0,0,0.00,0.00,0.00,0,0,0.00,0.00,0,0
1432853074,eth0,0.00,0.00,0.00,0,0,0.00,0.00,0.00,0,0,0.00,0.00,0,0
1432853074,lo,0.00,0.00,0.00,0,0,0.00,0.00,0.00,0,0,0.00,0.00,0,0
1432853074,s1,0.00,0.00,0.00,0,0,0.00,0.00,0.00,0,0,0.00,0.00,0,0
1432853074,s0-eth1,0.00,0.00,0.00,0,0,0.00,0.00,0.00,0,0,0.00,0.00,0,0
1432853074,s0-eth2,0.00,0.00,0.00,0,0,0.00,0.00,0.00,0,0,0.00,0.00,0,0
1432853074,s0-eth3,0.00,0.00,0.00,0,0,0.00,0.00,0.00,0,0,0.00,0.00,0,0
1432853074,total,0.00,0.00,0.00,0,0,0.00,0.00,0.00,0,0,0.00,0.00,0,0
1432853074,s1-eth1,0.00,0.00,0.00,0,0,0.00,0.00,0.00,0,0,0.00,0.00,0,0
1432853074,s1-eth2,0.00,0.00,0.00,0,0,0.00,0.00,0.00,0,0,0.00,0.00,0,0
1432853074,s1-eth3,0.00,0.00,0.00,0,0,0.00,0.00,0.00,0,0,0.00,0.00,0,0
1432853074,s0,0.00,0.00,0.00,0,0,0.00,0.00,0.00,0,0,0.00,0.00,0,0
1432853074,eth0,0.00,0.00,0.00,0,0,0.00,0.00,0.00,0,0,0.00,0.00,0,0
1432853074,lo,0.00,0.00,0.00,0,0,0.00,0.00,0.00,0,0,0.00,0.00,0,0
1432853074,s1,0.00,0.00,0.00,0,0,0.00,0.00,0.00,0,0,0.00,0.00,0,0
1432853074,s0-eth1,0.00,0.00,0.00,0,0,0.00,0.00,0.00,0,0,0.00,0.00,0,0
1432853074,s0-eth2,0.00,0.00,0.00,0,0,0.00,0.00,0.00,0,0,0.00,0.00,0,0
1432853074,s0-eth3,0.00,0.00,0.00,0,0,0.00,0.00,0.00,0,0,0.00,0.00,0,0
1432853074,total,0.00,0.00,0.00,0,0,0.00,0.00,0.00,0,0,0.00,0.00,0,0
1432853074,s1-eth1,0.00,0.00,0.00,0,0,0.00,0.00,0.00,0,0,0.00,0.00,0,0
1432853074,s1-eth2,0.00,0.00,0.00,0,0,0.00,0.00,0.00,0,0,0.00,0.00,0,0
1432853074,s1-eth3,0.00,0.00,0.00,0,0,0.00,0.00,0.00,0,0,0.00,0.00,0,0
1432853074,s0,0.00,0.00,0.00,0,0,0.00,0.00,0.00,0,0,0.00,0.00,0,0
1432853074,eth0,0.00,0.00,0.00,0,0,0.00,0.00,0.00,0,0,0.00,0.00,0,0
1432853074,lo,0.00,0.00,0.00,0,0,0.00,0.00,0.00,0,0,0.00,0.00,0,0
1432853074,s1,0.00,0.00,0.00,0,0,0.00,0.00,0.00,0,0,0.00,0.00,0,0
1432853074,s0-eth1,0.00,0.00,0.00,0,0,0.00,0.00,0.00,0,0,0.00,0.00,0,0
1432853074,s0-eth2,0.00,0.00,0.00,0,0,0.00,0.00,0.00,0,0,0.00,0.00,0,0
1432853074,s0-eth3,0.00,0.00,0.00,0,0,0.00,0.00,0.00,0,0,0.00,0.00,0,0
1432853074,total,0.00,0.00,0.00,0,0,0.00,0.00,0.00,0,0,0.00,0.00,0,0
1432853074,s1-eth1,0.00,114620.00,114620.00,11462,0,0.00,110.00,110.00,11,0,0.00,0.00,0,0
1432853074,s1-eth2,0.00,0.00,0.00,0,0,0.00,0.00,0.00,0,0,0.00,0.00,0,0
1432853074,s1-eth3,104200.00,0.00,104200.00,0,10420,100.00,0.00,100.00,0,10,0.00,0.00,0,0
1432853074,s0,0.00,0.00,0.00,0,0,0.00,0.00,0.00,0,0,0.00,0.00,0,0
1432853074,eth0,0.00,0.00,0.00,0,0,0.00,0.00,0.00,0,0,0.00,0.00,0,0
1432853074,lo,0.00,0.00,0.00,0,0,0.00,0.00,0.00,0,0,0.00,0.00,0,0
1432853074,s1,0.00,0.00,0.00,0,0,0.00,0.00,0.00,0,0,0.00,0.00,0,0
1432853074,s0-eth1,114620.00,0.00,114620.00,0,11462,110.00,0.00,110.00,0,11,0.00,0.00,0,0
1432853074,s0-eth2,0.00,0.00,0.00,0,0,0.00,0.00,0.00,0,0,0.00,0.00,0,0
1432853074,s0-eth3,0.00,948220.00,948220.00,94822,0,0.00,910.00,910.00,91,0,0.00,0.00,0,0
1432853074,total,218820.00,1062840.00,1281660.00,106284,21882,210.00,1020.00,1230.00,102,21,0.00,0.00,0,0
1432853074,s1-eth1,0.00,187560.00,187560.00,18756,0,0.00,180.00,180.00,18,0,0.00,0.00,0,0
1432853074,s1-eth2,0.00,0.00,0.00,0,0,0.00,0.00,0.00,0,0,0.00,0.00,0,0
1432853074,s1-eth3,187560.00,0.00,187560.00,0,18756,180.00,0.00,180.00,0,18,0.00,0.00,0,0
1432853074,s0,0.00,0.00,0.00,0,0,0.00,0.00,0.00,0,0,0.00,0.00,0,0
1432853074,eth0,0.00,0.00,0.00,0,0,0.00,0.00,0.00,0,0,0.00,0.00,0,0
1432853074,lo,0.00,0.00,0.00,0,0,0.00,0.00,0.00,0,0,0.00,0.00,0,0
1432853074,s1,0.00,0.00,0.00,0,0,0.00,0.00,0.00,0,0,0.00,0.00,0,0
1432853074,s0-eth1,187560.00,0.00,187560.00,0,18756,180.00,0.00,180.00,0,18,0.00,0.00,0,0
1432853074,s0-eth2,0.00,0.00,0.00,0,0,0.00,0.00,0.00,0,0,0.00,0.00,0,0
1432853074,s0-eth3,0.00,1886020.00,1886020.00,188602,0,0.00,1810.00,1810.00,181,0,0.00,0.00,0,0
1432853074,total,375120.00,2073580.00,2448700.00,207358,37512,360.00,1990.00,2350.00,199,36,0.00,0.00,0,0
1432853074,s1-eth1,0.00,187560.00,187560.00,18756,0,0.00,180.00,180.00,18,0,0.00,0.00,0,0
1432853074,s1-eth2,0.00,0.00,0.00,0,0,0.00,0.00,0.00,0,0,0.00,0.00,0,0
1432853074,s1-eth3,187560.00,0.00,187560.00,0,18756,180.00,0.00,180.00,0,18,0.00,0.00,0,0
1432853074,s0,0.00,0.00,0.00,0,0,0.00,0.00,0.00,0,0,0.00,0.00,0,0
1432853074,eth0,0.00,0.00,0.00,0,0,0.00,0.00,0.00,0,0,0.00,0.00,0,0
1432853074,lo,0.00,0.00,0.00,0,0,0.00,0.00,0.00,0,0,0.00,0.00,0,0
1432853074,s1,0.00,0.00,0.00,0,0,0.00,0.00,0.00,0,0,0.00,0.00,0,0
1432853074,s0-eth1,187560.00,0.00,187560.00,0,18756,180.00,0.00,180.00,0,18,0.00,0.00,0,0
1432853074,s0-eth2,0.00,0.00,0.00,0,0,0.00,0.00,0.00,0,0,0.00,0.00,0,0
1432853074,s0-eth3,0.00,1875600.00,1875600.00,187560,0,0.00,1800.00,1800.00,180,0,0.00,0.00,0,0
1432853074,total,375120.00,2063160.00,2438280.00,206316,37512,360.00,1980.00,2340.00,198,36,0.00,0.00,0,0
1432853075,s1-eth1,0.00,185702.98,185702.98,18756,0,0.00,178.22,178.22,18,0,0.00,0.00,0,0
1432853075,s1-eth2,0.00,0.00,0.00,0,0,0.00,0.00,0.00,0,0,0.00,0.00,0,0
1432853075,s1-eth3,185702.98,0.00,185702.98,0,18756,178.22,0.00,178.22,0,18,0.00,0.00,0,0
1432853075,s0,0.00,0.00,0.00,0,0,0.00,0.00,0.00,0,0,0.00,0.00,0,0
1432853075,eth0,0.00,0.00,0.00,0,0,0.00,0.00,0.00,0,0,0.00,0.00,0,0
1432853075,lo,0.00,0.00,0.00,0,0,0.00,0.00,0.00,0,0,0.00,0.00,0,0
1432853075,s1,0.00,0.00,0.00,0,0,0.00,0.00,0.00,0,0,0.00,0.00,0,0
1432853075,s0-eth1,185702.98,0.00,185702.98,0,18756,178.22,0.00,178.22,0,18,0.00,0.00,0,0
1432853075,s0-eth2,0.00,0.00,0.00,0,0,0.00,0.00,0.00,0,0,0.00,0.00,0,0
1432853075,s0-eth3,0.00,1867346.62,1867346.62,188602,0,0.00,1792.08,1792.08,181,0,0.00,0.00,0,0
1432853075,total,371405.97,2053049.62,2424455.50,207358,37512,356.44,1970.30,2326.73,199,36,0.00,0.00,0,0
1432853075,s1-eth1,0.00,187560.00,187560.00,18756,0,0.00,180.00,180.00,18,0,0.00,0.00,0,0
1432853075,s1-eth2,0.00,0.00,0.00,0,0,0.00,0.00,0.00,0,0,0.00,0.00,0,0
1432853075,s1-eth3,187560.00,0.00,187560.00,0,18756,180.00,0.00,180.00,0,18,0.00,0.00,0,0
1432853075,s0,0.00,0.00,0.00,0,0,0.00,0.00,0.00,0,0,0.00,0.00,0,0
1432853075,eth0,0.00,0.00,0.00,0,0,0.00,0.00,0.00,0,0,0.00,0.00,0,0
1432853075,lo,0.00,0.00,0.00,0,0,0.00,0.00,0.00,0,0,0.00,0.00,0,0
1432853075,s1,0.00,0.00,0.00,0,0,0.00,0.00,0.00,0,0,0.00,0.00,0,0
1432853075,s0-eth1,187560.00,0.00,187560.00,0,18756,180.00,0.00,180.00,0,18,0.00,0.00,0,0
1432853075,s0-eth2,0.00,0.00,0.00,0,0,0.00,0.00,0.00,0,0,0.00,0.00,0,0
1432853075,s0-eth3,0.00,1875600.00,1875600.00,187560,0,0.00,1800.00,1800.00,180,0,0.00,0.00,0,0
1432853075,total,375120.00,2063160.00,2438280.00,206316,37512,360.00,1980.00,2340.00,198,36,0.00,0.00,0,0
1432853075,s1-eth1,0.00,187560.00,187560.00,18756,0,0.00,180.00,180.00,18,0,0.00,0.00,0,0
1432853075,s1-eth2,0.00,0.00,0.00,0,0,0.00,0.00,0.00,0,0,0.00,0.00,0,0
1432853075,s1-eth3,187560.00,0.00,187560.00,0,18756,180.00,0.00,180.00,0,18,0.00,0.00,0,0
1432853075,s0,0.00,0.00,0.00,0,0,0.00,0.00,0.00,0,0,0.00,0.00,0,0
1432853075,eth0,0.00,0.00,0.00,0,0,0.00,0.00,0.00,0,0,0.00,0.00,0,0
1432853075,lo,0.00,0.00,0.00,0,0,0.00,0.00,0.00,0,0,0.00,0.00,0,0
1432853075,s1,0.00,0.00,0.00,0,0,0.00,0.00,0.00,0,0,0.00,0.00,0,0
1432853075,s0-eth1,187560.00,0.00,187560.00,0,18756,180.00,0.00,180.00,0,18,0.00,0.00,0,0
1432853075,s0-eth2,0.00,0.00,0.00,0,0,0.00,0.00,0.00,0,0,0.00,0.00,0,0
1432853075,s0-eth3,0.00,1886020.00,1886020.00,188602,0,0.00,1810.00,1810.00,181,0,0.00,0.00,0,0
1432853075,total,375120.00,2073580.00,2448700.00,207358,37512,360.00,1990.00,2350.00,199,36,0.00,0.00,0,0
1432853075,s1-eth1,0.00,187560.00,187560.00,18756,0,0.00,180.00,180.00,18,0,0.00,0.00,0,0
1432853075,s1-eth2,0.00,0.00,0.00,0,0,0.00,0.00,0.00,0,0,0.00,0.00,0,0
1432853075,s1-eth3,187560.00,0.00,187560.00,0,18756,180.00,0.00,180.00,0,18,0.00,0.00,0,0
1432853075,s0,0.00,0.00,0.00,0,0,0.00,0.00,0.00,0,0,0.00,0.00,0,0
1432853075,eth0,0.00,0.00,0.00,0,0,0.00,0.00,0.00,0,0,0.00,0.00,0,0
1432853075,lo,0.00,0.00,0.00,0,0,0.00,0.00,0.00,0,0,0.00,0.00,0,0
1432853075,s1,0.00,0.00,0.00,0,0,0.00,0.00,0.00,0,0,0.00,0.00,0,0
1432853075,s0-eth1,187560.00,0.00,187560.00,0,18756,180.00,0.00,180.00,0,18,0.00,0.00,0,0
1432853075,s0-eth2,0.00,0.00,0.00,0,0,0.00,0.00,0.00,0,0,0.00,0.00,0,0
1432853075,s0-eth3,0.00,604360.00,604360.00,60436,0,0.00,580.00,580.00,58,0,0.00,0.00,0,0
1432853075,total,375120.00,791920.00,1167040.00,79192,37512,360.00,760.00,1120.00,76,36,0.00,0.00,0,0
1432853075,s1-eth1,0.00,125040.00,125040.00,12504,0,0.00,120.00,120.00,12,0,0.00,0.00,0,0
1432853075,s1-eth2,0.00,0.00,0.00,0,0,0.00,0.00,0.00,0,0,0.00,0.00,0,0
1432853075,s1-eth3,135460.00,0.00,135460.00,0,13546,130.00,0.00,130.00,0,13,0.00,0.00,0,0
1432853075,s0,0.00,0.00,0.00,0,0,0.00,0.00,0.00,0,0,0.00,0.00,0,0
1432853075,eth0,0.00,0.00,0.00,0,0,0.00,0.00,0.00,0,0,0.00,0.00,0,0
1432853075,lo,0.00,0.00,0.00,0,0,0.00,0.00,0.00,0,0,0.00,0.00,0,0
1432853075,s1,0.00,0.00,0.00,0,0,0.00,0.00,0.00,0,0,0.00,0.00,0,0
1432853075,s0-eth1,125040.00,0.00,125040.00,0,12504,120.00,0.00,120.00,0,12,0.00,0.00,0,0
1432853075,s0-eth2,0.00,0.00,0.00,0,0,0.00,0.00,0.00,0,0,0.00,0.00,0,0
1432853075,s0-eth3,0.00,0.00,0.00,0,0,0.00,0.00,0.00,0,0,0.00,0.00,0,0
1432853075,total,260500.00,125040.00,385540.00,12504,26050,250.00,120.00,370.00,12,25,0.00,0.00,0,0
1432853075,s1-eth1,0.00,0.00,0.00,0,0,0.00,0.00,0.00,0,0,0.00,0.00,0,0
1432853075,s1-eth2,0.00,0.00,0.00,0,0,0.00,0.00,0.00,0,0,0.00,0.00,0,0
1432853075,s1-eth3,0.00,0.00,0.00,0,0,0.00,0.00,0.00,0,0,0.00,0.00,0,0
1432853075,s0,0.00,0.00,0.00,0,0,0.00,0.00,0.00,0,0,0.00,0.00,0,0
1432853075,eth0,0.00,0.00,0.00,0,0,0.00,0.00,0.00,0,0,0.00,0.00,0,0
1432853075,lo,0.00,0.00,0.00,0,0,0.00,0.00,0.00,0,0,0.00,0.00,0,0
1432853075,s1,0.00,0.00,0.00,0,0,0.00,0.00,0.00,0,0,0.00,0.00,0,0
1432853075,s0-eth1,0.00,0.00,0.00,0,0,0.00,0.00,0.00,0,0,0.00,0.00,0,0
1432853075,s0-eth2,0.00,0.00,0.00,0,0,0.00,0.00,0.00,0,0,0.00,0.00,0,0
1432853075,s0-eth3,0.00,0.00,0.00,0,0,0.00,0.00,0.00,0,0,0.00,0.00,0,0
1432853075,total,0.00,0.00,0.00,0,0,0.00,0.00,0.00,0,0,0.00,0.00,0,0
1432853075,s1-eth1,0.00,0.00,0.00,0,0,0.00,0.00,0.00,0,0,0.00,0.00,0,0
1432853075,s1-eth2,0.00,0.00,0.00,0,0,0.00,0.00,0.00,0,0,0.00,0.00,0,0
1432853075,s1-eth3,0.00,0.00,0.00,0,0,0.00,0.00,0.00,0,0,0.00,0.00,0,0
1432853075,s0,0.00,0.00,0.00,0,0,0.00,0.00,0.00,0,0,0.00,0.00,0,0
1432853075,eth0,0.00,0.00,0.00,0,0,0.00,0.00,0.00,0,0,0.00,0.00,0,0
1432853075,lo,0.00,0.00,0.00,0,0,0.00,0.00,0.00,0,0,0.00,0.00,0,0
1432853075,s1,0.00,0.00,0.00,0,0,0.00,0.00,0.00,0,0,0.00,0.00,0,0
1432853075,s0-eth1,0.00,0.00,0.00,0,0,0.00,0.00,0.00,0,0,0.00,0.00,0,0
1432853075,s0-eth2,0.00,0.00,0.00,0,0,0.00,0.00,0.00,0,0,0.00,0.00,0,0
1432853075,s0-eth3,0.00,0.00,0.00,0,0,0.00,0.00,0.00,0,0,0.00,0.00,0,0
1432853075,total,0.00,0.00,0.00,0,0,0.00,0.00,0.00,0,0,0.00,0.00,0,0
1432853075,s1-eth1,0.00,0.00,0.00,0,0,0.00,0.00,0.00,0,0,0.00,0.00,0,0
1432853075,s1-eth2,0.00,0.00,0.00,0,0,0.00,0.00,0.00,0,0,0.00,0.00,0,0
1432853075,s1-eth3,0.00,0.00,0.00,0,0,0.00,0.00,0.00,0,0,0.00,0.00,0,0
1432853075,s0,0.00,0.00,0.00,0,0,0.00,0.00,0.00,0,0,0.00,0.00,0,0
1432853075,eth0,0.00,0.00,0.00,0,0,0.00,0.00,0.00,0,0,0.00,0.00,0,0
1432853075,lo,0.00,0.00,0.00,0,0,0.00,0.00,0.00,0,0,0.00,0.00,0,0
1432853075,s1,0.00,0.00,0.00,0,0,0.00,0.00,0.00,0,0,0.00,0.00,0,0
1432853075,s0-eth1,0.00,0.00,0.00,0,0,0.00,0.00,0.00,0,0,0.00,0.00,0,0
1432853075,s0-eth2,0.00,0.00,0.00,0,0,0.00,0.00,0.00,0,0,0.00,0.00,0,0
1432853075,s0-eth3,0.00,0.00,0.00,0,0,0.00,0.00,0.00,0,0,0.00,0.00,0,0
1432853075,total,0.00,0.00,0.00,0,0,0.00,0.00,0.00,0,0,0.00,0.00,0,0
1432853075,s1-eth1,0.00,62520.00,62520.00,6252,0,0.00,60.00,60.00,6,0,0.00,0.00,0,0
1432853075,s1-eth2,0.00,0.00,0.00,0,0,0.00,0.00,0.00,0,0,0.00,0.00,0,0
1432853075,s1-eth3,52100.00,0.00,52100.00,0,5210,50.00,0.00,50.00,0,5,0.00,0.00,0,0
1432853075,s0,0.00,0.00,0.00,0,0,0.00,0.00,0.00,0,0,0.00,0.00,0,0
1432853075,eth0,0.00,0.00,0.00,0,0,0.00,0.00,0.00,0,0,0.00,0.00,0,0
1432853075,lo,0.00,0.00,0.00,0,0,0.00,0.00,0.00,0,0,0.00,0.00,0,0
1432853075,s1,0.00,0.00,0.00,0,0,0.00,0.00,0.00,0,0,0.00,0.00,0,0
1432853075,s0-eth1,62520.00,0.00,62520.00,0,6252,60.00,0.00,60.00,0,6,0.00,0.00,0,0
1432853075,s0-eth2,0.00,0.00,0.00,0,0,0.00,0.00,0.00,0,0,0.00,0.00,0,0
1432853075,s0-eth3,0.00,427220.00,427220.00,42722,0,0.00,410.00,410.00,41,0,0.00,0.00,0,0
1432853075,total,114620.00,489740.00,604360.00,48974,11462,110.00,470.00,580.00,47,11,0.00,0.00,0,0
1432853075,s1-eth1,0.00,187560.00,187560.00,18756,0,0.00,180.00,180.00,18,0,0.00,0.00,0,0
1432853075,s1-eth2,0.00,0.00,0.00,0,0,0.00,0.00,0.00,0,0,0.00,0.00,0,0
1432853075,s1-eth3,187560.00,0.00,187560.00,0,18756,180.00,0.00,180.00,0,18,0.00,0.00,0,0
1432853075,s0,0.00,0.00,0.00,0,0,0.00,0.00,0.00,0,0,0.00,0.00,0,0
1432853075,eth0,0.00,0.00,0.00,0,0,0.00,0.00,0.00,0,0,0.00,0.00,0,0
1432853075,lo,0.00,0.00,0.00,0,0,0.00,0.00,0.00,0,0,0.00,0.00,0,0
1432853075,s1,0.00,0.00,0.00,0,0,0.00,0.00,0.00,0,0,0.00,0.00,0,0
1432853075,s0-eth1,187560.00,0.00,187560.00,0,18756,180.00,0.00,180.00,0,18,0.00,0.00,0,0
1432853075,s0-eth2,0.00,0.00,0.00,0,0,0.00,0.00,0.00,0,0,0.00,0.00,0,0
1432853075,s0-eth3,0.00,1875600.00,1875600.00,187560,0,0.00,1800.00,1800.00,180,0,0.00,0.00,0,0
1432853075,total,375120.00,2063160.00,2438280.00,206316,37512,360.00,1980.00,2340.00,198,36,0.00,0.00,0,0
1432853076,s1-eth1,0.00,185702.98,185702.98,18756,0,0.00,178.22,178.22,18,0,0.00,0.00,0,0
1432853076,s1-eth2,0.00,0.00,0.00,0,0,0.00,0.00,0.00,0,0,0.00,0.00,0,0
1432853076,s1-eth3,185702.98,0.00,185702.98,0,18756,178.22,0.00,178.22,0,18,0.00,0.00,0,0
1432853076,s0,0.00,0.00,0.00,0,0,0.00,0.00,0.00,0,0,0.00,0.00,0,0
1432853076,eth0,0.00,0.00,0.00,0,0,0.00,0.00,0.00,0,0,0.00,0.00,0,0
1432853076,lo,0.00,0.00,0.00,0,0,0.00,0.00,0.00,0,0,0.00,0.00,0,0
1432853076,s1,0.00,0.00,0.00,0,0,0.00,0.00,0.00,0,0,0.00,0.00,0,0
1432853076,s0-eth1,185702.98,0.00,185702.98,0,18756,178.22,0.00,178.22,0,18,0.00,0.00,0,0
1432853076,s0-eth2,0.00,0.00,0.00,0,0,0.00,0.00,0.00,0,0,0.00,0.00,0,0
1432853076,s0-eth3,0.00,1867346.62,1867346.62,188602,0,0.00,1792.08,1792.08,181,0,0.00,0.00,0,0
1432853076,total,371405.97,2053049.62,2424455.50,207358,37512,356.44,1970.30,2326.73,199,36,0.00,0.00,0,0
1432853076,s1-eth1,0.00,187560.00,187560.00,18756,0,0.00,180.00,180.00,18,0,0.00,0.00,0,0
1432853076,s1-eth2,0.00,0.00,0.00,0,0,0.00,0.00,0.00,0,0,0.00,0.00,0,0
1432853076,s1-eth3,187560.00,0.00,187560.00,0,18756,180.00,0.00,180.00,0,18,0.00,0.00,0,0
1432853076,s0,0.00,0.00,0.00,0,0,0.00,0.00,0.00,0,0,0.00,0.00,0,0
1432853076,eth0,0.00,0.00,0.00,0,0,0.00,0.00,0.00,0,0,0.00,0.00,0,0
1432853076,lo,0.00,0.00,0.00,0,0,0.00,0.00,0.00,0,0,0.00,0.00,0,0
1432853076,s1,0.00,0.00,0.00,0,0,0.00,0.00,0.00,0,0,0.00,0.00,0,0
1432853076,s0-eth1,187560.00,0.00,187560.00,0,18756,180.00,0.00,180.00,0,18,0.00,0.00,0,0
1432853076,s0-eth2,0.00,0.00,0.00,0,0,0.00,0.00,0.00,0,0,0.00,0.00,0,0
1432853076,s0-eth3,0.00,1875600.00,1875600.00,187560,0,0.00,1800.00,1800.00,180,0,0.00,0.00,0,0
1432853076,total,375120.00,2063160.00,2438280.00,206316,37512,360.00,1980.00,2340.00,198,36,0.00,0.00,0,0
1432853076,s1-eth1,0.00,187560.00,187560.00,18756,0,0.00,180.00,180.00,18,0,0.00,0.00,0,0
1432853076,s1-eth2,0.00,0.00,0.00,0,0,0.00,0.00,0.00,0,0,0.00,0.00,0,0
1432853076,s1-eth3,187560.00,0.00,187560.00,0,18756,180.00,0.00,180.00,0,18,0.00,0.00,0,0
1432853076,s0,0.00,0.00,0.00,0,0,0.00,0.00,0.00,0,0,0.00,0.00,0,0
1432853076,eth0,0.00,0.00,0.00,0,0,0.00,0.00,0.00,0,0,0.00,0.00,0,0
1432853076,lo,0.00,0.00,0.00,0,0,0.00,0.00,0.00,0,0,0.00,0.00,0,0
1432853076,s1,0.00,0.00,0.00,0,0,0.00,0.00,0.00,0,0,0.00,0.00,0,0
1432853076,s0-eth1,187560.00,0.00,187560.00,0,18756,180.00,0.00,180.00,0,18,0.00,0.00,0,0
1432853076,s0-eth2,0.00,0.00,0.00,0,0,0.00,0.00,0.00,0,0,0.00,0.00,0,0
1432853076,s0-eth3,0.00,1886020.00,1886020.00,188602,0,0.00,1810.00,1810.00,181,0,0.00,0.00,0,0
1432853076,total,375120.00,2073580.00,2448700.00,207358,37512,360.00,1990.00,2350.00,199,36,0.00,0.00,0,0
1432853076,s1-eth1,0.00,187560.00,187560.00,18756,0,0.00,180.00,180.00,18,0,0.00,0.00,0,0
1432853076,s1-eth2,0.00,0.00,0.00,0,0,0.00,0.00,0.00,0,0,0.00,0.00,0,0
1432853076,s1-eth3,187560.00,0.00,187560.00,0,18756,180.00,0.00,180.00,0,18,0.00,0.00,0,0
1432853076,s0,0.00,0.00,0.00,0,0,0.00,0.00,0.00,0,0,0.00,0.00,0,0
1432853076,eth0,0.00,0.00,0.00,0,0,0.00,0.00,0.00,0,0,0.00,0.00,0,0
1432853076,lo,0.00,0.00,0.00,0,0,0.00,0.00,0.00,0,0,0.00,0.00,0,0
1432853076,s1,0.00,0.00,0.00,0,0,0.00,0.00,0.00,0,0,0.00,0.00,0,0
1432853076,s0-eth1,187560.00,0.00,187560.00,0,18756,180.00,0.00,180.00,0,18,0.00,0.00,0,0
1432853076,s0-eth2,0.00,0.00,0.00,0,0,0.00,0.00,0.00,0,0,0.00,0.00,0,0
1432853076,s0-eth3,0.00,1875600.00,1875600.00,187560,0,0.00,1800.00,1800.00,180,0,0.00,0.00,0,0
1432853076,total,375120.00,2063160.00,2438280.00,206316,37512,360.00,1980.00,2340.00,198,36,0.00,0.00,0,0
1432853076,s1-eth1,0.00,187560.00,187560.00,18756,0,0.00,180.00,180.00,18,0,0.00,0.00,0,0
1432853076,s1-eth2,0.00,0.00,0.00,0,0,0.00,0.00,0.00,0,0,0.00,0.00,0,0
1432853076,s1-eth3,187560.00,0.00,187560.00,0,18756,180.00,0.00,180.00,0,18,0.00,0.00,0,0
1432853076,s0,0.00,0.00,0.00,0,0,0.00,0.00,0.00,0,0,0.00,0.00,0,0
1432853076,eth0,0.00,0.00,0.00,0,0,0.00,0.00,0.00,0,0,0.00,0.00,0,0
1432853076,lo,0.00,0.00,0.00,0,0,0.00,0.00,0.00,0,0,0.00,0.00,0,0
1432853076,s1,0.00,0.00,0.00,0,0,0.00,0.00,0.00,0,0,0.00,0.00,0,0
1432853076,s0-eth1,187560.00,0.00,187560.00,0,18756,180.00,0.00,180.00,0,18,0.00,0.00,0,0
1432853076,s0-eth2,0.00,0.00,0.00,0,0,0.00,0.00,0.00,0,0,0.00,0.00,0,0
1432853076,s0-eth3,0.00,1135780.00,1135780.00,113578,0,0.00,1090.00,1090.00,109,0,0.00,0.00,0,0
1432853076,total,375120.00,1323340.00,1698460.00,132334,37512,360.00,1270.00,1630.00,127,36,0.00,0.00,0,0
1432853076,s1-eth1,0.00,177140.00,177140.00,17714,0,0.00,170.00,170.00,17,0,0.00,0.00,0,0
1432853076,s1-eth2,0.00,0.00,0.00,0,0,0.00,0.00,0.00,0,0,0.00,0.00,0,0
1432853076,s1-eth3,187560.00,0.00,187560.00,0,18756,180.00,0.00,180.00,0,18,0.00,0.00,0,0
1432853076,s0,0.00,0.00,0.00,0,0,0.00,0.00,0.00,0,0,0.00,0.00,0,0
1432853076,eth0,0.00,0.00,0.00,0,0,0.00,0.00,0.00,0,0,0.00,0.00,0,0
1432853076,lo,0.00,0.00,0.00,0,0,0.00,0.00,0.00,0,0,0.00,0.00,0,0
1432853076,s1,0.00,0.00,0.00,0,0,0.00,0.00,0.00,0,0,0.00,0.00,0,0
1432853076,s0-eth1,177140.00,0.00,177140.00,0,17714,170.00,0.00,170.00,0,17,0.00,0.00,0,0
1432853076,s0-eth2,0.00,0.00,0.00,0,0,0.00,0.00,0.00,0,0,0.00,0.00,0,0
1432853076,s0-eth3,0.00,0.00,0.00,0,0,0.00,0.00,0.00,0,0,0.00,0.00,0,0
1432853076,total,364700.00,177140.00,541840.00,17714,36470,350.00,170.00,520.00,17,35,0.00,0.00,0,0
1432853076,s1-eth1,0.00,0.00,0.00,0,0,0.00,0.00,0.00,0,0,0.00,0.00,0,0
1432853076,s1-eth2,0.00,0.00,0.00,0,0,0.00,0.00,0.00,0,0,0.00,0.00,0,0
1432853076,s1-eth3,0.00,0.00,0.00,0,0,0.00,0.00,0.00,0,0,0.00,0.00,0,0
1432853076,s0,0.00,0.00,0.00,0,0,0.00,0.00,0.00,0,0,0.00,0.00,0,0
1432853076,eth0,0.00,0.00,0.00,0,0,0.00,0.00,0.00,0,0,0.00,0.00,0,0
1432853076,lo,0.00,0.00,0.00,0,0,0.00,0.00,0.00,0,0,0.00,0.00,0,0
1432853076,s1,0.00,0.00,0.00,0,0,0.00,0.00,0.00,0,0,0.00,0.00,0,0
1432853076,s0-eth1,0.00,0.00,0.00,0,0,0.00,0.00,0.00,0,0,0.00,0.00,0,0
1432853076,s0-eth2,0.00,0.00,0.00,0,0,0.00,0.00,0.00,0,0,0.00,0.00,0,0
1432853076,s0-eth3,0.00,0.00,0.00,0,0,0.00,0.00,0.00,0,0,0.00,0.00,0,0
1432853076,total,0.00,0.00,0.00,0,0,0.00,0.00,0.00,0,0,0.00,0.00,0,0
1432853076,s1-eth1,0.00,0.00,0.00,0,0,0.00,0.00,0.00,0,0,0.00,0.00,0,0
1432853076,s1-eth2,0.00,0.00,0.00,0,0,0.00,0.00,0.00,0,0,0.00,0.00,0,0
1432853076,s1-eth3,0.00,0.00,0.00,0,0,0.00,0.00,0.00,0,0,0.00,0.00,0,0
1432853076,s0,0.00,0.00,0.00,0,0,0.00,0.00,0.00,0,0,0.00,0.00,0,0
1432853076,eth0,0.00,0.00,0.00,0,0,0.00,0.00,0.00,0,0,0.00,0.00,0,0
1432853076,lo,0.00,0.00,0.00,0,0,0.00,0.00,0.00,0,0,0.00,0.00,0,0
1432853076,s1,0.00,0.00,0.00,0,0,0.00,0.00,0.00,0,0,0.00,0.00,0,0
1432853076,s0-eth1,0.00,0.00,0.00,0,0,0.00,0.00,0.00,0,0,0.00,0.00,0,0
1432853076,s0-eth2,0.00,0.00,0.00,0,0,0.00,0.00,0.00,0,0,0.00,0.00,0,0
1432853076,s0-eth3,0.00,0.00,0.00,0,0,0.00,0.00,0.00,0,0,0.00,0.00,0,0
1432853076,total,0.00,0.00,0.00,0,0,0.00,0.00,0.00,0,0,0.00,0.00,0,0
1432853076,s1-eth1,0.00,0.00,0.00,0,0,0.00,0.00,0.00,0,0,0.00,0.00,0,0
1432853076,s1-eth2,0.00,0.00,0.00,0,0,0.00,0.00,0.00,0,0,0.00,0.00,0,0
1432853076,s1-eth3,0.00,0.00,0.00,0,0,0.00,0.00,0.00,0,0,0.00,0.00,0,0
1432853076,s0,0.00,0.00,0.00,0,0,0.00,0.00,0.00,0,0,0.00,0.00,0,0
1432853076,eth0,0.00,0.00,0.00,0,0,0.00,0.00,0.00,0,0,0.00,0.00,0,0
1432853076,lo,0.00,0.00,0.00,0,0,0.00,0.00,0.00,0,0,0.00,0.00,0,0
1432853076,s1,0.00,0.00,0.00,0,0,0.00,0.00,0.00,0,0,0.00,0.00,0,0
1432853076,s0-eth1,0.00,0.00,0.00,0,0,0.00,0.00,0.00,0,0,0.00,0.00,0,0
1432853076,s0-eth2,0.00,0.00,0.00,0,0,0.00,0.00,0.00,0,0,0.00,0.00,0,0
1432853076,s0-eth3,0.00,0.00,0.00,0,0,0.00,0.00,0.00,0,0,0.00,0.00,0,0
1432853076,total,0.00,0.00,0.00,0,0,0.00,0.00,0.00,0,0,0.00,0.00,0,0
1432853076,s1-eth1,0.00,0.00,0.00,0,0,0.00,0.00,0.00,0,0,0.00,0.00,0,0
1432853076,s1-eth2,0.00,0.00,0.00,0,0,0.00,0.00,0.00,0,0,0.00,0.00,0,0
1432853076,s1-eth3,0.00,0.00,0.00,0,0,0.00,0.00,0.00,0,0,0.00,0.00,0,0
1432853076,s0,0.00,0.00,0.00,0,0,0.00,0.00,0.00,0,0,0.00,0.00,0,0
1432853076,eth0,0.00,0.00,0.00,0,0,0.00,0.00,0.00,0,0,0.00,0.00,0,0
1432853076,lo,0.00,0.00,0.00,0,0,0.00,0.00,0.00,0,0,0.00,0.00,0,0
1432853076,s1,0.00,0.00,0.00,0,0,0.00,0.00,0.00,0,0,0.00,0.00,0,0
1432853076,s0-eth1,0.00,0.00,0.00,0,0,0.00,0.00,0.00,0,0,0.00,0.00,0,0
1432853076,s0-eth2,0.00,0.00,0.00,0,0,0.00,0.00,0.00,0,0,0.00,0.00,0,0
1432853076,s0-eth3,0.00,0.00,0.00,0,0,0.00,0.00,0.00,0,0,0.00,0.00,0,0
1432853076,total,0.00,0.00,0.00,0,0,0.00,0.00,0.00,0,0,0.00,0.00,0,0
1432853077,s1-eth1,0.00,196019.81,196019.81,19798,0,0.00,188.12,188.12,19,0,0.00,0.00,0,0
1432853077,s1-eth2,0.00,0.00,0.00,0,0,0.00,0.00,0.00,0,0,0.00,0.00,0,0
1432853077,s1-eth3,185702.98,0.00,185702.98,0,18756,178.22,0.00,178.22,0,18,0.00,0.00,0,0
1432853077,s0,0.00,0.00,0.00,0,0,0.00,0.00,0.00,0,0,0.00,0.00,0,0
1432853077,eth0,0.00,0.00,0.00,0,0,0.00,0.00,0.00,0,0,0.00,0.00,0,0
1432853077,lo,0.00,0.00,0.00,0,0,0.00,0.00,0.00,0,0,0.00,0.00,0,0
1432853077,s1,0.00,0.00,0.00,0,0,0.00,0.00,0.00,0,0,0.00,0.00,0,0
1432853077,s0-eth1,196019.81,0.00,196019.81,0,19798,188.12,0.00,188.12,0,19,0.00,0.00,0,0
1432853077,s0-eth2,0.00,0.00,0.00,0,0,0.00,0.00,0.00,0,0,0.00,0.00,0,0
1432853077,s0-eth3,0.00,1774495.12,1774495.12,179224,0,0.00,1702.97,1702.97,172,0,0.00,0.00,0,0
1432853077,total,381722.78,1970514.88,2352237.75,199022,38554,366.34,1891.09,2257.43,191,37,0.00,0.00,0,0
1432853077,s1-eth1,0.00,187560.00,187560.00,18756,0,0.00,180.00,180.00,18,0,0.00,0.00,0,0
1432853077,s1-eth2,0.00,0.00,0.00,0,0,0.00,0.00,0.00,0,0,0.00,0.00,0,0
1432853077,s1-eth3,187560.00,0.00,187560.00,0,18756,180.00,0.00,180.00,0,18,0.00,0.00,0,0
1432853077,s0,0.00,0.00,0.00,0,0,0.00,0.00,0.00,0,0,0.00,0.00,0,0
1432853077,eth0,0.00,0.00,0.00,0,0,0.00,0.00,0.00,0,0,0.00,0.00,0,0
1432853077,lo,0.00,0.00,0.00,0,0,0.00,0.00,0.00,0,0,0.00,0.00,0,0
1432853077,s1,0.00,0.00,0.00,0,0,0.00,0.00,0.00,0,0,0.00,0.00,0,0
1432853077,s0-eth1,187560.00,0.00,187560.00,0,18756,180.00,0.00,180.00,0,18,0.00,0.00,0,0
1432853077,s0-eth2,0.00,0.00,0.00,0,0,0.00,0.00,0.00,0,0,0.00,0.00,0,0
1432853077,s0-eth3,0.00,1886020.00,1886020.00,188602,0,0.00,1810.00,1810.00,181,0,0.00,0.00,0,0
1432853077,total,375120.00,2073580.00,2448700.00,207358,37512,360.00,1990.00,2350.00,199,36,0.00,0.00,0,0
1432853077,s1-eth1,0.00,187560.00,187560.00,18756,0,0.00,180.00,180.00,18,0,0.00,0.00,0,0
1432853077,s1-eth2,0.00,0.00,0.00,0,0,0.00,0.00,0.00,0,0,0.00,0.00,0,0
1432853077,s1-eth3,187560.00,0.00,187560.00,0,18756,180.00,0.00,180.00,0,18,0.00,0.00,0,0
1432853077,s0,0.00,0.00,0.00,0,0,0.00,0.00,0.00,0,0,0.00,0.00,0,0
1432853077,eth0,0.00,0.00,0.00,0,0,0.00,0.00,0.00,0,0,0.00,0.00,0,0
1432853077,lo,0.00,0.00,0.00,0,0,0.00,0.00,0.00,0,0,0.00,0.00,0,0
1432853077,s1,0.00,0.00,0.00,0,0,0.00,0.00,0.00,0,0,0.00,0.00,0,0
1432853077,s0-eth1,187560.00,0.00,187560.00,0,18756,180.00,0.00,180.00,0,18,0.00,0.00,0,0
1432853077,s0-eth2,0.00,0.00,0.00,0,0,0.00,0.00,0.00,0,0,0.00,0.00,0,0
1432853077,s0-eth3,0.00,1875600.00,1875600.00,187560,0,0.00,1800.00,1800.00,180,0,0.00,0.00,0,0
1432853077,total,375120.00,2063160.00,2438280.00,206316,37512,360.00,1980.00,2340.00,198,36,0.00,0.00,0,0
1432853077,s1-eth1,0.00,187560.00,187560.00,18756,0,0.00,180.00,180.00,18,0,0.00,0.00,0,0
1432853077,s1-eth2,0.00,0.00,0.00,0,0,0.00,0.00,0.00,0,0,0.00,0.00,0,0
1432853077,s1-eth3,187560.00,0.00,187560.00,0,18756,180.00,0.00,180.00,0,18,0.00,0.00,0,0
1432853077,s0,0.00,0.00,0.00,0,0,0.00,0.00,0.00,0,0,0.00,0.00,0,0
1432853077,eth0,0.00,0.00,0.00,0,0,0.00,0.00,0.00,0,0,0.00,0.00,0,0
1432853077,lo,0.00,0.00,0.00,0,0,0.00,0.00,0.00,0,0,0.00,0.00,0,0
1432853077,s1,0.00,0.00,0.00,0,0,0.00,0.00,0.00,0,0,0.00,0.00,0,0
1432853077,s0-eth1,187560.00,0.00,187560.00,0,18756,180.00,0.00,180.00,0,18,0.00,0.00,0,0
1432853077,s0-eth2,0.00,0.00,0.00,0,0,0.00,0.00,0.00,0,0,0.00,0.00,0,0
1432853077,s0-eth3,0.00,1886020.00,1886020.00,188602,0,0.00,1810.00,1810.00,181,0,0.00,0.00,0,0
1432853077,total,375120.00,2073580.00,2448700.00,207358,37512,360.00,1990.00,2350.00,199,36,0.00,0.00,0,0
1432853077,s1-eth1,0.00,187560.00,187560.00,18756,0,0.00,180.00,180.00,18,0,0.00,0.00,0,0
1432853077,s1-eth2,0.00,0.00,0.00,0,0,0.00,0.00,0.00,0,0,0.00,0.00,0,0
1432853077,s1-eth3,197980.00,0.00,197980.00,0,19798,190.00,0.00,190.00,0,19,0.00,0.00,0,0
1432853077,s0,0.00,0.00,0.00,0,0,0.00,0.00,0.00,0,0,0.00,0.00,0,0
1432853077,eth0,0.00,0.00,0.00,0,0,0.00,0.00,0.00,0,0,0.00,0.00,0,0
1432853077,lo,0.00,0.00,0.00,0,0,0.00,0.00,0.00,0,0,0.00,0.00,0,0
1432853077,s1,0.00,0.00,0.00,0,0,0.00,0.00,0.00,0,0,0.00,0.00,0,0
1432853077,s0-eth1,187560.00,0.00,187560.00,0,18756,180.00,0.00,180.00,0,18,0.00,0.00,0,0
1432853077,s0-eth2,0.00,0.00,0.00,0,0,0.00,0.00,0.00,0,0,0.00,0.00,0,0
1432853077,s0-eth3,0.00,1875600.00,1875600.00,187560,0,0.00,1800.00,1800.00,180,0,0.00,0.00,0,0
1432853077,total,385540.00,2063160.00,2448700.00,206316,38554,370.00,1980.00,2350.00,198,37,0.00,0.00,0,0
1432853077,s1-eth1,0.00,187560.00,187560.00,18756,0,0.00,180.00,180.00,18,0,0.00,0.00,0,0
1432853077,s1-eth2,0.00,0.00,0.00,0,0,0.00,0.00,0.00,0,0,0.00,0.00,0,0
1432853077,s1-eth3,187560.00,0.00,187560.00,0,18756,180.00,0.00,180.00,0,18,0.00,0.00,0,0
1432853077,s0,0.00,0.00,0.00,0,0,0.00,0.00,0.00,0,0,0.00,0.00,0,0
1432853077,eth0,0.00,0.00,0.00,0,0,0.00,0.00,0.00,0,0,0.00,0.00,0,0
1432853077,lo,0.00,0.00,0.00,0,0,0.00,0.00,0.00,0,0,0.00,0.00,0,0
1432853077,s1,0.00,0.00,0.00,0,0,0.00,0.00,0.00,0,0,0.00,0.00,0,0
1432853077,s0-eth1,187560.00,0.00,187560.00,0,18756,180.00,0.00,180.00,0,18,0.00,0.00,0,0
1432853077,s0-eth2,0.00,0.00,0.00,0,0,0.00,0.00,0.00,0,0,0.00,0.00,0,0
1432853077,s0-eth3,0.00,1646360.00,1646360.00,164636,0,0.00,1580.00,1580.00,158,0,0.00,0.00,0,0
1432853077,total,375120.00,1833920.00,2209040.00,183392,37512,360.00,1760.00,2120.00,176,36,0.00,0.00,0,0
1432853077,s1-eth1,0.00,187560.00,187560.00,18756,0,0.00,180.00,180.00,18,0,0.00,0.00,0,0
1432853077,s1-eth2,0.00,0.00,0.00,0,0,0.00,0.00,0.00,0,0,0.00,0.00,0,0
1432853077,s1-eth3,187560.00,0.00,187560.00,0,18756,180.00,0.00,180.00,0,18,0.00,0.00,0,0
1432853077,s0,0.00,0.00,0.00,0,0,0.00,0.00,0.00,0,0,0.00,0.00,0,0
1432853077,eth0,0.00,0.00,0.00,0,0,0.00,0.00,0.00,0,0,0.00,0.00,0,0
1432853077,lo,0.00,0.00,0.00,0,0,0.00,0.00,0.00,0,0,0.00,0.00,0,0
1432853077,s1,0.00,0.00,0.00,0,0,0.00,0.00,0.00,0,0,0.00,0.00,0,0
1432853077,s0-eth1,187560.00,0.00,187560.00,0,18756,180.00,0.00,180.00,0,18,0.00,0.00,0,0
1432853077,s0-eth2,0.00,0.00,0.00,0,0,0.00,0.00,0.00,0,0,0.00,0.00,0,0
1432853077,s0-eth3,0.00,0.00,0.00,0,0,0.00,0.00,0.00,0,0,0.00,0.00,0,0
1432853077,total,375120.00,187560.00,562680.00,18756,37512,360.00,180.00,540.00,18,36,0.00,0.00,0,0
1432853077,s1-eth1,0.00,41680.00,41680.00,4168,0,0.00,40.00,40.00,4,0,0.00,0.00,0,0
1432853077,s1-eth2,0.00,0.00,0.00,0,0,0.00,0.00,0.00,0,0,0.00,0.00,0,0
1432853077,s1-eth3,41680.00,0.00,41680.00,0,4168,40.00,0.00,40.00,0,4,0.00,0.00,0,0
1432853077,s0,0.00,0.00,0.00,0,0,0.00,0.00,0.00,0,0,0.00,0.00,0,0
1432853077,eth0,0.00,0.00,0.00,0,0,0.00,0.00,0.00,0,0,0.00,0.00,0,0
1432853077,lo,0.00,0.00,0.00,0,0,0.00,0.00,0.00,0,0,0.00,0.00,0,0
1432853077,s1,0.00,0.00,0.00,0,0,0.00,0.00,0.00,0,0,0.00,0.00,0,0
1432853077,s0-eth1,41680.00,0.00,41680.00,0,4168,40.00,0.00,40.00,0,4,0.00,0.00,0,0
1432853077,s0-eth2,0.00,0.00,0.00,0,0,0.00,0.00,0.00,0,0,0.00,0.00,0,0
1432853077,s0-eth3,0.00,0.00,0.00,0,0,0.00,0.00,0.00,0,0,0.00,0.00,0,0
1432853077,total,83360.00,41680.00,125040.00,4168,8336,80.00,40.00,120.00,4,8,0.00,0.00,0,0
1432853077,s1-eth1,0.00,0.00,0.00,0,0,0.00,0.00,0.00,0,0,0.00,0.00,0,0
1432853077,s1-eth2,0.00,0.00,0.00,0,0,0.00,0.00,0.00,0,0,0.00,0.00,0,0
1432853077,s1-eth3,0.00,0.00,0.00,0,0,0.00,0.00,0.00,0,0,0.00,0.00,0,0
1432853077,s0,0.00,0.00,0.00,0,0,0.00,0.00,0.00,0,0,0.00,0.00,0,0
1432853077,eth0,0.00,0.00,0.00,0,0,0.00,0.00,0.00,0,0,0.00,0.00,0,0
1432853077,lo,0.00,0.00,0.00,0,0,0.00,0.00,0.00,0,0,0.00,0.00,0,0
1432853077,s1,0.00,0.00,0.00,0,0,0.00,0.00,0.00,0,0,0.00,0.00,0,0
1432853077,s0-eth1,0.00,0.00,0.00,0,0,0.00,0.00,0.00,0,0,0.00,0.00,0,0
1432853077,s0-eth2,0.00,0.00,0.00,0,0,0.00,0.00,0.00,0,0,0.00,0.00,0,0
1432853077,s0-eth3,0.00,0.00,0.00,0,0,0.00,0.00,0.00,0,0,0.00,0.00,0,0
1432853077,total,0.00,0.00,0.00,0,0,0.00,0.00,0.00,0,0,0.00,0.00,0,0
1432853077,s1-eth1,0.00,0.00,0.00,0,0,0.00,0.00,0.00,0,0,0.00,0.00,0,0
1432853077,s1-eth2,0.00,0.00,0.00,0,0,0.00,0.00,0.00,0,0,0.00,0.00,0,0
1432853077,s1-eth3,0.00,0.00,0.00,0,0,0.00,0.00,0.00,0,0,0.00,0.00,0,0
1432853077,s0,0.00,0.00,0.00,0,0,0.00,0.00,0.00,0,0,0.00,0.00,0,0
1432853077,eth0,0.00,0.00,0.00,0,0,0.00,0.00,0.00,0,0,0.00,0.00,0,0
1432853077,lo,0.00,0.00,0.00,0,0,0.00,0.00,0.00,0,0,0.00,0.00,0,0
1432853077,s1,0.00,0.00,0.00,0,0,0.00,0.00,0.00,0,0,0.00,0.00,0,0
1432853077,s0-eth1,0.00,0.00,0.00,0,0,0.00,0.00,0.00,0,0,0.00,0.00,0,0
1432853077,s0-eth2,0.00,0.00,0.00,0,0,0.00,0.00,0.00,0,0,0.00,0.00,0,0
1432853077,s0-eth3,0.00,0.00,0.00,0,0,0.00,0.00,0.00,0,0,0.00,0.00,0,0
1432853077,total,0.00,0.00,0.00,0,0,0.00,0.00,0.00,0,0,0.00,0.00,0,0
1432853078,s1-eth1,0.00,0.00,0.00,0,0,0.00,0.00,0.00,0,0,0.00,0.00,0,0
1432853078,s1-eth2,0.00,0.00,0.00,0,0,0.00,0.00,0.00,0,0,0.00,0.00,0,0
1432853078,s1-eth3,0.00,0.00,0.00,0,0,0.00,0.00,0.00,0,0,0.00,0.00,0,0
1432853078,s0,0.00,0.00,0.00,0,0,0.00,0.00,0.00,0,0,0.00,0.00,0,0
1432853078,eth0,0.00,0.00,0.00,0,0,0.00,0.00,0.00,0,0,0.00,0.00,0,0
1432853078,lo,0.00,0.00,0.00,0,0,0.00,0.00,0.00,0,0,0.00,0.00,0,0
1432853078,s1,0.00,0.00,0.00,0,0,0.00,0.00,0.00,0,0,0.00,0.00,0,0
1432853078,s0-eth1,0.00,0.00,0.00,0,0,0.00,0.00,0.00,0,0,0.00,0.00,0,0
1432853078,s0-eth2,0.00,0.00,0.00,0,0,0.00,0.00,0.00,0,0,0.00,0.00,0,0
1432853078,s0-eth3,0.00,0.00,0.00,0,0,0.00,0.00,0.00,0,0,0.00,0.00,0,0
1432853078,total,0.00,0.00,0.00,0,0,0.00,0.00,0.00,0,0,0.00,0.00,0,0
1432853078,s1-eth1,0.00,145880.00,145880.00,14588,0,0.00,140.00,140.00,14,0,0.00,0.00,0,0
1432853078,s1-eth2,0.00,0.00,0.00,0,0,0.00,0.00,0.00,0,0,0.00,0.00,0,0
1432853078,s1-eth3,135460.00,0.00,135460.00,0,13546,130.00,0.00,130.00,0,13,0.00,0.00,0,0
1432853078,s0,0.00,0.00,0.00,0,0,0.00,0.00,0.00,0,0,0.00,0.00,0,0
1432853078,eth0,0.00,0.00,0.00,0,0,0.00,0.00,0.00,0,0,0.00,0.00,0,0
1432853078,lo,0.00,0.00,0.00,0,0,0.00,0.00,0.00,0,0,0.00,0.00,0,0
1432853078,s1,0.00,0.00,0.00,0,0,0.00,0.00,0.00,0,0,0.00,0.00,0,0
1432853078,s0-eth1,145880.00,0.00,145880.00,0,14588,140.00,0.00,140.00,0,14,0.00,0.00,0,0
1432853078,s0-eth2,0.00,0.00,0.00,0,0,0.00,0.00,0.00,0,0,0.00,0.00,0,0
1432853078,s0-eth3,0.00,1271240.00,1271240.00,127124,0,0.00,1220.00,1220.00,122,0,0.00,0.00,0,0
1432853078,total,281340.00,1417120.00,1698460.00,141712,28134,270.00,1360.00,1630.00,136,27,0.00,0.00,0,0
1432853078,s1-eth1,0.00,187560.00,187560.00,18756,0,0.00,180.00,180.00,18,0,0.00,0.00,0,0
1432853078,s1-eth2,0.00,0.00,0.00,0,0,0.00,0.00,0.00,0,0,0.00,0.00,0,0
1432853078,s1-eth3,187560.00,0.00,187560.00,0,18756,180.00,0.00,180.00,0,18,0.00,0.00,0,0
1432853078,s0,0.00,0.00,0.00,0,0,0.00,0.00,0.00,0,0,0.00,0.00,0,0
1432853078,eth0,0.00,0.00,0.00,0,0,0.00,0.00,0.00,0,0,0.00,0.00,0,0
1432853078,lo,0.00,0.00,0.00,0,0,0.00,0.00,0.00,0,0,0.00,0.00,0,0
1432853078,s1,0.00,0.00,0.00,0,0,0.00,0.00,0.00,0,0,0.00,0.00,0,0
1432853078,s0-eth1,187560.00,0.00,187560.00,0,18756,180.00,0.00,180.00,0,18,0.00,0.00,0,0
1432853078,s0-eth2,0.00,0.00,0.00,0,0,0.00,0.00,0.00,0,0,0.00,0.00,0,0
1432853078,s0-eth3,0.00,1875600.00,1875600.00,187560,0,0.00,1800.00,1800.00,180,0,0.00,0.00,0,0
1432853078,total,375120.00,2063160.00,2438280.00,206316,37512,360.00,1980.00,2340.00,198,36,0.00,0.00,0,0
1432853078,s1-eth1,0.00,187560.00,187560.00,18756,0,0.00,180.00,180.00,18,0,0.00,0.00,0,0
1432853078,s1-eth2,0.00,0.00,0.00,0,0,0.00,0.00,0.00,0,0,0.00,0.00,0,0
1432853078,s1-eth3,187560.00,0.00,187560.00,0,18756,180.00,0.00,180.00,0,18,0.00,0.00,0,0
1432853078,s0,0.00,0.00,0.00,0,0,0.00,0.00,0.00,0,0,0.00,0.00,0,0
1432853078,eth0,0.00,0.00,0.00,0,0,0.00,0.00,0.00,0,0,0.00,0.00,0,0
1432853078,lo,0.00,0.00,0.00,0,0,0.00,0.00,0.00,0,0,0.00,0.00,0,0
1432853078,s1,0.00,0.00,0.00,0,0,0.00,0.00,0.00,0,0,0.00,0.00,0,0
1432853078,s0-eth1,187560.00,0.00,187560.00,0,18756,180.00,0.00,180.00,0,18,0.00,0.00,0,0
1432853078,s0-eth2,0.00,0.00,0.00,0,0,0.00,0.00,0.00,0,0,0.00,0.00,0,0
1432853078,s0-eth3,0.00,1875600.00,1875600.00,187560,0,0.00,1800.00,1800.00,180,0,0.00,0.00,0,0
1432853078,total,375120.00,2063160.00,2438280.00,206316,37512,360.00,1980.00,2340.00,198,36,0.00,0.00,0,0
1432853078,s1-eth1,0.00,187560.00,187560.00,18756,0,0.00,180.00,180.00,18,0,0.00,0.00,0,0
1432853078,s1-eth2,0.00,0.00,0.00,0,0,0.00,0.00,0.00,0,0,0.00,0.00,0,0
1432853078,s1-eth3,187560.00,0.00,187560.00,0,18756,180.00,0.00,180.00,0,18,0.00,0.00,0,0
1432853078,s0,0.00,0.00,0.00,0,0,0.00,0.00,0.00,0,0,0.00,0.00,0,0
1432853078,eth0,0.00,0.00,0.00,0,0,0.00,0.00,0.00,0,0,0.00,0.00,0,0
1432853078,lo,0.00,0.00,0.00,0,0,0.00,0.00,0.00,0,0,0.00,0.00,0,0
1432853078,s1,0.00,0.00,0.00,0,0,0.00,0.00,0.00,0,0,0.00,0.00,0,0
1432853078,s0-eth1,187560.00,0.00,187560.00,0,18756,180.00,0.00,180.00,0,18,0.00,0.00,0,0
1432853078,s0-eth2,0.00,0.00,0.00,0,0,0.00,0.00,0.00,0,0,0.00,0.00,0,0
1432853078,s0-eth3,0.00,1886020.00,1886020.00,188602,0,0.00,1810.00,1810.00,181,0,0.00,0.00,0,0
1432853078,total,375120.00,2073580.00,2448700.00,207358,37512,360.00,1990.00,2350.00,199,36,0.00,0.00,0,0
1432853078,s1-eth1,0.00,187560.00,187560.00,18756,0,0.00,180.00,180.00,18,0,0.00,0.00,0,0
1432853078,s1-eth2,0.00,0.00,0.00,0,0,0.00,0.00,0.00,0,0,0.00,0.00,0,0
1432853078,s1-eth3,187560.00,0.00,187560.00,0,18756,180.00,0.00,180.00,0,18,0.00,0.00,0,0
1432853078,s0,0.00,0.00,0.00,0,0,0.00,0.00,0.00,0,0,0.00,0.00,0,0
1432853078,eth0,0.00,0.00,0.00,0,0,0.00,0.00,0.00,0,0,0.00,0.00,0,0
1432853078,lo,0.00,0.00,0.00,0,0,0.00,0.00,0.00,0,0,0.00,0.00,0,0
1432853078,s1,0.00,0.00,0.00,0,0,0.00,0.00,0.00,0,0,0.00,0.00,0,0
1432853078,s0-eth1,187560.00,0.00,187560.00,0,18756,180.00,0.00,180.00,0,18,0.00,0.00,0,0
1432853078,s0-eth2,0.00,0.00,0.00,0,0,0.00,0.00,0.00,0,0,0.00,0.00,0,0
1432853078,s0-eth3,0.00,1875600.00,1875600.00,187560,0,0.00,1800.00,1800.00,180,0,0.00,0.00,0,0
1432853078,total,375120.00,2063160.00,2438280.00,206316,37512,360.00,1980.00,2340.00,198,36,0.00,0.00,0,0
1432853078,s1-eth1,0.00,187560.00,187560.00,18756,0,0.00,180.00,180.00,18,0,0.00,0.00,0,0
1432853078,s1-eth2,0.00,0.00,0.00,0,0,0.00,0.00,0.00,0,0,0.00,0.00,0,0
1432853078,s1-eth3,187560.00,0.00,187560.00,0,18756,180.00,0.00,180.00,0,18,0.00,0.00,0,0
1432853078,s0,0.00,0.00,0.00,0,0,0.00,0.00,0.00,0,0,0.00,0.00,0,0
1432853078,eth0,0.00,0.00,0.00,0,0,0.00,0.00,0.00,0,0,0.00,0.00,0,0
1432853078,lo,0.00,0.00,0.00,0,0,0.00,0.00,0.00,0,0,0.00,0.00,0,0
1432853078,s1,0.00,0.00,0.00,0,0,0.00,0.00,0.00,0,0,0.00,0.00,0,0
1432853078,s0-eth1,187560.00,0.00,187560.00,0,18756,180.00,0.00,180.00,0,18,0.00,0.00,0,0
1432853078,s0-eth2,0.00,0.00,0.00,0,0,0.00,0.00,0.00,0,0,0.00,0.00,0,0
1432853078,s0-eth3,0.00,1886020.00,1886020.00,188602,0,0.00,1810.00,1810.00,181,0,0.00,0.00,0,0
1432853078,total,375120.00,2073580.00,2448700.00,207358,37512,360.00,1990.00,2350.00,199,36,0.00,0.00,0,0
1432853078,s1-eth1,0.00,187560.00,187560.00,18756,0,0.00,180.00,180.00,18,0,0.00,0.00,0,0
1432853078,s1-eth2,0.00,0.00,0.00,0,0,0.00,0.00,0.00,0,0,0.00,0.00,0,0
1432853078,s1-eth3,197980.00,0.00,197980.00,0,19798,190.00,0.00,190.00,0,19,0.00,0.00,0,0
1432853078,s0,0.00,0.00,0.00,0,0,0.00,0.00,0.00,0,0,0.00,0.00,0,0
1432853078,eth0,0.00,0.00,0.00,0,0,0.00,0.00,0.00,0,0,0.00,0.00,0,0
1432853078,lo,0.00,0.00,0.00,0,0,0.00,0.00,0.00,0,0,0.00,0.00,0,0
1432853078,s1,0.00,0.00,0.00,0,0,0.00,0.00,0.00,0,0,0.00,0.00,0,0
1432853078,s0-eth1,187560.00,0.00,187560.00,0,18756,180.00,0.00,180.00,0,18,0.00,0.00,0,0
1432853078,s0-eth2,0.00,0.00,0.00,0,0,0.00,0.00,0.00,0,0,0.00,0.00,0,0
1432853078,s0-eth3,0.00,292180.00,292180.00,29218,0,0.00,290.00,290.00,29,0,0.00,0.00,0,0
1432853078,total,385540.00,479740.00,865280.00,47974,38554,370.00,470.00,840.00,47,37,0.00,0.00,0,0
1432853078,s1-eth1,0.00,93780.00,93780.00,9378,0,0.00,90.00,90.00,9,0,0.00,0.00,0,0
1432853078,s1-eth2,0.00,0.00,0.00,0,0,0.00,0.00,0.00,0,0,0.00,0.00,0,0
1432853078,s1-eth3,93780.00,0.00,93780.00,0,9378,90.00,0.00,90.00,0,9,0.00,0.00,0,0
1432853078,s0,0.00,0.00,0.00,0,0,0.00,0.00,0.00,0,0,0.00,0.00,0,0
1432853078,eth0,0.00,0.00,0.00,0,0,0.00,0.00,0.00,0,0,0.00,0.00,0,0
1432853078,lo,0.00,0.00,0.00,0,0,0.00,0.00,0.00,0,0,0.00,0.00,0,0
1432853078,s1,0.00,0.00,0.00,0,0,0.00,0.00,0.00,0,0,0.00,0.00,0,0
1432853078,s0-eth1,93780.00,0.00,93780.00,0,9378,90.00,0.00,90.00,0,9,0.00,0.00,0,0
1432853078,s0-eth2,0.00,0.00,0.00,0,0,0.00,0.00,0.00,0,0,0.00,0.00,0,0
1432853078,s0-eth3,0.00,0.00,0.00,0,0,0.00,0.00,0.00,0,0,0.00,0.00,0,0
1432853078,total,187560.00,93780.00,281340.00,9378,18756,180.00,90.00,270.00,9,18,0.00,0.00,0,0
1432853078,s1-eth1,0.00,0.00,0.00,0,0,0.00,0.00,0.00,0,0,0.00,0.00,0,0
1432853078,s1-eth2,0.00,0.00,0.00,0,0,0.00,0.00,0.00,0,0,0.00,0.00,0,0
1432853078,s1-eth3,0.00,0.00,0.00,0,0,0.00,0.00,0.00,0,0,0.00,0.00,0,0
1432853078,s0,0.00,0.00,0.00,0,0,0.00,0.00,0.00,0,0,0.00,0.00,0,0
1432853078,eth0,0.00,0.00,0.00,0,0,0.00,0.00,0.00,0,0,0.00,0.00,0,0
1432853078,lo,0.00,0.00,0.00,0,0,0.00,0.00,0.00,0,0,0.00,0.00,0,0
1432853078,s1,0.00,0.00,0.00,0,0,0.00,0.00,0.00,0,0,0.00,0.00,0,0
1432853078,s0-eth1,0.00,0.00,0.00,0,0,0.00,0.00,0.00,0,0,0.00,0.00,0,0
1432853078,s0-eth2,0.00,0.00,0.00,0,0,0.00,0.00,0.00,0,0,0.00,0.00,0,0
1432853078,s0-eth3,0.00,0.00,0.00,0,0,0.00,0.00,0.00,0,0,0.00,0.00,0,0
1432853078,total,0.00,0.00,0.00,0,0,0.00,0.00,0.00,0,0,0.00,0.00,0,0
1432853079,s1-eth1,0.00,0.00,0.00,0,0,0.00,0.00,0.00,0,0,0.00,0.00,0,0
1432853079,s1-eth2,0.00,0.00,0.00,0,0,0.00,0.00,0.00,0,0,0.00,0.00,0,0
1432853079,s1-eth3,0.00,0.00,0.00,0,0,0.00,0.00,0.00,0,0,0.00,0.00,0,0
1432853079,s0,0.00,0.00,0.00,0,0,0.00,0.00,0.00,0,0,0.00,0.00,0,0
1432853079,eth0,0.00,0.00,0.00,0,0,0.00,0.00,0.00,0,0,0.00,0.00,0,0
1432853079,lo,0.00,0.00,0.00,0,0,0.00,0.00,0.00,0,0,0.00,0.00,0,0
1432853079,s1,0.00,0.00,0.00,0,0,0.00,0.00,0.00,0,0,0.00,0.00,0,0
1432853079,s0-eth1,0.00,0.00,0.00,0,0,0.00,0.00,0.00,0,0,0.00,0.00,0,0
1432853079,s0-eth2,0.00,0.00,0.00,0,0,0.00,0.00,0.00,0,0,0.00,0.00,0,0
1432853079,s0-eth3,0.00,0.00,0.00,0,0,0.00,0.00,0.00,0,0,0.00,0.00,0,0
1432853079,total,0.00,0.00,0.00,0,0,0.00,0.00,0.00,0,0,0.00,0.00,0,0
1432853079,s1-eth1,0.00,0.00,0.00,0,0,0.00,0.00,0.00,0,0,0.00,0.00,0,0
1432853079,s1-eth2,0.00,0.00,0.00,0,0,0.00,0.00,0.00,0,0,0.00,0.00,0,0
1432853079,s1-eth3,0.00,0.00,0.00,0,0,0.00,0.00,0.00,0,0,0.00,0.00,0,0
1432853079,s0,0.00,0.00,0.00,0,0,0.00,0.00,0.00,0,0,0.00,0.00,0,0
1432853079,eth0,0.00,0.00,0.00,0,0,0.00,0.00,0.00,0,0,0.00,0.00,0,0
1432853079,lo,0.00,0.00,0.00,0,0,0.00,0.00,0.00,0,0,0.00,0.00,0,0
1432853079,s1,0.00,0.00,0.00,0,0,0.00,0.00,0.00,0,0,0.00,0.00,0,0
1432853079,s0-eth1,0.00,0.00,0.00,0,0,0.00,0.00,0.00,0,0,0.00,0.00,0,0
1432853079,s0-eth2,0.00,0.00,0.00,0,0,0.00,0.00,0.00,0,0,0.00,0.00,0,0
1432853079,s0-eth3,0.00,0.00,0.00,0,0,0.00,0.00,0.00,0,0,0.00,0.00,0,0
1432853079,total,0.00,0.00,0.00,0,0,0.00,0.00,0.00,0,0,0.00,0.00,0,0
1432853079,s1-eth1,0.00,93780.00,93780.00,9378,0,0.00,90.00,90.00,9,0,0.00,0.00,0,0
1432853079,s1-eth2,0.00,0.00,0.00,0,0,0.00,0.00,0.00,0,0,0.00,0.00,0,0
1432853079,s1-eth3,83360.00,0.00,83360.00,0,8336,80.00,0.00,80.00,0,8,0.00,0.00,0,0
1432853079,s0,0.00,0.00,0.00,0,0,0.00,0.00,0.00,0,0,0.00,0.00,0,0
1432853079,eth0,0.00,0.00,0.00,0,0,0.00,0.00,0.00,0,0,0.00,0.00,0,0
1432853079,lo,3440.00,3440.00,6880.00,344,344,60.00,60.00,120.00,6,6,0.00,0.00,0,0
1432853079,s1,0.00,0.00,0.00,0,0,0.00,0.00,0.00,0,0,0.00,0.00,0,0
1432853079,s0-eth1,93780.00,0.00,93780.00,0,9378,90.00,0.00,90.00,0,9,0.00,0.00,0,0
1432853079,s0-eth2,0.00,0.00,0.00,0,0,0.00,0.00,0.00,0,0,0.00,0.00,0,0
1432853079,s0-eth3,0.00,739820.00,739820.00,73982,0,0.00,710.00,710.00,71,0,0.00,0.00,0,0
1432853079,total,180580.00,837040.00,1017620.00,83704,18058,230.00,860.00,1090.00,86,23,0.00,0.00,0,0
1432853079,s1-eth1,0.00,187560.00,187560.00,18756,0,0.00,180.00,180.00,18,0,0.00,0.00,0,0
1432853079,s1-eth2,0.00,0.00,0.00,0,0,0.00,0.00,0.00,0,0,0.00,0.00,0,0
1432853079,s1-eth3,187560.00,0.00,187560.00,0,18756,180.00,0.00,180.00,0,18,0.00,0.00,0,0
1432853079,s0,0.00,0.00,0.00,0,0,0.00,0.00,0.00,0,0,0.00,0.00,0,0
1432853079,eth0,0.00,0.00,0.00,0,0,0.00,0.00,0.00,0,0,0.00,0.00,0,0
1432853079,lo,0.00,0.00,0.00,0,0,0.00,0.00,0.00,0,0,0.00,0.00,0,0
1432853079,s1,0.00,0.00,0.00,0,0,0.00,0.00,0.00,0,0,0.00,0.00,0,0
1432853079,s0-eth1,187560.00,0.00,187560.00,0,18756,180.00,0.00,180.00,0,18,0.00,0.00,0,0
1432853079,s0-eth2,0.00,0.00,0.00,0,0,0.00,0.00,0.00,0,0,0.00,0.00,0,0
1432853079,s0-eth3,0.00,1886020.00,1886020.00,188602,0,0.00,1810.00,1810.00,181,0,0.00,0.00,0,0
1432853079,total,375120.00,2073580.00,2448700.00,207358,37512,360.00,1990.00,2350.00,199,36,0.00,0.00,0,0
1432853079,s1-eth1,0.00,187560.00,187560.00,18756,0,0.00,180.00,180.00,18,0,0.00,0.00,0,0
1432853079,s1-eth2,0.00,0.00,0.00,0,0,0.00,0.00,0.00,0,0,0.00,0.00,0,0
1432853079,s1-eth3,187560.00,0.00,187560.00,0,18756,180.00,0.00,180.00,0,18,0.00,0.00,0,0
1432853079,s0,0.00,0.00,0.00,0,0,0.00,0.00,0.00,0,0,0.00,0.00,0,0
1432853079,eth0,0.00,0.00,0.00,0,0,0.00,0.00,0.00,0,0,0.00,0.00,0,0
1432853079,lo,0.00,0.00,0.00,0,0,0.00,0.00,0.00,0,0,0.00,0.00,0,0
1432853079,s1,0.00,0.00,0.00,0,0,0.00,0.00,0.00,0,0,0.00,0.00,0,0
1432853079,s0-eth1,187560.00,0.00,187560.00,0,18756,180.00,0.00,180.00,0,18,0.00,0.00,0,0
1432853079,s0-eth2,0.00,0.00,0.00,0,0,0.00,0.00,0.00,0,0,0.00,0.00,0,0
1432853079,s0-eth3,0.00,1886020.00,1886020.00,188602,0,0.00,1810.00,1810.00,181,0,0.00,0.00,0,0
1432853079,total,375120.00,2073580.00,2448700.00,207358,37512,360.00,1990.00,2350.00,199,36,0.00,0.00,0,0
1432853079,s1-eth1,0.00,187560.00,187560.00,18756,0,0.00,180.00,180.00,18,0,0.00,0.00,0,0
1432853079,s1-eth2,0.00,0.00,0.00,0,0,0.00,0.00,0.00,0,0,0.00,0.00,0,0
1432853079,s1-eth3,187560.00,0.00,187560.00,0,18756,180.00,0.00,180.00,0,18,0.00,0.00,0,0
1432853079,s0,0.00,0.00,0.00,0,0,0.00,0.00,0.00,0,0,0.00,0.00,0,0
1432853079,eth0,0.00,0.00,0.00,0,0,0.00,0.00,0.00,0,0,0.00,0.00,0,0
1432853079,lo,0.00,0.00,0.00,0,0,0.00,0.00,0.00,0,0,0.00,0.00,0,0
1432853079,s1,0.00,0.00,0.00,0,0,0.00,0.00,0.00,0,0,0.00,0.00,0,0
1432853079,s0-eth1,187560.00,0.00,187560.00,0,18756,180.00,0.00,180.00,0,18,0.00,0.00,0,0
1432853079,s0-eth2,0.00,0.00,0.00,0,0,0.00,0.00,0.00,0,0,0.00,0.00,0,0
1432853079,s0-eth3,0.00,1875600.00,1875600.00,187560,0,0.00,1800.00,1800.00,180,0,0.00,0.00,0,0
1432853079,total,375120.00,2063160.00,2438280.00,206316,37512,360.00,1980.00,2340.00,198,36,0.00,0.00,0,0
1432853079,s1-eth1,0.00,187560.00,187560.00,18756,0,0.00,180.00,180.00,18,0,0.00,0.00,0,0
1432853079,s1-eth2,0.00,0.00,0.00,0,0,0.00,0.00,0.00,0,0,0.00,0.00,0,0
1432853079,s0,0.00,0.00,0.00,0,0,0.00,0.00,0.00,0,0,0.00,0.00,0,0
1432853079,eth0,6920.00,1320.00,8240.00,132,692,60.00,20.00,80.00,2,6,0.00,0.00,0,0
1432853079,lo,3120.00,3120.00,6240.00,312,312,60.00,60.00,120.00,6,6,0.00,0.00,0,0
1432853079,s1,0.00,0.00,0.00,0,0,0.00,0.00,0.00,0,0,0.00,0.00,0,0
1432853079,s0-eth1,187560.00,0.00,187560.00,0,18756,180.00,0.00,180.00,0,18,0.00,0.00,0,0
1432853079,s0-eth2,0.00,0.00,0.00,0,0,0.00,0.00,0.00,0,0,0.00,0.00,0,0
1432853079,total,184467440737095516160.00,184467440737095516160.00,184467440737095516160.00,18446744073670562611,18446744073704720319,184467440737095483392.00,184467440737095155712.00,184467440737095090176.00,18446744073709514167,18446744073709546869,0.00,0.00,0,0
1432853079,eth0,4400.00,4620.00,9020.00,462,440,40.00,70.00,110.00,7,4,0.00,0.00,0,0
1432853079,lo,0.00,0.00,0.00,0,0,0.00,0.00,0.00,0,0,0.00,0.00,0,0
1432853079,s1,0.00,0.00,0.00,0,0,0.00,0.00,0.00,0,0,0.00,0.00,0,0
1432853079,total,184467440737095516160.00,184467440737095516160.00,184467440737095516160.00,18446744073704677693,18446744073704673765,184467440737095483392.00,184467440737095483392.00,184467440737095417856.00,18446744073709546778,18446744073709546726,0.00,0.00,0,0
1432853079,eth0,5900.00,3960.00,9860.00,396,590,50.00,60.00,110.00,6,5,0.00,0.00,0,0
1432853079,lo,0.00,0.00,0.00,0,0,0.00,0.00,0.00,0,0,0.00,0.00,0,0
1432853079,total,184467440737095516160.00,184467440737095516160.00,184467440737095516160.00,18446744073709548591,18446744073709551557,184467440737095516160.00,184467440737095516160.00,184467440737095516160.00,18446744073709551575,18446744073709551612,0.00,0.00,0,0
1432853079,eth0,0.00,0.00,0.00,0,0,0.00,0.00,0.00,0,0,0.00,0.00,0,0
1432853079,lo,0.00,0.00,0.00,0,0,0.00,0.00,0.00,0,0,0.00,0.00,0,0
1432853079,total,0.00,0.00,0.00,0,0,0.00,0.00,0.00,0,0,0.00,0.00,0,0
1432853080,eth0,0.00,0.00,0.00,0,0,0.00,0.00,0.00,0,0,0.00,0.00,0,0
1432853080,lo,0.00,0.00,0.00,0,0,0.00,0.00,0.00,0,0,0.00,0.00,0,0
1432853080,total,0.00,0.00,0.00,0,0,0.00,0.00,0.00,0,0,0.00,0.00,0,0
1432853080,eth0,0.00,0.00,0.00,0,0,0.00,0.00,0.00,0,0,0.00,0.00,0,0
1432853080,lo,0.00,0.00,0.00,0,0,0.00,0.00,0.00,0,0,0.00,0.00,0,0
1432853080,total,0.00,0.00,0.00,0,0,0.00,0.00,0.00,0,0,0.00,0.00,0,0
1432853080,eth0,0.00,0.00,0.00,0,0,0.00,0.00,0.00,0,0,0.00,0.00,0,0
1432853080,lo,0.00,0.00,0.00,0,0,0.00,0.00,0.00,0,0,0.00,0.00,0,0
1432853080,total,0.00,0.00,0.00,0,0,0.00,0.00,0.00,0,0,0.00,0.00,0,0
1432853080,eth0,0.00,0.00,0.00,0,0,0.00,0.00,0.00,0,0,0.00,0.00,0,0
1432853080,lo,0.00,0.00,0.00,0,0,0.00,0.00,0.00,0,0,0.00,0.00,0,0
1432853080,total,0.00,0.00,0.00,0,0,0.00,0.00,0.00,0,0,0.00,0.00,0,0
1432853080,eth0,0.00,0.00,0.00,0,0,0.00,0.00,0.00,0,0,0.00,0.00,0,0
1432853080,lo,0.00,0.00,0.00,0,0,0.00,0.00,0.00,0,0,0.00,0.00,0,0
1432853080,total,0.00,0.00,0.00,0,0,0.00,0.00,0.00,0,0,0.00,0.00,0,0
1432853080,eth0,0.00,0.00,0.00,0,0,0.00,0.00,0.00,0,0,0.00,0.00,0,0
1432853080,lo,0.00,0.00,0.00,0,0,0.00,0.00,0.00,0,0,0.00,0.00,0,0
1432853080,total,0.00,0.00,0.00,0,0,0.00,0.00,0.00,0,0,0.00,0.00,0,0
1432853080,eth0,0.00,0.00,0.00,0,0,0.00,0.00,0.00,0,0,0.00,0.00,0,0
1432853080,lo,0.00,0.00,0.00,0,0,0.00,0.00,0.00,0,0,0.00,0.00,0,0
1432853080,total,0.00,0.00,0.00,0,0,0.00,0.00,0.00,0,0,0.00,0.00,0,0
1432853080,eth0,0.00,0.00,0.00,0,0,0.00,0.00,0.00,0,0,0.00,0.00,0,0
1432853080,lo,0.00,0.00,0.00,0,0,0.00,0.00,0.00,0,0,0.00,0.00,0,0
1432853080,total,0.00,0.00,0.00,0,0,0.00,0.00,0.00,0,0,0.00,0.00,0,0
1432853080,eth0,0.00,0.00,0.00,0,0,0.00,0.00,0.00,0,0,0.00,0.00,0,0
1432853080,lo,0.00,0.00,0.00,0,0,0.00,0.00,0.00,0,0,0.00,0.00,0,0
1432853080,total,0.00,0.00,0.00,0,0,0.00,0.00,0.00,0,0,0.00,0.00,0,0
1432853080,eth0,0.00,0.00,0.00,0,0,0.00,0.00,0.00,0,0,0.00,0.00,0,0
1432853080,lo,0.00,0.00,0.00,0,0,0.00,0.00,0.00,0,0,0.00,0.00,0,0
1432853080,total,0.00,0.00,0.00,0,0,0.00,0.00,0.00,0,0,0.00,0.00,0,0
1432853081,eth0,0.00,0.00,0.00,0,0,0.00,0.00,0.00,0,0,0.00,0.00,0,0
1432853081,lo,0.00,0.00,0.00,0,0,0.00,0.00,0.00,0,0,0.00,0.00,0,0
1432853081,total,0.00,0.00,0.00,0,0,0.00,0.00,0.00,0,0,0.00,0.00,0,0
1432853081,eth0,0.00,0.00,0.00,0,0,0.00,0.00,0.00,0,0,0.00,0.00,0,0
1432853081,lo,0.00,0.00,0.00,0,0,0.00,0.00,0.00,0,0,0.00,0.00,0,0
1432853081,total,0.00,0.00,0.00,0,0,0.00,0.00,0.00,0,0,0.00,0.00,0,0
1432853081,eth0,0.00,0.00,0.00,0,0,0.00,0.00,0.00,0,0,0.00,0.00,0,0
1432853081,lo,0.00,0.00,0.00,0,0,0.00,0.00,0.00,0,0,0.00,0.00,0,0
1432853081,total,0.00,0.00,0.00,0,0,0.00,0.00,0.00,0,0,0.00,0.00,0,0
1432853081,eth0,0.00,0.00,0.00,0,0,0.00,0.00,0.00,0,0,0.00,0.00,0,0
1432853081,lo,0.00,0.00,0.00,0,0,0.00,0.00,0.00,0,0,0.00,0.00,0,0
1432853081,total,0.00,0.00,0.00,0,0,0.00,0.00,0.00,0,0,0.00,0.00,0,0
1432853081,eth0,0.00,0.00,0.00,0,0,0.00,0.00,0.00,0,0,0.00,0.00,0,0
1432853081,lo,0.00,0.00,0.00,0,0,0.00,0.00,0.00,0,0,0.00,0.00,0,0
1432853081,total,0.00,0.00,0.00,0,0,0.00,0.00,0.00,0,0,0.00,0.00,0,0
1432853081,eth0,0.00,0.00,0.00,0,0,0.00,0.00,0.00,0,0,0.00,0.00,0,0
1432853081,lo,0.00,0.00,0.00,0,0,0.00,0.00,0.00,0,0,0.00,0.00,0,0
1432853081,total,0.00,0.00,0.00,0,0,0.00,0.00,0.00,0,0,0.00,0.00,0,0
1432853081,eth0,0.00,0.00,0.00,0,0,0.00,0.00,0.00,0,0,0.00,0.00,0,0
1432853081,lo,0.00,0.00,0.00,0,0,0.00,0.00,0.00,0,0,0.00,0.00,0,0
1432853081,total,0.00,0.00,0.00,0,0,0.00,0.00,0.00,0,0,0.00,0.00,0,0
1432853081,eth0,0.00,0.00,0.00,0,0,0.00,0.00,0.00,0,0,0.00,0.00,0,0
1432853081,lo,0.00,0.00,0.00,0,0,0.00,0.00,0.00,0,0,0.00,0.00,0,0
1432853081,total,0.00,0.00,0.00,0,0,0.00,0.00,0.00,0,0,0.00,0.00,0,0
1432853081,eth0,0.00,0.00,0.00,0,0,0.00,0.00,0.00,0,0,0.00,0.00,0,0
1432853081,lo,0.00,0.00,0.00,0,0,0.00,0.00,0.00,0,0,0.00,0.00,0,0
1432853081,total,0.00,0.00,0.00,0,0,0.00,0.00,0.00,0,0,0.00,0.00,0,0
1432853081,eth0,0.00,0.00,0.00,0,0,0.00,0.00,0.00,0,0,0.00,0.00,0,0
1432853081,lo,0.00,0.00,0.00,0,0,0.00,0.00,0.00,0,0,0.00,0.00,0,0
1432853081,total,0.00,0.00,0.00,0,0,0.00,0.00,0.00,0,0,0.00,0.00,0,0
1432853082,eth0,0.00,0.00,0.00,0,0,0.00,0.00,0.00,0,0,0.00,0.00,0,0
1432853082,lo,0.00,0.00,0.00,0,0,0.00,0.00,0.00,0,0,0.00,0.00,0,0
1432853082,total,0.00,0.00,0.00,0,0,0.00,0.00,0.00,0,0,0.00,0.00,0,0
1432853082,eth0,0.00,0.00,0.00,0,0,0.00,0.00,0.00,0,0,0.00,0.00,0,0
1432853082,lo,0.00,0.00,0.00,0,0,0.00,0.00,0.00,0,0,0.