1432853348,s1-eth1,0.00,0.00,0.00,0,0,0.00,0.00,0.00,0,0,0.00,0.00,0,0
1432853348,s1-eth2,0.00,0.00,0.00,0,0,0.00,0.00,0.00,0,0,0.00,0.00,0,0
1432853348,s1-eth3,0.00,0.00,0.00,0,0,0.00,0.00,0.00,0,0,0.00,0.00,0,0
1432853348,s0,0.00,0.00,0.00,0,0,0.00,0.00,0.00,0,0,0.00,0.00,0,0
1432853348,eth0,0.00,0.00,0.00,0,0,0.00,0.00,0.00,0,0,0.00,0.00,0,0
1432853348,lo,0.00,0.00,0.00,0,0,0.00,0.00,0.00,0,0,0.00,0.00,0,0
1432853348,s1,0.00,0.00,0.00,0,0,0.00,0.00,0.00,0,0,0.00,0.00,0,0
1432853348,s0-eth1,0.00,0.00,0.00,0,0,0.00,0.00,0.00,0,0,0.00,0.00,0,0
1432853348,s0-eth2,0.00,0.00,0.00,0,0,0.00,0.00,0.00,0,0,0.00,0.00,0,0
1432853348,s0-eth3,0.00,0.00,0.00,0,0,0.00,0.00,0.00,0,0,0.00,0.00,0,0
1432853348,total,0.00,0.00,0.00,0,0,0.00,0.00,0.00,0,0,0.00,0.00,0,0
1432853348,s1-eth1,0.00,187560.00,187560.00,18756,0,0.00,180.00,180.00,18,0,0.00,0.00,0,0
1432853348,s1-eth2,0.00,0.00,0.00,0,0,0.00,0.00,0.00,0,0,0.00,0.00,0,0
1432853348,s1-eth3,187560.00,0.00,187560.00,0,18756,180.00,0.00,180.00,0,18,0.00,0.00,0,0
1432853348,s0,0.00,0.00,0.00,0,0,0.00,0.00,0.00,0,0,0.00,0.00,0,0
1432853348,eth0,0.00,0.00,0.00,0,0,0.00,0.00,0.00,0,0,0.00,0.00,0,0
1432853348,lo,0.00,0.00,0.00,0,0,0.00,0.00,0.00,0,0,0.00,0.00,0,0
1432853348,s1,0.00,0.00,0.00,0,0,0.00,0.00,0.00,0,0,0.00,0.00,0,0
1432853348,s0-eth1,187560.00,0.00,187560.00,0,18756,180.00,0.00,180.00,0,18,0.00,0.00,0,0
1432853348,s0-eth2,0.00,0.00,0.00,0,0,0.00,0.00,0.00,0,0,0.00,0.00,0,0
1432853348,s0-eth3,0.00,0.00,0.00,0,0,0.00,0.00,0.00,0,0,0.00,0.00,0,0
1432853348,total,375120.00,187560.00,562680.00,18756,37512,360.00,180.00,540.00,18,36,0.00,0.00,0,0
1432853348,s1-eth1,0.00,31260.00,31260.00,3126,0,0.00,30.00,30.00,3,0,0.00,0.00,0,0
1432853348,s1-eth2,0.00,0.00,0.00,0,0,0.00,0.00,0.00,0,0,0.00,0.00,0,0
1432853348,s1-eth3,31260.00,0.00,31260.00,0,3126,30.00,0.00,30.00,0,3,0.00,0.00,0,0
1432853348,s0,0.00,0.00,0.00,0,0,0.00,0.00,0.00,0,0,0.00,0.00,0,0
1432853348,eth0,0.00,0.00,0.00,0,0,0.00,0.00,0.00,0,0,0.00,0.00,0,0
1432853348,lo,0.00,0.00,0.00,0,0,0.00,0.00,0.00,0,0,0.00,0.00,0,0
1432853348,s1,0.00,0.00,0.00,0,0,0.00,0.00,0.00,0,0,0.00,0.00,0,0
1432853348,s0-eth1,31260.00,0.00,31260.00,0,3126,30.00,0.00,30.00,0,3,0.00,0.00,0,0
1432853348,s0-eth2,0.00,0.00,0.00,0,0,0.00,0.00,0.00,0,0,0.00,0.00,0,0
1432853348,s0-eth3,0.00,0.00,0.00,0,0,0.00,0.00,0.00,0,0,0.00,0.00,0,0
1432853348,total,62520.00,31260.00,93780.00,3126,6252,60.00,30.00,90.00,3,6,0.00,0.00,0,0
1432853348,s1-eth1,0.00,0.00,0.00,0,0,0.00,0.00,0.00,0,0,0.00,0.00,0,0
1432853348,s1-eth2,0.00,0.00,0.00,0,0,0.00,0.00,0.00,0,0,0.00,0.00,0,0
1432853348,s1-eth3,0.00,0.00,0.00,0,0,0.00,0.00,0.00,0,0,0.00,0.00,0,0
1432853348,s0,0.00,0.00,0.00,0,0,0.00,0.00,0.00,0,0,0.00,0.00,0,0
1432853348,eth0,0.00,0.00,0.00,0,0,0.00,0.00,0.00,0,0,0.00,0.00,0,0
1432853348,lo,0.00,0.00,0.00,0,0,0.00,0.00,0.00,0,0,0.00,0.00,0,0
1432853348,s1,0.00,0.00,0.00,0,0,0.00,0.00,0.00,0,0,0.00,0.00,0,0
1432853348,s0-eth1,0.00,0.00,0.00,0,0,0.00,0.00,0.00,0,0,0.00,0.00,0,0
1432853348,s0-eth2,0.00,0.00,0.00,0,0,0.00,0.00,0.00,0,0,0.00,0.00,0,0
1432853348,s0-eth3,0.00,0.00,0.00,0,0,0.00,0.00,0.00,0,0,0.00,0.00,0,0
1432853348,total,0.00,0.00,0.00,0,0,0.00,0.00,0.00,0,0,0.00,0.00,0,0
1432853348,s1-eth1,0.00,0.00,0.00,0,0,0.00,0.00,0.00,0,0,0.00,0.00,0,0
1432853348,s1-eth2,0.00,0.00,0.00,0,0,0.00,0.00,0.00,0,0,0.00,0.00,0,0
1432853348,s1-eth3,0.00,0.00,0.00,0,0,0.00,0.00,0.00,0,0,0.00,0.00,0,0
1432853348,s0,0.00,0.00,0.00,0,0,0.00,0.00,0.00,0,0,0.00,0.00,0,0
1432853348,eth0,0.00,0.00,0.00,0,0,0.00,0.00,0.00,0,0,0.00,0.00,0,0
1432853348,lo,0.00,0.00,0.00,0,0,0.00,0.00,0.00,0,0,0.00,0.00,0,0
1432853348,s1,0.00,0.00,0.00,0,0,0.00,0.00,0.00,0,0,0.00,0.00,0,0
1432853348,s0-eth1,0.00,0.00,0.00,0,0,0.00,0.00,0.00,0,0,0.00,0.00,0,0
1432853348,s0-eth2,0.00,0.00,0.00,0,0,0.00,0.00,0.00,0,0,0.00,0.00,0,0
1432853348,s0-eth3,0.00,0.00,0.00,0,0,0.00,0.00,0.00,0,0,0.00,0.00,0,0
1432853348,total,0.00,0.00,0.00,0,0,0.00,0.00,0.00,0,0,0.00,0.00,0,0
1432853349,s1-eth1,0.00,0.00,0.00,0,0,0.00,0.00,0.00,0,0,0.00,0.00,0,0
1432853349,s1-eth2,0.00,0.00,0.00,0,0,0.00,0.00,0.00,0,0,0.00,0.00,0,0
1432853349,s1-eth3,0.00,0.00,0.00,0,0,0.00,0.00,0.00,0,0,0.00,0.00,0,0
1432853349,s0,0.00,0.00,0.00,0,0,0.00,0.00,0.00,0,0,0.00,0.00,0,0
1432853349,eth0,0.00,0.00,0.00,0,0,0.00,0.00,0.00,0,0,0.00,0.00,0,0
1432853349,lo,0.00,0.00,0.00,0,0,0.00,0.00,0.00,0,0,0.00,0.00,0,0
1432853349,s1,0.00,0.00,0.00,0,0,0.00,0.00,0.00,0,0,0.00,0.00,0,0
1432853349,s0-eth1,0.00,0.00,0.00,0,0,0.00,0.00,0.00,0,0,0.00,0.00,0,0
1432853349,s0-eth2,0.00,0.00,0.00,0,0,0.00,0.00,0.00,0,0,0.00,0.00,0,0
1432853349,s0-eth3,0.00,0.00,0.00,0,0,0.00,0.00,0.00,0,0,0.00,0.00,0,0
1432853349,total,0.00,0.00,0.00,0,0,0.00,0.00,0.00,0,0,0.00,0.00,0,0
1432853349,s1-eth1,0.00,0.00,0.00,0,0,0.00,0.00,0.00,0,0,0.00,0.00,0,0
1432853349,s1-eth2,0.00,0.00,0.00,0,0,0.00,0.00,0.00,0,0,0.00,0.00,0,0
1432853349,s1-eth3,0.00,0.00,0.00,0,0,0.00,0.00,0.00,0,0,0.00,0.00,0,0
1432853349,s0,0.00,0.00,0.00,0,0,0.00,0.00,0.00,0,0,0.00,0.00,0,0
1432853349,eth0,0.00,0.00,0.00,0,0,0.00,0.00,0.00,0,0,0.00,0.00,0,0
1432853349,lo,0.00,0.00,0.00,0,0,0.00,0.00,0.00,0,0,0.00,0.00,0,0
1432853349,s1,0.00,0.00,0.00,0,0,0.00,0.00,0.00,0,0,0.00,0.00,0,0
1432853349,s0-eth1,0.00,0.00,0.00,0,0,0.00,0.00,0.00,0,0,0.00,0.00,0,0
1432853349,s0-eth2,0.00,0.00,0.00,0,0,0.00,0.00,0.00,0,0,0.00,0.00,0,0
1432853349,s0-eth3,0.00,0.00,0.00,0,0,0.00,0.00,0.00,0,0,0.00,0.00,0,0
1432853349,total,0.00,0.00,0.00,0,0,0.00,0.00,0.00,0,0,0.00,0.00,0,0
1432853349,s1-eth1,0.00,0.00,0.00,0,0,0.00,0.00,0.00,0,0,0.00,0.00,0,0
1432853349,s1-eth2,0.00,0.00,0.00,0,0,0.00,0.00,0.00,0,0,0.00,0.00,0,0
1432853349,s1-eth3,0.00,0.00,0.00,0,0,0.00,0.00,0.00,0,0,0.00,0.00,0,0
1432853349,s0,0.00,0.00,0.00,0,0,0.00,0.00,0.00,0,0,0.00,0.00,0,0
1432853349,eth0,0.00,0.00,0.00,0,0,0.00,0.00,0.00,0,0,0.00,0.00,0,0
1432853349,lo,0.00,0.00,0.00,0,0,0.00,0.00,0.00,0,0,0.00,0.00,0,0
1432853349,s1,0.00,0.00,0.00,0,0,0.00,0.00,0.00,0,0,0.00,0.00,0,0
1432853349,s0-eth1,0.00,0.00,0.00,0,0,0.00,0.00,0.00,0,0,0.00,0.00,0,0
1432853349,s0-eth2,0.00,0.00,0.00,0,0,0.00,0.00,0.00,0,0,0.00,0.00,0,0
1432853349,s0-eth3,0.00,0.00,0.00,0,0,0.00,0.00,0.00,0,0,0.00,0.00,0,0
1432853349,total,0.00,0.00,0.00,0,0,0.00,0.00,0.00,0,0,0.00,0.00,0,0
1432853349,s1-eth1,0.00,0.00,0.00,0,0,0.00,0.00,0.00,0,0,0.00,0.00,0,0
1432853349,s1-eth2,0.00,0.00,0.00,0,0,0.00,0.00,0.00,0,0,0.00,0.00,0,0
1432853349,s1-eth3,0.00,0.00,0.00,0,0,0.00,0.00,0.00,0,0,0.00,0.00,0,0
1432853349,s0,0.00,0.00,0.00,0,0,0.00,0.00,0.00,0,0,0.00,0.00,0,0
1432853349,eth0,0.00,0.00,0.00,0,0,0.00,0.00,0.00,0,0,0.00,0.00,0,0
1432853349,lo,0.00,0.00,0.00,0,0,0.00,0.00,0.00,0,0,0.00,0.00,0,0
1432853349,s1,0.00,0.00,0.00,0,0,0.00,0.00,0.00,0,0,0.00,0.00,0,0
1432853349,s0-eth1,0.00,0.00,0.00,0,0,0.00,0.00,0.00,0,0,0.00,0.00,0,0
1432853349,s0-eth2,0.00,0.00,0.00,0,0,0.00,0.00,0.00,0,0,0.00,0.00,0,0
1432853349,s0-eth3,0.00,0.00,0.00,0,0,0.00,0.00,0.00,0,0,0.00,0.00,0,0
1432853349,total,0.00,0.00,0.00,0,0,0.00,0.00,0.00,0,0,0.00,0.00,0,0
1432853349,s1-eth1,0.00,0.00,0.00,0,0,0.00,0.00,0.00,0,0,0.00,0.00,0,0
1432853349,s1-eth2,0.00,0.00,0.00,0,0,0.00,0.00,0.00,0,0,0.00,0.00,0,0
1432853349,s1-eth3,0.00,0.00,0.00,0,0,0.00,0.00,0.00,0,0,0.00,0.00,0,0
1432853349,s0,0.00,0.00,0.00,0,0,0.00,0.00,0.00,0,0,0.00,0.00,0,0
1432853349,eth0,0.00,0.00,0.00,0,0,0.00,0.00,0.00,0,0,0.00,0.00,0,0
1432853349,lo,0.00,0.00,0.00,0,0,0.00,0.00,0.00,0,0,0.00,0.00,0,0
1432853349,s1,0.00,0.00,0.00,0,0,0.00,0.00,0.00,0,0,0.00,0.00,0,0
1432853349,s0-eth1,0.00,0.00,0.00,0,0,0.00,0.00,0.00,0,0,0.00,0.00,0,0
1432853349,s0-eth2,0.00,0.00,0.00,0,0,0.00,0.00,0.00,0,0,0.00,0.00,0,0
1432853349,s0-eth3,0.00,0.00,0.00,0,0,0.00,0.00,0.00,0,0,0.00,0.00,0,0
1432853349,total,0.00,0.00,0.00,0,0,0.00,0.00,0.00,0,0,0.00,0.00,0,0
1432853349,s1-eth1,0.00,0.00,0.00,0,0,0.00,0.00,0.00,0,0,0.00,0.00,0,0
1432853349,s1-eth2,0.00,0.00,0.00,0,0,0.00,0.00,0.00,0,0,0.00,0.00,0,0
1432853349,s1-eth3,0.00,0.00,0.00,0,0,0.00,0.00,0.00,0,0,0.00,0.00,0,0
1432853349,s0,0.00,0.00,0.00,0,0,0.00,0.00,0.00,0,0,0.00,0.00,0,0
1432853349,eth0,0.00,0.00,0.00,0,0,0.00,0.00,0.00,0,0,0.00,0.00,0,0
1432853349,lo,0.00,0.00,0.00,0,0,0.00,0.00,0.00,0,0,0.00,0.00,0,0
1432853349,s1,0.00,0.00,0.00,0,0,0.00,0.00,0.00,0,0,0.00,0.00,0,0
1432853349,s0-eth1,0.00,0.00,0.00,0,0,0.00,0.00,0.00,0,0,0.00,0.00,0,0
1432853349,s0-eth2,0.00,0.00,0.00,0,0,0.00,0.00,0.00,0,0,0.00,0.00,0,0
1432853349,s0-eth3,0.00,0.00,0.00,0,0,0.00,0.00,0.00,0,0,0.00,0.00,0,0
1432853349,total,0.00,0.00,0.00,0,0,0.00,0.00,0.00,0,0,0.00,0.00,0,0
1432853349,s1-eth1,0.00,0.00,0.00,0,0,0.00,0.00,0.00,0,0,0.00,0.00,0,0
1432853349,s1-eth2,0.00,0.00,0.00,0,0,0.00,0.00,0.00,0,0,0.00,0.00,0,0
1432853349,s1-eth3,0.00,0.00,0.00,0,0,0.00,0.00,0.00,0,0,0.00,0.00,0,0
1432853349,s0,0.00,0.00,0.00,0,0,0.00,0.00,0.00,0,0,0.00,0.00,0,0
1432853349,eth0,0.00,0.00,0.00,0,0,0.00,0.00,0.00,0,0,0.00,0.00,0,0
1432853349,lo,0.00,0.00,0.00,0,0,0.00,0.00,0.00,0,0,0.00,0.00,0,0
1432853349,s1,0.00,0.00,0.00,0,0,0.00,0.00,0.00,0,0,0.00,0.00,0,0
1432853349,s0-eth1,0.00,0.00,0.00,0,0,0.00,0.00,0.00,0,0,0.00,0.00,0,0
1432853349,s0-eth2,0.00,0.00,0.00,0,0,0.00,0.00,0.00,0,0,0.00,0.00,0,0
1432853349,s0-eth3,0.00,0.00,0.00,0,0,0.00,0.00,0.00,0,0,0.00,0.00,0,0
1432853349,total,0.00,0.00,0.00,0,0,0.00,0.00,0.00,0,0,0.00,0.00,0,0
1432853349,s1-eth1,0.00,0.00,0.00,0,0,0.00,0.00,0.00,0,0,0.00,0.00,0,0
1432853349,s1-eth2,0.00,0.00,0.00,0,0,0.00,0.00,0.00,0,0,0.00,0.00,0,0
1432853349,s1-eth3,0.00,0.00,0.00,0,0,0.00,0.00,0.00,0,0,0.00,0.00,0,0
1432853349,s0,0.00,0.00,0.00,0,0,0.00,0.00,0.00,0,0,0.00,0.00,0,0
1432853349,eth0,0.00,0.00,0.00,0,0,0.00,0.00,0.00,0,0,0.00,0.00,0,0
1432853349,lo,0.00,0.00,0.00,0,0,0.00,0.00,0.00,0,0,0.00,0.00,0,0
1432853349,s1,0.00,0.00,0.00,0,0,0.00,0.00,0.00,0,0,0.00,0.00,0,0
1432853349,s0-eth1,0.00,0.00,0.00,0,0,0.00,0.00,0.00,0,0,0.00,0.00,0,0
1432853349,s0-eth2,0.00,0.00,0.00,0,0,0.00,0.00,0.00,0,0,0.00,0.00,0,0
1432853349,s0-eth3,0.00,0.00,0.00,0,0,0.00,0.00,0.00,0,0,0.00,0.00,0,0
1432853349,total,0.00,0.00,0.00,0,0,0.00,0.00,0.00,0,0,0.00,0.00,0,0
1432853349,s1-eth1,0.00,0.00,0.00,0,0,0.00,0.00,0.00,0,0,0.00,0.00,0,0
1432853349,s1-eth2,0.00,0.00,0.00,0,0,0.00,0.00,0.00,0,0,0.00,0.00,0,0
1432853349,s1-eth3,0.00,0.00,0.00,0,0,0.00,0.00,0.00,0,0,0.00,0.00,0,0
1432853349,s0,0.00,0.00,0.00,0,0,0.00,0.00,0.00,0,0,0.00,0.00,0,0
1432853349,eth0,0.00,0.00,0.00,0,0,0.00,0.00,0.00,0,0,0.00,0.00,0,0
1432853349,lo,0.00,0.00,0.00,0,0,0.00,0.00,0.00,0,0,0.00,0.00,0,0
1432853349,s1,0.00,0.00,0.00,0,0,0.00,0.00,0.00,0,0,0.00,0.00,0,0
1432853349,s0-eth1,0.00,0.00,0.00,0,0,0.00,0.00,0.00,0,0,0.00,0.00,0,0
1432853349,s0-eth2,0.00,0.00,0.00,0,0,0.00,0.00,0.00,0,0,0.00,0.00,0,0
1432853349,s0-eth3,0.00,0.00,0.00,0,0,0.00,0.00,0.00,0,0,0.00,0.00,0,0
1432853349,total,0.00,0.00,0.00,0,0,0.00,0.00,0.00,0,0,0.00,0.00,0,0
1432853349,s1-eth1,0.00,0.00,0.00,0,0,0.00,0.00,0.00,0,0,0.00,0.00,0,0
1432853349,s1-eth2,0.00,0.00,0.00,0,0,0.00,0.00,0.00,0,0,0.00,0.00,0,0
1432853349,s1-eth3,0.00,0.00,0.00,0,0,0.00,0.00,0.00,0,0,0.00,0.00,0,0
1432853349,s0,0.00,0.00,0.00,0,0,0.00,0.00,0.00,0,0,0.00,0.00,0,0
1432853349,eth0,0.00,0.00,0.00,0,0,0.00,0.00,0.00,0,0,0.00,0.00,0,0
1432853349,lo,0.00,0.00,0.00,0,0,0.00,0.00,0.00,0,0,0.00,0.00,0,0
1432853349,s1,0.00,0.00,0.00,0,0,0.00,0.00,0.00,0,0,0.00,0.00,0,0
1432853349,s0-eth1,0.00,0.00,0.00,0,0,0.00,0.00,0.00,0,0,0.00,0.00,0,0
1432853349,s0-eth2,0.00,0.00,0.00,0,0,0.00,0.00,0.00,0,0,0.00,0.00,0,0
1432853349,s0-eth3,0.00,0.00,0.00,0,0,0.00,0.00,0.00,0,0,0.00,0.00,0,0
1432853349,total,0.00,0.00,0.00,0,0,0.00,0.00,0.00,0,0,0.00,0.00,0,0
1432853350,s1-eth1,0.00,0.00,0.00,0,0,0.00,0.00,0.00,0,0,0.00,0.00,0,0
1432853350,s1-eth2,0.00,0.00,0.00,0,0,0.00,0.00,0.00,0,0,0.00,0.00,0,0
1432853350,s1-eth3,0.00,0.00,0.00,0,0,0.00,0.00,0.00,0,0,0.00,0.00,0,0
1432853350,s0,0.00,0.00,0.00,0,0,0.00,0.00,0.00,0,0,0.00,0.00,0,0
1432853350,eth0,0.00,0.00,0.00,0,0,0.00,0.00,0.00,0,0,0.00,0.00,0,0
1432853350,lo,0.00,0.00,0.00,0,0,0.00,0.00,0.00,0,0,0.00,0.00,0,0
1432853350,s1,0.00,0.00,0.00,0,0,0.00,0.00,0.00,0,0,0.00,0.00,0,0
1432853350,s0-eth1,0.00,0.00,0.00,0,0,0.00,0.00,0.00,0,0,0.00,0.00,0,0
1432853350,s0-eth2,0.00,0.00,0.00,0,0,0.00,0.00,0.00,0,0,0.00,0.00,0,0
1432853350,s0-eth3,0.00,0.00,0.00,0,0,0.00,0.00,0.00,0,0,0.00,0.00,0,0
1432853350,total,0.00,0.00,0.00,0,0,0.00,0.00,0.00,0,0,0.00,0.00,0,0
1432853350,s1-eth1,0.00,0.00,0.00,0,0,0.00,0.00,0.00,0,0,0.00,0.00,0,0
1432853350,s1-eth2,0.00,0.00,0.00,0,0,0.00,0.00,0.00,0,0,0.00,0.00,0,0
1432853350,s1-eth3,0.00,0.00,0.00,0,0,0.00,0.00,0.00,0,0,0.00,0.00,0,0
1432853350,s0,0.00,0.00,0.00,0,0,0.00,0.00,0.00,0,0,0.00,0.00,0,0
1432853350,eth0,0.00,0.00,0.00,0,0,0.00,0.00,0.00,0,0,0.00,0.00,0,0
1432853350,lo,0.00,0.00,0.00,0,0,0.00,0.00,0.00,0,0,0.00,0.00,0,0
1432853350,s1,0.00,0.00,0.00,0,0,0.00,0.00,0.00,0,0,0.00,0.00,0,0
1432853350,s0-eth1,0.00,0.00,0.00,0,0,0.00,0.00,0.00,0,0,0.00,0.00,0,0
1432853350,s0-eth2,0.00,0.00,0.00,0,0,0.00,0.00,0.00,0,0,0.00,0.00,0,0
1432853350,s0-eth3,0.00,0.00,0.00,0,0,0.00,0.00,0.00,0,0,0.00,0.00,0,0
1432853350,total,0.00,0.00,0.00,0,0,0.00,0.00,0.00,0,0,0.00,0.00,0,0
1432853350,s1-eth1,0.00,0.00,0.00,0,0,0.00,0.00,0.00,0,0,0.00,0.00,0,0
1432853350,s1-eth2,0.00,0.00,0.00,0,0,0.00,0.00,0.00,0,0,0.00,0.00,0,0
1432853350,s1-eth3,0.00,0.00,0.00,0,0,0.00,0.00,0.00,0,0,0.00,0.00,0,0
1432853350,s0,0.00,0.00,0.00,0,0,0.00,0.00,0.00,0,0,0.00,0.00,0,0
1432853350,eth0,0.00,0.00,0.00,0,0,0.00,0.00,0.00,0,0,0.00,0.00,0,0
1432853350,lo,0.00,0.00,0.00,0,0,0.00,0.00,0.00,0,0,0.00,0.00,0,0
1432853350,s1,0.00,0.00,0.00,0,0,0.00,0.00,0.00,0,0,0.00,0.00,0,0
1432853350,s0-eth1,0.00,0.00,0.00,0,0,0.00,0.00,0.00,0,0,0.00,0.00,0,0
1432853350,s0-eth2,0.00,0.00,0.00,0,0,0.00,0.00,0.00,0,0,0.00,0.00,0,0
1432853350,s0-eth3,0.00,0.00,0.00,0,0,0.00,0.00,0.00,0,0,0.00,0.00,0,0
1432853350,total,0.00,0.00,0.00,0,0,0.00,0.00,0.00,0,0,0.00,0.00,0,0
1432853350,s1-eth1,0.00,0.00,0.00,0,0,0.00,0.00,0.00,0,0,0.00,0.00,0,0
1432853350,s1-eth2,0.00,0.00,0.00,0,0,0.00,0.00,0.00,0,0,0.00,0.00,0,0
1432853350,s1-eth3,0.00,0.00,0.00,0,0,0.00,0.00,0.00,0,0,0.00,0.00,0,0
1432853350,s0,0.00,0.00,0.00,0,0,0.00,0.00,0.00,0,0,0.00,0.00,0,0
1432853350,eth0,0.00,0.00,0.00,0,0,0.00,0.00,0.00,0,0,0.00,0.00,0,0
1432853350,lo,0.00,0.00,0.00,0,0,0.00,0.00,0.00,0,0,0.00,0.00,0,0
1432853350,s1,0.00,0.00,0.00,0,0,0.00,0.00,0.00,0,0,0.00,0.00,0,0
1432853350,s0-eth1,0.00,0.00,0.00,0,0,0.00,0.00,0.00,0,0,0.00,0.00,0,0
1432853350,s0-eth2,0.00,0.00,0.00,0,0,0.00,0.00,0.00,0,0,0.00,0.00,0,0
1432853350,s0-eth3,0.00,0.00,0.00,0,0,0.00,0.00,0.00,0,0,0.00,0.00,0,0
1432853350,total,0.00,0.00,0.00,0,0,0.00,0.00,0.00,0,0,0.00,0.00,0,0
1432853350,s1-eth1,0.00,0.00,0.00,0,0,0.00,0.00,0.00,0,0,0.00,0.00,0,0
1432853350,s1-eth2,0.00,0.00,0.00,0,0,0.00,0.00,0.00,0,0,0.00,0.00,0,0
1432853350,s1-eth3,0.00,0.00,0.00,0,0,0.00,0.00,0.00,0,0,0.00,0.00,0,0
1432853350,s0,0.00,0.00,0.00,0,0,0.00,0.00,0.00,0,0,0.00,0.00,0,0
1432853350,eth0,0.00,0.00,0.00,0,0,0.00,0.00,0.00,0,0,0.00,0.00,0,0
1432853350,lo,0.00,0.00,0.00,0,0,0.00,0.00,0.00,0,0,0.00,0.00,0,0
1432853350,s1,0.00,0.00,0.00,0,0,0.00,0.00,0.00,0,0,0.00,0.00,0,0
1432853350,s0-eth1,0.00,0.00,0.00,0,0,0.00,0.00,0.00,0,0,0.00,0.00,0,0
1432853350,s0-eth2,0.00,0.00,0.00,0,0,0.00,0.00,0.00,0,0,0.00,0.00,0,0
1432853350,s0-eth3,0.00,0.00,0.00,0,0,0.00,0.00,0.00,0,0,0.00,0.00,0,0
1432853350,total,0.00,0.00,0.00,0,0,0.00,0.00,0.00,0,0,0.00,0.00,0,0
1432853350,s1-eth1,0.00,166720.00,166720.00,16672,0,0.00,160.00,160.00,16,0,0.00,0.00,0,0
1432853350,s1-eth2,0.00,0.00,0.00,0,0,0.00,0.00,0.00,0,0,0.00,0.00,0,0
1432853350,s1-eth3,156300.00,0.00,156300.00,0,15630,150.00,0.00,150.00,0,15,0.00,0.00,0,0
1432853350,s0,0.00,0.00,0.00,0,0,0.00,0.00,0.00,0,0,0.00,0.00,0,0
1432853350,eth0,0.00,0.00,0.00,0,0,0.00,0.00,0.00,0,0,0.00,0.00,0,0
1432853350,lo,0.00,0.00,0.00,0,0,0.00,0.00,0.00,0,0,0.00,0.00,0,0
1432853350,s1,0.00,0.00,0.00,0,0,0.00,0.00,0.00,0,0,0.00,0.00,0,0
1432853350,s0-eth1,166720.00,0.00,166720.00,0,16672,160.00,0.00,160.00,0,16,0.00,0.00,0,0
1432853350,s0-eth2,0.00,0.00,0.00,0,0,0.00,0.00,0.00,0,0,0.00,0.00,0,0
1432853350,s0-eth3,0.00,1469220.00,1469220.00,146922,0,0.00,1410.00,1410.00,141,0,0.00,0.00,0,0
1432853350,total,323020.00,1635940.00,1958960.00,163594,32302,310.00,1570.00,1880.00,157,31,0.00,0.00,0,0
1432853350,s1-eth1,0.00,187560.00,187560.00,18756,0,0.00,180.00,180.00,18,0,0.00,0.00,0,0
1432853350,s1-eth2,0.00,0.00,0.00,0,0,0.00,0.00,0.00,0,0,0.00,0.00,0,0
1432853350,s1-eth3,187560.00,0.00,187560.00,0,18756,180.00,0.00,180.00,0,18,0.00,0.00,0,0
1432853350,s0,0.00,0.00,0.00,0,0,0.00,0.00,0.00,0,0,0.00,0.00,0,0
1432853350,eth0,0.00,0.00,0.00,0,0,0.00,0.00,0.00,0,0,0.00,0.00,0,0
1432853350,lo,0.00,0.00,0.00,0,0,0.00,0.00,0.00,0,0,0.00,0.00,0,0
1432853350,s1,0.00,0.00,0.00,0,0,0.00,0.00,0.00,0,0,0.00,0.00,0,0
1432853350,s0-eth1,187560.00,0.00,187560.00,0,18756,180.00,0.00,180.00,0,18,0.00,0.00,0,0
1432853350,s0-eth2,0.00,0.00,0.00,0,0,0.00,0.00,0.00,0,0,0.00,0.00,0,0
1432853350,s0-eth3,0.00,1875600.00,1875600.00,187560,0,0.00,1800.00,1800.00,180,0,0.00,0.00,0,0
1432853350,total,375120.00,2063160.00,2438280.00,206316,37512,360.00,1980.00,2340.00,198,36,0.00,0.00,0,0
1432853350,s1-eth1,0.00,187560.00,187560.00,18756,0,0.00,180.00,180.00,18,0,0.00,0.00,0,0
1432853350,s1-eth2,0.00,0.00,0.00,0,0,0.00,0.00,0.00,0,0,0.00,0.00,0,0
1432853350,s1-eth3,187560.00,0.00,187560.00,0,18756,180.00,0.00,180.00,0,18,0.00,0.00,0,0
1432853350,s0,0.00,0.00,0.00,0,0,0.00,0.00,0.00,0,0,0.00,0.00,0,0
1432853350,eth0,0.00,0.00,0.00,0,0,0.00,0.00,0.00,0,0,0.00,0.00,0,0
1432853350,lo,0.00,0.00,0.00,0,0,0.00,0.00,0.00,0,0,0.00,0.00,0,0
1432853350,s1,0.00,0.00,0.00,0,0,0.00,0.00,0.00,0,0,0.00,0.00,0,0
1432853350,s0-eth1,187560.00,0.00,187560.00,0,18756,180.00,0.00,180.00,0,18,0.00,0.00,0,0
1432853350,s0-eth2,0.00,0.00,0.00,0,0,0.00,0.00,0.00,0,0,0.00,0.00,0,0
1432853350,s0-eth3,0.00,1886020.00,1886020.00,188602,0,0.00,1810.00,1810.00,181,0,0.00,0.00,0,0
1432853350,total,375120.00,2073580.00,2448700.00,207358,37512,360.00,1990.00,2350.00,199,36,0.00,0.00,0,0
1432853350,s1-eth1,0.00,187560.00,187560.00,18756,0,0.00,180.00,180.00,18,0,0.00,0.00,0,0
1432853350,s1-eth2,0.00,0.00,0.00,0,0,0.00,0.00,0.00,0,0,0.00,0.00,0,0
1432853350,s1-eth3,187560.00,0.00,187560.00,0,18756,180.00,0.00,180.00,0,18,0.00,0.00,0,0
1432853350,s0,0.00,0.00,0.00,0,0,0.00,0.00,0.00,0,0,0.00,0.00,0,0
1432853350,eth0,0.00,0.00,0.00,0,0,0.00,0.00,0.00,0,0,0.00,0.00,0,0
1432853350,lo,0.00,0.00,0.00,0,0,0.00,0.00,0.00,0,0,0.00,0.00,0,0
1432853350,s1,0.00,0.00,0.00,0,0,0.00,0.00,0.00,0,0,0.00,0.00,0,0
1432853350,s0-eth1,187560.00,0.00,187560.00,0,18756,180.00,0.00,180.00,0,18,0.00,0.00,0,0
1432853350,s0-eth2,0.00,0.00,0.00,0,0,0.00,0.00,0.00,0,0,0.00,0.00,0,0
1432853350,s0-eth3,0.00,1875600.00,1875600.00,187560,0,0.00,1800.00,1800.00,180,0,0.00,0.00,0,0
1432853350,total,375120.00,2063160.00,2438280.00,206316,37512,360.00,1980.00,2340.00,198,36,0.00,0.00,0,0
1432853350,s1-eth1,0.00,187560.00,187560.00,18756,0,0.00,180.00,180.00,18,0,0.00,0.00,0,0
1432853350,s1-eth2,0.00,0.00,0.00,0,0,0.00,0.00,0.00,0,0,0.00,0.00,0,0
1432853350,s1-eth3,187560.00,0.00,187560.00,0,18756,180.00,0.00,180.00,0,18,0.00,0.00,0,0
1432853350,s0,0.00,0.00,0.00,0,0,0.00,0.00,0.00,0,0,0.00,0.00,0,0
1432853350,eth0,0.00,0.00,0.00,0,0,0.00,0.00,0.00,0,0,0.00,0.00,0,0
1432853350,lo,0.00,0.00,0.00,0,0,0.00,0.00,0.00,0,0,0.00,0.00,0,0
1432853350,s1,0.00,0.00,0.00,0,0,0.00,0.00,0.00,0,0,0.00,0.00,0,0
1432853350,s0-eth1,187560.00,0.00,187560.00,0,18756,180.00,0.00,180.00,0,18,0.00,0.00,0,0
1432853350,s0-eth2,0.00,0.00,0.00,0,0,0.00,0.00,0.00,0,0,0.00,0.00,0,0
1432853350,s0-eth3,0.00,1875600.00,1875600.00,187560,0,0.00,1800.00,1800.00,180,0,0.00,0.00,0,0
1432853350,total,375120.00,2063160.00,2438280.00,206316,37512,360.00,1980.00,2340.00,198,36,0.00,0.00,0,0
1432853351,s1-eth1,0.00,185702.98,185702.98,18756,0,0.00,178.22,178.22,18,0,0.00,0.00,0,0
1432853351,s1-eth2,0.00,0.00,0.00,0,0,0.00,0.00,0.00,0,0,0.00,0.00,0,0
1432853351,s1-eth3,185702.98,0.00,185702.98,0,18756,178.22,0.00,178.22,0,18,0.00,0.00,0,0
1432853351,s0,0.00,0.00,0.00,0,0,0.00,0.00,0.00,0,0,0.00,0.00,0,0
1432853351,eth0,0.00,0.00,0.00,0,0,0.00,0.00,0.00,0,0,0.00,0.00,0,0
1432853351,lo,0.00,0.00,0.00,0,0,0.00,0.00,0.00,0,0,0.00,0.00,0,0
1432853351,s1,0.00,0.00,0.00,0,0,0.00,0.00,0.00,0,0,0.00,0.00,0,0
1432853351,s0-eth1,185702.98,0.00,185702.98,0,18756,178.22,0.00,178.22,0,18,0.00,0.00,0,0
1432853351,s0-eth2,0.00,0.00,0.00,0,0,0.00,0.00,0.00,0,0,0.00,0.00,0,0
1432853351,s0-eth3,0.00,1867346.62,1867346.62,188602,0,0.00,1792.08,1792.08,181,0,0.00,0.00,0,0
1432853351,total,371405.97,2053049.62,2424455.50,207358,37512,356.44,1970.30,2326.73,199,36,0.00,0.00,0,0
1432853351,s1-eth1,0.00,187560.00,187560.00,18756,0,0.00,180.00,180.00,18,0,0.00,0.00,0,0
1432853351,s1-eth2,0.00,0.00,0.00,0,0,0.00,0.00,0.00,0,0,0.00,0.00,0,0
1432853351,s1-eth3,187560.00,0.00,187560.00,0,18756,180.00,0.00,180.00,0,18,0.00,0.00,0,0
1432853351,s0,0.00,0.00,0.00,0,0,0.00,0.00,0.00,0,0,0.00,0.00,0,0
1432853351,eth0,0.00,0.00,0.00,0,0,0.00,0.00,0.00,0,0,0.00,0.00,0,0
1432853351,lo,0.00,0.00,0.00,0,0,0.00,0.00,0.00,0,0,0.00,0.00,0,0
1432853351,s1,0.00,0.00,0.00,0,0,0.00,0.00,0.00,0,0,0.00,0.00,0,0
1432853351,s0-eth1,187560.00,0.00,187560.00,0,18756,180.00,0.00,180.00,0,18,0.00,0.00,0,0
1432853351,s0-eth2,0.00,0.00,0.00,0,0,0.00,0.00,0.00,0,0,0.00,0.00,0,0
1432853351,s0-eth3,0.00,93780.00,93780.00,9378,0,0.00,90.00,90.00,9,0,0.00,0.00,0,0
1432853351,total,375120.00,281340.00,656460.00,28134,37512,360.00,270.00,630.00,27,36,0.00,0.00,0,0
1432853351,s1-eth1,0.00,72940.00,72940.00,7294,0,0.00,70.00,70.00,7,0,0.00,0.00,0,0
1432853351,s1-eth2,0.00,0.00,0.00,0,0,0.00,0.00,0.00,0,0,0.00,0.00,0,0
1432853351,s1-eth3,83360.00,0.00,83360.00,0,8336,80.00,0.00,80.00,0,8,0.00,0.00,0,0
1432853351,s0,0.00,0.00,0.00,0,0,0.00,0.00,0.00,0,0,0.00,0.00,0,0
1432853351,eth0,0.00,0.00,0.00,0,0,0.00,0.00,0.00,0,0,0.00,0.00,0,0
1432853351,lo,0.00,0.00,0.00,0,0,0.00,0.00,0.00,0,0,0.00,0.00,0,0
1432853351,s1,0.00,0.00,0.00,0,0,0.00,0.00,0.00,0,0,0.00,0.00,0,0
1432853351,s0-eth1,72940.00,0.00,72940.00,0,7294,70.00,0.00,70.00,0,7,0.00,0.00,0,0
1432853351,s0-eth2,0.00,0.00,0.00,0,0,0.00,0.00,0.00,0,0,0.00,0.00,0,0
1432853351,s0-eth3,0.00,0.00,0.00,0,0,0.00,0.00,0.00,0,0,0.00,0.00,0,0
1432853351,total,156300.00,72940.00,229240.00,7294,15630,150.00,70.00,220.00,7,15,0.00,0.00,0,0
1432853351,s1-eth1,0.00,0.00,0.00,0,0,0.00,0.00,0.00,0,0,0.00,0.00,0,0
1432853351,s1-eth2,0.00,0.00,0.00,0,0,0.00,0.00,0.00,0,0,0.00,0.00,0,0
1432853351,s1-eth3,0.00,0.00,0.00,0,0,0.00,0.00,0.00,0,0,0.00,0.00,0,0
1432853351,s0,0.00,0.00,0.00,0,0,0.00,0.00,0.00,0,0,0.00,0.00,0,0
1432853351,eth0,0.00,0.00,0.00,0,0,0.00,0.00,0.00,0,0,0.00,0.00,0,0
1432853351,lo,0.00,0.00,0.00,0,0,0.00,0.00,0.00,0,0,0.00,0.00,0,0
1432853351,s1,0.00,0.00,0.00,0,0,0.00,0.00,0.00,0,0,0.00,0.00,0,0
1432853351,s0-eth1,0.00,0.00,0.00,0,0,0.00,0.00,0.00,0,0,0.00,0.00,0,0
1432853351,s0-eth2,0.00,0.00,0.00,0,0,0.00,0.00,0.00,0,0,0.00,0.00,0,0
1432853351,s0-eth3,0.00,0.00,0.00,0,0,0.00,0.00,0.00,0,0,0.00,0.00,0,0
1432853351,total,0.00,0.00,0.00,0,0,0.00,0.00,0.00,0,0,0.00,0.00,0,0
1432853351,s1-eth1,0.00,0.00,0.00,0,0,0.00,0.00,0.00,0,0,0.00,0.00,0,0
1432853351,s1-eth2,0.00,0.00,0.00,0,0,0.00,0.00,0.00,0,0,0.00,0.00,0,0
1432853351,s1-eth3,0.00,0.00,0.00,0,0,0.00,0.00,0.00,0,0,0.00,0.00,0,0
1432853351,s0,0.00,0.00,0.00,0,0,0.00,0.00,0.00,0,0,0.00,0.00,0,0
1432853351,eth0,0.00,0.00,0.00,0,0,0.00,0.00,0.00,0,0,0.00,0.00,0,0
1432853351,lo,0.00,0.00,0.00,0,0,0.00,0.00,0.00,0,0,0.00,0.00,0,0
1432853351,s1,0.00,0.00,0.00,0,0,0.00,0.00,0.00,0,0,0.00,0.00,0,0
1432853351,s0-eth1,0.00,0.00,0.00,0,0,0.00,0.00,0.00,0,0,0.00,0.00,0,0
1432853351,s0-eth2,0.00,0.00,0.00,0,0,0.00,0.00,0.00,0,0,0.00,0.00,0,0
1432853351,s0-eth3,0.00,0.00,0.00,0,0,0.00,0.00,0.00,0,0,0.00,0.00,0,0
1432853351,total,0.00,0.00,0.00,0,0,0.00,0.00,0.00,0,0,0.00,0.00,0,0
1432853351,s1-eth1,0.00,0.00,0.00,0,0,0.00,0.00,0.00,0,0,0.00,0.00,0,0
1432853351,s1-eth2,0.00,0.00,0.00,0,0,0.00,0.00,0.00,0,0,0.00,0.00,0,0
1432853351,s1-eth3,0.00,0.00,0.00,0,0,0.00,0.00,0.00,0,0,0.00,0.00,0,0
1432853351,s0,0.00,0.00,0.00,0,0,0.00,0.00,0.00,0,0,0.00,0.00,0,0
1432853351,eth0,0.00,0.00,0.00,0,0,0.00,0.00,0.00,0,0,0.00,0.00,0,0
1432853351,lo,0.00,0.00,0.00,0,0,0.00,0.00,0.00,0,0,0.00,0.00,0,0
1432853351,s1,0.00,0.00,0.00,0,0,0.00,0.00,0.00,0,0,0.00,0.00,0,0
1432853351,s0-eth1,0.00,0.00,0.00,0,0,0.00,0.00,0.00,0,0,0.00,0.00,0,0
1432853351,s0-eth2,0.00,0.00,0.00,0,0,0.00,0.00,0.00,0,0,0.00,0.00,0,0
1432853351,s0-eth3,0.00,0.00,0.00,0,0,0.00,0.00,0.00,0,0,0.00,0.00,0,0
1432853351,total,0.00,0.00,0.00,0,0,0.00,0.00,0.00,0,0,0.00,0.00,0,0
1432853351,s1-eth1,0.00,0.00,0.00,0,0,0.00,0.00,0.00,0,0,0.00,0.00,0,0
1432853351,s1-eth2,0.00,0.00,0.00,0,0,0.00,0.00,0.00,0,0,0.00,0.00,0,0
1432853351,s1-eth3,0.00,0.00,0.00,0,0,0.00,0.00,0.00,0,0,0.00,0.00,0,0
1432853351,s0,0.00,0.00,0.00,0,0,0.00,0.00,0.00,0,0,0.00,0.00,0,0
1432853351,eth0,0.00,0.00,0.00,0,0,0.00,0.00,0.00,0,0,0.00,0.00,0,0
1432853351,lo,0.00,0.00,0.00,0,0,0.00,0.00,0.00,0,0,0.00,0.00,0,0
1432853351,s1,0.00,0.00,0.00,0,0,0.00,0.00,0.00,0,0,0.00,0.00,0,0
1432853351,s0-eth1,0.00,0.00,0.00,0,0,0.00,0.00,0.00,0,0,0.00,0.00,0,0
1432853351,s0-eth2,0.00,0.00,0.00,0,0,0.00,0.00,0.00,0,0,0.00,0.00,0,0
1432853351,s0-eth3,0.00,0.00,0.00,0,0,0.00,0.00,0.00,0,0,0.00,0.00,0,0
1432853351,total,0.00,0.00,0.00,0,0,0.00,0.00,0.00,0,0,0.00,0.00,0,0
1432853351,s1-eth1,0.00,0.00,0.00,0,0,0.00,0.00,0.00,0,0,0.00,0.00,0,0
1432853351,s1-eth2,0.00,0.00,0.00,0,0,0.00,0.00,0.00,0,0,0.00,0.00,0,0
1432853351,s1-eth3,0.00,0.00,0.00,0,0,0.00,0.00,0.00,0,0,0.00,0.00,0,0
1432853351,s0,0.00,0.00,0.00,0,0,0.00,0.00,0.00,0,0,0.00,0.00,0,0
1432853351,eth0,0.00,0.00,0.00,0,0,0.00,0.00,0.00,0,0,0.00,0.00,0,0
1432853351,lo,0.00,0.00,0.00,0,0,0.00,0.00,0.00,0,0,0.00,0.00,0,0
1432853351,s1,0.00,0.00,0.00,0,0,0.00,0.00,0.00,0,0,0.00,0.00,0,0
1432853351,s0-eth1,0.00,0.00,0.00,0,0,0.00,0.00,0.00,0,0,0.00,0.00,0,0
1432853351,s0-eth2,0.00,0.00,0.00,0,0,0.00,0.00,0.00,0,0,0.00,0.00,0,0
1432853351,s0-eth3,0.00,0.00,0.00,0,0,0.00,0.00,0.00,0,0,0.00,0.00,0,0
1432853351,total,0.00,0.00,0.00,0,0,0.00,0.00,0.00,0,0,0.00,0.00,0,0
1432853351,s1-eth1,0.00,0.00,0.00,0,0,0.00,0.00,0.00,0,0,0.00,0.00,0,0
1432853351,s1-eth2,0.00,0.00,0.00,0,0,0.00,0.00,0.00,0,0,0.00,0.00,0,0
1432853351,s1-eth3,0.00,0.00,0.00,0,0,0.00,0.00,0.00,0,0,0.00,0.00,0,0
1432853351,s0,0.00,0.00,0.00,0,0,0.00,0.00,0.00,0,0,0.00,0.00,0,0
1432853351,eth0,0.00,0.00,0.00,0,0,0.00,0.00,0.00,0,0,0.00,0.00,0,0
1432853351,lo,0.00,0.00,0.00,0,0,0.00,0.00,0.00,0,0,0.00,0.00,0,0
1432853351,s1,0.00,0.00,0.00,0,0,0.00,0.00,0.00,0,0,0.00,0.00,0,0
1432853351,s0-eth1,0.00,0.00,0.00,0,0,0.00,0.00,0.00,0,0,0.00,0.00,0,0
1432853351,s0-eth2,0.00,0.00,0.00,0,0,0.00,0.00,0.00,0,0,0.00,0.00,0,0
1432853351,s0-eth3,0.00,0.00,0.00,0,0,0.00,0.00,0.00,0,0,0.00,0.00,0,0
1432853351,total,0.00,0.00,0.00,0,0,0.00,0.00,0.00,0,0,0.00,0.00,0,0
1432853351,s1-eth1,0.00,0.00,0.00,0,0,0.00,0.00,0.00,0,0,0.00,0.00,0,0
1432853351,s1-eth2,0.00,0.00,0.00,0,0,0.00,0.00,0.00,0,0,0.00,0.00,0,0
1432853351,s1-eth3,0.00,0.00,0.00,0,0,0.00,0.00,0.00,0,0,0.00,0.00,0,0
1432853351,s0,0.00,0.00,0.00,0,0,0.00,0.00,0.00,0,0,0.00,0.00,0,0
1432853351,eth0,0.00,0.00,0.00,0,0,0.00,0.00,0.00,0,0,0.00,0.00,0,0
1432853351,lo,0.00,0.00,0.00,0,0,0.00,0.00,0.00,0,0,0.00,0.00,0,0
1432853351,s1,0.00,0.00,0.00,0,0,0.00,0.00,0.00,0,0,0.00,0.00,0,0
1432853351,s0-eth1,0.00,0.00,0.00,0,0,0.00,0.00,0.00,0,0,0.00,0.00,0,0
1432853351,s0-eth2,0.00,0.00,0.00,0,0,0.00,0.00,0.00,0,0,0.00,0.00,0,0
1432853351,s0-eth3,0.00,0.00,0.00,0,0,0.00,0.00,0.00,0,0,0.00,0.00,0,0
1432853351,total,0.00,0.00,0.00,0,0,0.00,0.00,0.00,0,0,0.00,0.00,0,0
1432853352,s1-eth1,0.00,0.00,0.00,0,0,0.00,0.00,0.00,0,0,0.00,0.00,0,0
1432853352,s1-eth2,0.00,0.00,0.00,0,0,0.00,0.00,0.00,0,0,0.00,0.00,0,0
1432853352,s1-eth3,0.00,0.00,0.00,0,0,0.00,0.00,0.00,0,0,0.00,0.00,0,0
1432853352,s0,0.00,0.00,0.00,0,0,0.00,0.00,0.00,0,0,0.00,0.00,0,0
1432853352,eth0,0.00,0.00,0.00,0,0,0.00,0.00,0.00,0,0,0.00,0.00,0,0
1432853352,lo,0.00,0.00,0.00,0,0,0.00,0.00,0.00,0,0,0.00,0.00,0,0
1432853352,s1,0.00,0.00,0.00,0,0,0.00,0.00,0.00,0,0,0.00,0.00,0,0
1432853352,s0-eth1,0.00,0.00,0.00,0,0,0.00,0.00,0.00,0,0,0.00,0.00,0,0
1432853352,s0-eth2,0.00,0.00,0.00,0,0,0.00,0.00,0.00,0,0,0.00,0.00,0,0
1432853352,s0-eth3,0.00,0.00,0.00,0,0,0.00,0.00,0.00,0,0,0.00,0.00,0,0
1432853352,total,0.00,0.00,0.00,0,0,0.00,0.00,0.00,0,0,0.00,0.00,0,0
1432853352,s1-eth1,0.00,0.00,0.00,0,0,0.00,0.00,0.00,0,0,0.00,0.00,0,0
1432853352,s1-eth2,0.00,0.00,0.00,0,0,0.00,0.00,0.00,0,0,0.00,0.00,0,0
1432853352,s1-eth3,0.00,0.00,0.00,0,0,0.00,0.00,0.00,0,0,0.00,0.00,0,0
1432853352,s0,0.00,0.00,0.00,0,0,0.00,0.00,0.00,0,0,0.00,0.00,0,0
1432853352,eth0,0.00,0.00,0.00,0,0,0.00,0.00,0.00,0,0,0.00,0.00,0,0
1432853352,lo,0.00,0.00,0.00,0,0,0.00,0.00,0.00,0,0,0.00,0.00,0,0
1432853352,s1,0.00,0.00,0.00,0,0,0.00,0.00,0.00,0,0,0.00,0.00,0,0
1432853352,s0-eth1,0.00,0.00,0.00,0,0,0.00,0.00,0.00,0,0,0.00,0.00,0,0
1432853352,s0-eth2,0.00,0.00,0.00,0,0,0.00,0.00,0.00,0,0,0.00,0.00,0,0
1432853352,s0-eth3,0.00,0.00,0.00,0,0,0.00,0.00,0.00,0,0,0.00,0.00,0,0
1432853352,total,0.00,0.00,0.00,0,0,0.00,0.00,0.00,0,0,0.00,0.00,0,0
1432853352,s1-eth1,0.00,0.00,0.00,0,0,0.00,0.00,0.00,0,0,0.00,0.00,0,0
1432853352,s1-eth2,0.00,0.00,0.00,0,0,0.00,0.00,0.00,0,0,0.00,0.00,0,0
1432853352,s1-eth3,0.00,0.00,0.00,0,0,0.00,0.00,0.00,0,0,0.00,0.00,0,0
1432853352,s0,0.00,0.00,0.00,0,0,0.00,0.00,0.00,0,0,0.00,0.00,0,0
1432853352,eth0,0.00,0.00,0.00,0,0,0.00,0.00,0.00,0,0,0.00,0.00,0,0
1432853352,lo,3440.00,3440.00,6880.00,344,344,60.00,60.00,120.00,6,6,0.00,0.00,0,0
1432853352,s1,0.00,0.00,0.00,0,0,0.00,0.00,0.00,0,0,0.00,0.00,0,0
1432853352,s0-eth1,0.00,0.00,0.00,0,0,0.00,0.00,0.00,0,0,0.00,0.00,0,0
1432853352,s0-eth2,0.00,0.00,0.00,0,0,0.00,0.00,0.00,0,0,0.00,0.00,0,0
1432853352,s0-eth3,0.00,0.00,0.00,0,0,0.00,0.00,0.00,0,0,0.00,0.00,0,0
1432853352,total,3440.00,3440.00,6880.00,344,344,60.00,60.00,120.00,6,6,0.00,0.00,0,0
1432853352,s1-eth1,0.00,0.00,0.00,0,0,0.00,0.00,0.00,0,0,0.00,0.00,0,0
1432853352,s1-eth2,0.00,0.00,0.00,0,0,0.00,0.00,0.00,0,0,0.00,0.00,0,0
1432853352,s1-eth3,0.00,0.00,0.00,0,0,0.00,0.00,0.00,0,0,0.00,0.00,0,0
1432853352,s0,0.00,0.00,0.00,0,0,0.00,0.00,0.00,0,0,0.00,0.00,0,0
1432853352,eth0,0.00,0.00,0.00,0,0,0.00,0.00,0.00,0,0,0.00,0.00,0,0
1432853352,lo,0.00,0.00,0.00,0,0,0.00,0.00,0.00,0,0,0.00,0.00,0,0
1432853352,s1,0.00,0.00,0.00,0,0,0.00,0.00,0.00,0,0,0.00,0.00,0,0
1432853352,s0-eth1,0.00,0.00,0.00,0,0,0.00,0.00,0.00,0,0,0.00,0.00,0,0
1432853352,s0-eth2,0.00,0.00,0.00,0,0,0.00,0.00,0.00,0,0,0.00,0.00,0,0
1432853352,s0-eth3,0.00,0.00,0.00,0,0,0.00,0.00,0.00,0,0,0.00,0.00,0,0
1432853352,total,0.00,0.00,0.00,0,0,0.00,0.00,0.00,0,0,0.00,0.00,0,0
1432853352,s1-eth1,0.00,0.00,0.00,0,0,0.00,0.00,0.00,0,0,0.00,0.00,0,0
1432853352,s1-eth2,0.00,0.00,0.00,0,0,0.00,0.00,0.00,0,0,0.00,0.00,0,0
1432853352,s1-eth3,0.00,0.00,0.00,0,0,0.00,0.00,0.00,0,0,0.00,0.00,0,0
1432853352,s0,0.00,0.00,0.00,0,0,0.00,0.00,0.00,0,0,0.00,0.00,0,0
1432853352,eth0,0.00,0.00,0.00,0,0,0.00,0.00,0.00,0,0,0.00,0.00,0,0
1432853352,lo,0.00,0.00,0.00,0,0,0.00,0.00,0.00,0,0,0.00,0.00,0,0
1432853352,s1,0.00,0.00,0.00,0,0,0.00,0.00,0.00,0,0,0.00,0.00,0,0
1432853352,s0-eth1,0.00,0.00,0.00,0,0,0.00,0.00,0.00,0,0,0.00,0.00,0,0
1432853352,s0-eth2,0.00,0.00,0.00,0,0,0.00,0.00,0.00,0,0,0.00,0.00,0,0
1432853352,s0-eth3,0.00,0.00,0.00,0,0,0.00,0.00,0.00,0,0,0.00,0.00,0,0
1432853352,total,0.00,0.00,0.00,0,0,0.00,0.00,0.00,0,0,0.00,0.00,0,0
1432853352,s1-eth1,0.00,0.00,0.00,0,0,0.00,0.00,0.00,0,0,0.00,0.00,0,0
1432853352,s1-eth2,0.00,0.00,0.00,0,0,0.00,0.00,0.00,0,0,0.00,0.00,0,0
1432853352,s1-eth3,0.00,0.00,0.00,0,0,0.00,0.00,0.00,0,0,0.00,0.00,0,0
1432853352,s0,0.00,0.00,0.00,0,0,0.00,0.00,0.00,0,0,0.00,0.00,0,0
1432853352,eth0,420.00,560.00,980.00,56,42,10.00,10.00,20.00,1,1,0.00,0.00,0,0
1432853352,lo,0.00,0.00,0.00,0,0,0.00,0.00,0.00,0,0,0.00,0.00,0,0
1432853352,s1,0.00,0.00,0.00,0,0,0.00,0.00,0.00,0,0,0.00,0.00,0,0
1432853352,s0-eth1,0.00,0.00,0.00,0,0,0.00,0.00,0.00,0,0,0.00,0.00,0,0
1432853352,s0-eth2,0.00,0.00,0.00,0,0,0.00,0.00,0.00,0,0,0.00,0.00,0,0
1432853352,s0-eth3,0.00,0.00,0.00,0,0,0.00,0.00,0.00,0,0,0.00,0.00,0,0
1432853352,total,420.00,560.00,980.00,56,42,10.00,10.00,20.00,1,1,0.00,0.00,0,0
1432853352,s1-eth1,0.00,0.00,0.00,0,0,0.00,0.00,0.00,0,0,0.00,0.00,0,0
1432853352,s1-eth2,0.00,0.00,0.00,0,0,0.00,0.00,0.00,0,0,0.00,0.00,0,0
1432853352,s1-eth3,0.00,0.00,0.00,0,0,0.00,0.00,0.00,0,0,0.00,0.00,0,0
1432853352,s0,0.00,0.00,0.00,0,0,0.00,0.00,0.00,0,0,0.00,0.00,0,0
1432853352,eth0,0.00,0.00,0.00,0,0,0.00,0.00,0.00,0,0,0.00,0.00,0,0
1432853352,lo,0.00,0.00,0.00,0,0,0.00,0.00,0.00,0,0,0.00,0.00,0,0
1432853352,s1,0.00,0.00,0.00,0,0,0.00,0.00,0.00,0,0,0.00,0.00,0,0
1432853352,s0-eth1,0.00,0.00,0.00,0,0,0.00,0.00,0.00,0,0,0.00,0.00,0,0
1432853352,s0-eth2,0.00,0.00,0.00,0,0,0.00,0.00,0.00,0,0,0.00,0.00,0,0
1432853352,s0-eth3,0.00,0.00,0.00,0,0,0.00,0.00,0.00,0,0,0.00,0.00,0,0
1432853352,total,0.00,0.00,0.00,0,0,0.00,0.00,0.00,0,0,0.00,0.00,0,0
1432853352,s1-eth1,0.00,0.00,0.00,0,0,0.00,0.00,0.00,0,0,0.00,0.00,0,0
1432853352,s1-eth2,0.00,0.00,0.00,0,0,0.00,0.00,0.00,0,0,0.00,0.00,0,0
1432853352,s1-eth3,0.00,0.00,0.00,0,0,0.00,0.00,0.00,0,0,0.00,0.00,0,0
1432853352,s0,0.00,0.00,0.00,0,0,0.00,0.00,0.00,0,0,0.00,0.00,0,0
1432853352,eth0,0.00,0.00,0.00,0,0,0.00,0.00,0.00,0,0,0.00,0.00,0,0
1432853352,lo,0.00,0.00,0.00,0,0,0.00,0.00,0.00,0,0,0.00,0.00,0,0
1432853352,s1,0.00,0.00,0.00,0,0,0.00,0.00,0.00,0,0,0.00,0.00,0,0
1432853352,s0-eth1,0.00,0.00,0.00,0,0,0.00,0.00,0.00,0,0,0.00,0.00,0,0
1432853352,s0-eth2,0.00,0.00,0.00,0,0,0.00,0.00,0.00,0,0,0.00,0.00,0,0
1432853352,s0-eth3,0.00,0.00,0.00,0,0,0.00,0.00,0.00,0,0,0.00,0.00,0,0
1432853352,total,0.00,0.00,0.00,0,0,0.00,0.00,0.00,0,0,0.00,0.00,0,0
1432853352,s1-eth1,0.00,0.00,0.00,0,0,0.00,0.00,0.00,0,0,0.00,0.00,0,0
1432853352,s1-eth2,0.00,0.00,0.00,0,0,0.00,0.00,0.00,0,0,0.00,0.00,0,0
1432853352,s1-eth3,0.00,0.00,0.00,0,0,0.00,0.00,0.00,0,0,0.00,0.00,0,0
1432853352,s0,0.00,0.00,0.00,0,0,0.00,0.00,0.00,0,0,0.00,0.00,0,0
1432853352,eth0,0.00,0.00,0.00,0,0,0.00,0.00,0.00,0,0,0.00,0.00,0,0
1432853352,lo,0.00,0.00,0.00,0,0,0.00,0.00,0.00,0,0,0.00,0.00,0,0
1432853352,s1,0.00,0.00,0.00,0,0,0.00,0.00,0.00,0,0,0.00,0.00,0,0
1432853352,s0-eth1,0.00,0.00,0.00,0,0,0.00,0.00,0.00,0,0,0.00,0.00,0,0
1432853352,s0-eth2,0.00,0.00,0.00,0,0,0.00,0.00,0.00,0,0,0.00,0.00,0,0
1432853352,s0-eth3,0.00,0.00,0.00,0,0,0.00,0.00,0.00,0,0,0.00,0.00,0,0
1432853352,total,0.00,0.00,0.00,0,0,0.00,0.00,0.00,0,0,0.00,0.00,0,0
1432853352,s1-eth1,0.00,0.00,0.00,0,0,0.00,0.00,0.00,0,0,0.00,0.00,0,0
1432853352,s1-eth2,0.00,0.00,0.00,0,0,0.00,0.00,0.00,0,0,0.00,0.00,0,0
1432853352,s1-eth3,0.00,0.00,0.00,0,0,0.00,0.00,0.00,0,0,0.00,0.00,0,0
1432853352,s0,0.00,0.00,0.00,0,0,0.00,0.00,0.00,0,0,0.00,0.00,0,0
1432853352,eth0,0.00,0.00,0.00,0,0,0.00,0.00,0.00,0,0,0.00,0.00,0,0
1432853352,lo,0.00,0.00,0.00,0,0,0.00,0.00,0.00,0,0,0.00,0.00,0,0
1432853352,s1,0.00,0.00,0.00,0,0,0.00,0.00,0.00,0,0,0.00,0.00,0,0
1432853352,s0-eth1,0.00,0.00,0.00,0,0,0.00,0.00,0.00,0,0,0.00,0.00,0,0
1432853352,s0-eth2,0.00,0.00,0.00,0,0,0.00,0.00,0.00,0,0,0.00,0.00,0,0
1432853352,s0-eth3,0.00,0.00,0.00,0,0,0.00,0.00,0.00,0,0,0.00,0.00,0,0
1432853352,total,0.00,0.00,0.00,0,0,0.00,0.00,0.00,0,0,0.00,0.00,0,0
1432853353,s1-eth1,0.00,113485.16,113485.16,11462,0,0.00,108.91,108.91,11,0,0.00,0.00,0,0
1432853353,s1-eth2,0.00,0.00,0.00,0,0,0.00,0.00,0.00,0,0,0.00,0.00,0,0
1432853353,s1-eth3,113485.16,0.00,113485.16,0,11462,108.91,0.00,108.91,0,11,0.00,0.00,0,0
1432853353,s0,0.00,0.00,0.00,0,0,0.00,0.00,0.00,0,0,0.00,0.00,0,0
1432853353,eth0,0.00,0.00,0.00,0,0,0.00,0.00,0.00,0,0,0.00,0.00,0,0
1432853353,lo,0.00,0.00,0.00,0,0,0.00,0.00,0.00,0,0,0.00,0.00,0,0
1432853353,s1,0.00,0.00,0.00,0,0,0.00,0.00,0.00,0,0,0.00,0.00,0,0
1432853353,s0-eth1,113485.16,0.00,113485.16,0,11462,108.91,0.00,108.91,0,11,0.00,0.00,0,0
1432853353,s0-eth2,0.00,0.00,0.00,0,0,0.00,0.00,0.00,0,0,0.00,0.00,0,0
1432853353,s0-eth3,0.00,980099.06,980099.06,98990,0,0.00,940.59,940.59,95,0,0.00,0.00,0,0
1432853353,total,226970.31,1093584.25,1320554.50,110452,22924,217.82,1049.50,1267.33,106,22,0.00,0.00,0,0
1432853353,s1-eth1,0.00,187560.00,187560.00,18756,0,0.00,180.00,180.00,18,0,0.00,0.00,0,0
1432853353,s1-eth2,0.00,0.00,0.00,0,0,0.00,0.00,0.00,0,0,0.00,0.00,0,0
1432853353,s1-eth3,187560.00,0.00,187560.00,0,18756,180.00,0.00,180.00,0,18,0.00,0.00,0,0
1432853353,s0,0.00,0.00,0.00,0,0,0.00,0.00,0.00,0,0,0.00,0.00,0,0
1432853353,eth0,0.00,0.00,0.00,0,0,0.00,0.00,0.00,0,0,0.00,0.00,0,0
1432853353,lo,0.00,0.00,0.00,0,0,0.00,0.00,0.00,0,0,0.00,0.00,0,0
1432853353,s1,0.00,0.00,0.00,0,0,0.00,0.00,0.00,0,0,0.00,0.00,0,0
1432853353,s0-eth1,187560.00,0.00,187560.00,0,18756,180.00,0.00,180.00,0,18,0.00,0.00,0,0
1432853353,s0-eth2,0.00,0.00,0.00,0,0,0.00,0.00,0.00,0,0,0.00,0.00,0,0
1432853353,s0-eth3,0.00,1875600.00,1875600.00,187560,0,0.00,1800.00,1800.00,180,0,0.00,0.00,0,0
1432853353,total,375120.00,2063160.00,2438280.00,206316,37512,360.00,1980.00,2340.00,198,36,0.00,0.00,0,0
1432853353,s1-eth1,0.00,187560.00,187560.00,18756,0,0.00,180.00,180.00,18,0,0.00,0.00,0,0
1432853353,s1-eth2,0.00,0.00,0.00,0,0,0.00,0.00,0.00,0,0,0.00,0.00,0,0
1432853353,s1-eth3,187560.00,0.00,187560.00,0,18756,180.00,0.00,180.00,0,18,0.00,0.00,0,0
1432853353,s0,0.00,0.00,0.00,0,0,0.00,0.00,0.00,0,0,0.00,0.00,0,0
1432853353,eth0,0.00,0.00,0.00,0,0,0.00,0.00,0.00,0,0,0.00,0.00,0,0
1432853353,lo,0.00,0.00,0.00,0,0,0.00,0.00,0.00,0,0,0.00,0.00,0,0
1432853353,s1,0.00,0.00,0.00,0,0,0.00,0.00,0.00,0,0,0.00,0.00,0,0
1432853353,s0-eth1,187560.00,0.00,187560.00,0,18756,180.00,0.00,180.00,0,18,0.00,0.00,0,0
1432853353,s0-eth2,0.00,0.00,0.00,0,0,0.00,0.00,0.00,0,0,0.00,0.00,0,0
1432853353,s0-eth3,0.00,1886020.00,1886020.00,188602,0,0.00,1810.00,1810.00,181,0,0.00,0.00,0,0
1432853353,total,375120.00,2073580.00,2448700.00,207358,37512,360.00,1990.00,2350.00,199,36,0.00,0.00,0,0
1432853353,s1-eth1,0.00,187560.00,187560.00,18756,0,0.00,180.00,180.00,18,0,0.00,0.00,0,0
1432853353,s1-eth2,0.00,0.00,0.00,0,0,0.00,0.00,0.00,0,0,0.00,0.00,0,0
1432853353,s1-eth3,187560.00,0.00,187560.00,0,18756,180.00,0.00,180.00,0,18,0.00,0.00,0,0
1432853353,s0,0.00,0.00,0.00,0,0,0.00,0.00,0.00,0,0,0.00,0.00,0,0
1432853353,eth0,0.00,0.00,0.00,0,0,0.00,0.00,0.00,0,0,0.00,0.00,0,0
1432853353,lo,0.00,0.00,0.00,0,0,0.00,0.00,0.00,0,0,0.00,0.00,0,0
1432853353,s1,0.00,0.00,0.00,0,0,0.00,0.00,0.00,0,0,0.00,0.00,0,0
1432853353,s0-eth1,187560.00,0.00,187560.00,0,18756,180.00,0.00,180.00,0,18,0.00,0.00,0,0
1432853353,s0-eth2,0.00,0.00,0.00,0,0,0.00,0.00,0.00,0,0,0.00,0.00,0,0
1432853353,s0-eth3,0.00,1875600.00,1875600.00,187560,0,0.00,1800.00,1800.00,180,0,0.00,0.00,0,0
1432853353,total,375120.00,2063160.00,2438280.00,206316,37512,360.00,1980.00,2340.00,198,36,0.00,0.00,0,0
1432853353,s1-eth1,0.00,187560.00,187560.00,18756,0,0.00,180.00,180.00,18,0,0.00,0.00,0,0
1432853353,s1-eth2,0.00,0.00,0.00,0,0,0.00,0.00,0.00,0,0,0.00,0.00,0,0
1432853353,s1-eth3,187560.00,0.00,187560.00,0,18756,180.00,0.00,180.00,0,18,0.00,0.00,0,0
1432853353,s0,0.00,0.00,0.00,0,0,0.00,0.00,0.00,0,0,0.00,0.00,0,0
1432853353,eth0,0.00,0.00,0.00,0,0,0.00,0.00,0.00,0,0,0.00,0.00,0,0
1432853353,lo,0.00,0.00,0.00,0,0,0.00,0.00,0.00,0,0,0.00,0.00,0,0
1432853353,s1,0.00,0.00,0.00,0,0,0.00,0.00,0.00,0,0,0.00,0.00,0,0
1432853353,s0-eth1,187560.00,0.00,187560.00,0,18756,180.00,0.00,180.00,0,18,0.00,0.00,0,0
1432853353,s0-eth2,0.00,0.00,0.00,0,0,0.00,0.00,0.00,0,0,0.00,0.00,0,0
1432853353,s0-eth3,0.00,1875600.00,1875600.00,187560,0,0.00,1800.00,1800.00,180,0,0.00,0.00,0,0
1432853353,total,375120.00,2063160.00,2438280.00,206316,37512,360.00,1980.00,2340.00,198,36,0.00,0.00,0,0
1432853353,s1-eth1,0.00,187560.00,187560.00,18756,0,0.00,180.00,180.00,18,0,0.00,0.00,0,0
1432853353,s1-eth2,0.00,0.00,0.00,0,0,0.00,0.00,0.00,0,0,0.00,0.00,0,0
1432853353,s1-eth3,187560.00,0.00,187560.00,0,18756,180.00,0.00,180.00,0,18,0.00,0.00,0,0
1432853353,s0,0.00,0.00,0.00,0,0,0.00,0.00,0.00,0,0,0.00,0.00,0,0
1432853353,eth0,0.00,0.00,0.00,0,0,0.00,0.00,0.00,0,0,0.00,0.00,0,0
1432853353,lo,0.00,0.00,0.00,0,0,0.00,0.00,0.00,0,0,0.00,0.00,0,0
1432853353,s1,0.00,0.00,0.00,0,0,0.00,0.00,0.00,0,0,0.00,0.00,0,0
1432853353,s0-eth1,187560.00,0.00,187560.00,0,18756,180.00,0.00,180.00,0,18,0.00,0.00,0,0
1432853353,s0-eth2,0.00,0.00,0.00,0,0,0.00,0.00,0.00,0,0,0.00,0.00,0,0
1432853353,s0-eth3,0.00,1886020.00,1886020.00,188602,0,0.00,1810.00,1810.00,181,0,0.00,0.00,0,0
1432853353,total,375120.00,2073580.00,2448700.00,207358,37512,360.00,1990.00,2350.00,199,36,0.00,0.00,0,0
1432853353,s1-eth1,0.00,187560.00,187560.00,18756,0,0.00,180.00,180.00,18,0,0.00,0.00,0,0
1432853353,s1-eth2,0.00,0.00,0.00,0,0,0.00,0.00,0.00,0,0,0.00,0.00,0,0
1432853353,s1-eth3,187560.00,0.00,187560.00,0,18756,180.00,0.00,180.00,0,18,0.00,0.00,0,0
1432853353,s0,0.00,0.00,0.00,0,0,0.00,0.00,0.00,0,0,0.00,0.00,0,0
1432853353,eth0,0.00,0.00,0.00,0,0,0.00,0.00,0.00,0,0,0.00,0.00,0,0
1432853353,lo,0.00,0.00,0.00,0,0,0.00,0.00,0.00,0,0,0.00,0.00,0,0
1432853353,s1,0.00,0.00,0.00,0,0,0.00,0.00,0.00,0,0,0.00,0.00,0,0
1432853353,s0-eth1,187560.00,0.00,187560.00,0,18756,180.00,0.00,180.00,0,18,0.00,0.00,0,0
1432853353,s0-eth2,0.00,0.00,0.00,0,0,0.00,0.00,0.00,0,0,0.00,0.00,0,0
1432853353,s0-eth3,0.00,573100.00,573100.00,57310,0,0.00,550.00,550.00,55,0,0.00,0.00,0,0
1432853353,total,375120.00,760660.00,1135780.00,76066,37512,360.00,730.00,1090.00,73,36,0.00,0.00,0,0
1432853353,s1-eth1,0.00,125040.00,125040.00,12504,0,0.00,120.00,120.00,12,0,0.00,0.00,0,0
1432853353,s1-eth2,0.00,0.00,0.00,0,0,0.00,0.00,0.00,0,0,0.00,0.00,0,0
1432853353,s1-eth3,125040.00,0.00,125040.00,0,12504,120.00,0.00,120.00,0,12,0.00,0.00,0,0
1432853353,s0,0.00,0.00,0.00,0,0,0.00,0.00,0.00,0,0,0.00,0.00,0,0
1432853353,eth0,0.00,0.00,0.00,0,0,0.00,0.00,0.00,0,0,0.00,0.00,0,0
1432853353,lo,0.00,0.00,0.00,0,0,0.00,0.00,0.00,0,0,0.00,0.00,0,0
1432853353,s1,0.00,0.00,0.00,0,0,0.00,0.00,0.00,0,0,0.00,0.00,0,0
1432853353,s0-eth1,125040.00,0.00,125040.00,0,12504,120.00,0.00,120.00,0,12,0.00,0.00,0,0
1432853353,s0-eth2,0.00,0.00,0.00,0,0,0.00,0.00,0.00,0,0,0.00,0.00,0,0
1432853353,s0-eth3,0.00,0.00,0.00,0,0,0.00,0.00,0.00,0,0,0.00,0.00,0,0
1432853353,total,250080.00,125040.00,375120.00,12504,25008,240.00,120.00,360.00,12,24,0.00,0.00,0,0
1432853353,s1-eth1,0.00,0.00,0.00,0,0,0.00,0.00,0.00,0,0,0.00,0.00,0,0
1432853353,s1-eth2,0.00,0.00,0.00,0,0,0.00,0.00,0.00,0,0,0.00,0.00,0,0
1432853353,s1-eth3,0.00,0.00,0.00,0,0,0.00,0.00,0.00,0,0,0.00,0.00,0,0
1432853353,s0,0.00,0.00,0.00,0,0,0.00,0.00,0.00,0,0,0.00,0.00,0,0
1432853353,eth0,0.00,0.00,0.00,0,0,0.00,0.00,0.00,0,0,0.00,0.00,0,0
1432853353,lo,0.00,0.00,0.00,0,0,0.00,0.00,0.00,0,0,0.00,0.00,0,0
1432853353,s1,0.00,0.00,0.00,0,0,0.00,0.00,0.00,0,0,0.00,0.00,0,0
1432853353,s0-eth1,0.00,0.00,0.00,0,0,0.00,0.00,0.00,0,0,0.00,0.00,0,0
1432853353,s0-eth2,0.00,0.00,0.00,0,0,0.00,0.00,0.00,0,0,0.00,0.00,0,0
1432853353,s0-eth3,0.00,0.00,0.00,0,0,0.00,0.00,0.00,0,0,0.00,0.00,0,0
1432853353,total,0.00,0.00,0.00,0,0,0.00,0.00,0.00,0,0,0.00,0.00,0,0
1432853353,s1-eth1,0.00,0.00,0.00,0,0,0.00,0.00,0.00,0,0,0.00,0.00,0,0
1432853353,s1-eth2,0.00,0.00,0.00,0,0,0.00,0.00,0.00,0,0,0.00,0.00,0,0
1432853353,s1-eth3,0.00,0.00,0.00,0,0,0.00,0.00,0.00,0,0,0.00,0.00,0,0
1432853353,s0,0.00,0.00,0.00,0,0,0.00,0.00,0.00,0,0,0.00,0.00,0,0
1432853353,eth0,0.00,0.00,0.00,0,0,0.00,0.00,0.00,0,0,0.00,0.00,0,0
1432853353,lo,0.00,0.00,0.00,0,0,0.00,0.00,0.00,0,0,0.00,0.00,0,0
1432853353,s1,0.00,0.00,0.00,0,0,0.00,0.00,0.00,0,0,0.00,0.00,0,0
1432853353,s0-eth1,0.00,0.00,0.00,0,0,0.00,0.00,0.00,0,0,0.00,0.00,0,0
1432853353,s0-eth2,0.00,0.00,0.00,0,0,0.00,0.00,0.00,0,0,0.00,0.00,0,0
1432853353,s0-eth3,0.00,0.00,0.00,0,0,0.00,0.00,0.00,0,0,0.00,0.00,0,0
1432853353,total,0.00,0.00,0.00,0,0,0.00,0.00,0.00,0,0,0.00,0.00,0,0
1432853354,s1-eth1,0.00,0.00,0.00,0,0,0.00,0.00,0.00,0,0,0.00,0.00,0,0
1432853354,s1-eth2,0.00,0.00,0.00,0,0,0.00,0.00,0.00,0,0,0.00,0.00,0,0
1432853354,s1-eth3,0.00,0.00,0.00,0,0,0.00,0.00,0.00,0,0,0.00,0.00,0,0
1432853354,s0,0.00,0.00,0.00,0,0,0.00,0.00,0.00,0,0,0.00,0.00,0,0
1432853354,eth0,0.00,0.00,0.00,0,0,0.00,0.00,0.00,0,0,0.00,0.00,0,0
1432853354,lo,0.00,0.00,0.00,0,0,0.00,0.00,0.00,0,0,0.00,0.00,0,0
1432853354,s1,0.00,0.00,0.00,0,0,0.00,0.00,0.00,0,0,0.00,0.00,0,0
1432853354,s0-eth1,0.00,0.00,0.00,0,0,0.00,0.00,0.00,0,0,0.00,0.00,0,0
1432853354,s0-eth2,0.00,0.00,0.00,0,0,0.00,0.00,0.00,0,0,0.00,0.00,0,0
1432853354,s0-eth3,0.00,0.00,0.00,0,0,0.00,0.00,0.00,0,0,0.00,0.00,0,0
1432853354,total,0.00,0.00,0.00,0,0,0.00,0.00,0.00,0,0,0.00,0.00,0,0
1432853354,s1-eth1,0.00,0.00,0.00,0,0,0.00,0.00,0.00,0,0,0.00,0.00,0,0
1432853354,s1-eth2,0.00,0.00,0.00,0,0,0.00,0.00,0.00,0,0,0.00,0.00,0,0
1432853354,s1-eth3,0.00,0.00,0.00,0,0,0.00,0.00,0.00,0,0,0.00,0.00,0,0
1432853354,s0,0.00,0.00,0.00,0,0,0.00,0.00,0.00,0,0,0.00,0.00,0,0
1432853354,eth0,0.00,0.00,0.00,0,0,0.00,0.00,0.00,0,0,0.00,0.00,0,0
1432853354,lo,0.00,0.00,0.00,0,0,0.00,0.00,0.00,0,0,0.00,0.00,0,0
1432853354,s1,0.00,0.00,0.00,0,0,0.00,0.00,0.00,0,0,0.00,0.00,0,0
1432853354,s0-eth1,0.00,0.00,0.00,0,0,0.00,0.00,0.00,0,0,0.00,0.00,0,0
1432853354,s0-eth2,0.00,0.00,0.00,0,0,0.00,0.00,0.00,0,0,0.00,0.00,0,0
1432853354,s0-eth3,0.00,0.00,0.00,0,0,0.00,0.00,0.00,0,0,0.00,0.00,0,0
1432853354,total,0.00,0.00,0.00,0,0,0.00,0.00,0.00,0,0,0.00,0.00,0,0
1432853354,s1-eth1,0.00,0.00,0.00,0,0,0.00,0.00,0.00,0,0,0.00,0.00,0,0
1432853354,s1-eth2,0.00,0.00,0.00,0,0,0.00,0.00,0.00,0,0,0.00,0.00,0,0
1432853354,s1-eth3,0.00,0.00,0.00,0,0,0.00,0.00,0.00,0,0,0.00,0.00,0,0
1432853354,s0,0.00,0.00,0.00,0,0,0.00,0.00,0.00,0,0,0.00,0.00,0,0
1432853354,eth0,0.00,0.00,0.00,0,0,0.00,0.00,0.00,0,0,0.00,0.00,0,0
1432853354,lo,0.00,0.00,0.00,0,0,0.00,0.00,0.00,0,0,0.00,0.00,0,0
1432853354,s1,0.00,0.00,0.00,0,0,0.00,0.00,0.00,0,0,0.00,0.00,0,0
1432853354,s0-eth1,0.00,0.00,0.00,0,0,0.00,0.00,0.00,0,0,0.00,0.00,0,0
1432853354,s0-eth2,0.00,0.00,0.00,0,0,0.00,0.00,0.00,0,0,0.00,0.00,0,0
1432853354,s0-eth3,0.00,0.00,0.00,0,0,0.00,0.00,0.00,0,0,0.00,0.00,0,0
1432853354,total,0.00,0.00,0.00,0,0,0.00,0.00,0.00,0,0,0.00,0.00,0,0
1432853354,s1-eth1,0.00,0.00,0.00,0,0,0.00,0.00,0.00,0,0,0.00,0.00,0,0
1432853354,s1-eth2,0.00,0.00,0.00,0,0,0.00,0.00,0.00,0,0,0.00,0.00,0,0
1432853354,s1-eth3,0.00,0.00,0.00,0,0,0.00,0.00,0.00,0,0,0.00,0.00,0,0
1432853354,s0,0.00,0.00,0.00,0,0,0.00,0.00,0.00,0,0,0.00,0.00,0,0
1432853354,eth0,0.00,0.00,0.00,0,0,0.00,0.00,0.00,0,0,0.00,0.00,0,0
1432853354,lo,0.00,0.00,0.00,0,0,0.00,0.00,0.00,0,0,0.00,0.00,0,0
1432853354,s1,0.00,0.00,0.00,0,0,0.00,0.00,0.00,0,0,0.00,0.00,0,0
1432853354,s0-eth1,0.00,0.00,0.00,0,0,0.00,0.00,0.00,0,0,0.00,0.00,0,0
1432853354,s0-eth2,0.00,0.00,0.00,0,0,0.00,0.00,0.00,0,0,0.00,0.00,0,0
1432853354,s0-eth3,0.00,0.00,0.00,0,0,0.00,0.00,0.00,0,0,0.00,0.00,0,0
1432853354,total,0.00,0.00,0.00,0,0,0.00,0.00,0.00,0,0,0.00,0.00,0,0
1432853354,s1-eth1,0.00,0.00,0.00,0,0,0.00,0.00,0.00,0,0,0.00,0.00,0,0
1432853354,s1-eth2,0.00,0.00,0.00,0,0,0.00,0.00,0.00,0,0,0.00,0.00,0,0
1432853354,s1-eth3,0.00,0.00,0.00,0,0,0.00,0.00,0.00,0,0,0.00,0.00,0,0
1432853354,s0,0.00,0.00,0.00,0,0,0.00,0.00,0.00,0,0,0.00,0.00,0,0
1432853354,eth0,0.00,0.00,0.00,0,0,0.00,0.00,0.00,0,0,0.00,0.00,0,0
1432853354,lo,0.00,0.00,0.00,0,0,0.00,0.00,0.00,0,0,0.00,0.00,0,0
1432853354,s1,0.00,0.00,0.00,0,0,0.00,0.00,0.00,0,0,0.00,0.00,0,0
1432853354,s0-eth1,0.00,0.00,0.00,0,0,0.00,0.00,0.00,0,0,0.00,0.00,0,0
1432853354,s0-eth2,0.00,0.00,0.00,0,0,0.00,0.00,0.00,0,0,0.00,0.00,0,0
1432853354,s0-eth3,0.00,0.00,0.00,0,0,0.00,0.00,0.00,0,0,0.00,0.00,0,0
1432853354,total,0.00,0.00,0.00,0,0,0.00,0.00,0.00,0,0,0.00,0.00,0,0
1432853354,s1-eth1,0.00,0.00,0.00,0,0,0.00,0.00,0.00,0,0,0.00,0.00,0,0
1432853354,s1-eth2,0.00,0.00,0.00,0,0,0.00,0.00,0.00,0,0,0.00,0.00,0,0
1432853354,s1-eth3,0.00,0.00,0.00,0,0,0.00,0.00,0.00,0,0,0.00,0.00,0,0
1432853354,s0,0.00,0.00,0.00,0,0,0.00,0.00,0.00,0,0,0.00,0.00,0,0
1432853354,eth0,0.00,0.00,0.00,0,0,0.00,0.00,0.00,0,0,0.00,0.00,0,0
1432853354,lo,0.00,0.00,0.00,0,0,0.00,0.00,0.00,0,0,0.00,0.00,0,0
1432853354,s1,0.00,0.00,0.00,0,0,0.00,0.00,0.00,0,0,0.00,0.00,0,0
1432853354,s0-eth1,0.00,0.00,0.00,0,0,0.00,0.00,0.00,0,0,0.00,0.00,0,0
1432853354,s0-eth2,0.00,0.00,0.00,0,0,0.00,0.00,0.00,0,0,0.00,0.00,0,0
1432853354,s0-eth3,0.00,0.00,0.00,0,0,0.00,0.00,0.00,0,0,0.00,0.00,0,0
1432853354,total,0.00,0.00,0.00,0,0,0.00,0.00,0.00,0,0,0.00,0.00,0,0
1432853354,s1-eth1,0.00,0.00,0.00,0,0,0.00,0.00,0.00,0,0,0.00,0.00,0,0
1432853354,s1-eth2,0.00,0.00,0.00,0,0,0.00,0.00,0.00,0,0,0.00,0.00,0,0
1432853354,s1-eth3,0.00,0.00,0.00,0,0,0.00,0.00,0.00,0,0,0.00,0.00,0,0
1432853354,s0,0.00,0.00,0.00,0,0,0.00,0.00,0.00,0,0,0.00,0.00,0,0
1432853354,eth0,0.00,0.00,0.00,0,0,0.00,0.00,0.00,0,0,0.00,0.00,0,0
1432853354,lo,0.00,0.00,0.00,0,0,0.00,0.00,0.00,0,0,0.00,0.00,0,0
1432853354,s1,0.00,0.00,0.00,0,0,0.00,0.00,0.00,0,0,0.00,0.00,0,0
1432853354,s0-eth1,0.00,0.00,0.00,0,0,0.00,0.00,0.00,0,0,0.00,0.00,0,0
1432853354,s0-eth2,0.00,0.00,0.00,0,0,0.00,0.00,0.00,0,0,0.00,0.00,0,0
1432853354,s0-eth3,0.00,0.00,0.00,0,0,0.00,0.00,0.00,0,0,0.00,0.00,0,0
1432853354,total,0.00,0.00,0.00,0,0,0.00,0.00,0.00,0,0,0.00,0.00,0,0
1432853354,s1-eth1,0.00,0.00,0.00,0,0,0.00,0.00,0.00,0,0,0.00,0.00,0,0
1432853354,s1-eth2,0.00,0.00,0.00,0,0,0.00,0.00,0.00,0,0,0.00,0.00,0,0
1432853354,s1-eth3,0.00,0.00,0.00,0,0,0.00,0.00,0.00,0,0,0.00,0.00,0,0
1432853354,s0,0.00,0.00,0.00,0,0,0.00,0.00,0.00,0,0,0.00,0.00,0,0
1432853354,eth0,0.00,0.00,0.00,0,0,0.00,0.00,0.00,0,0,0.00,0.00,0,0
1432853354,lo,0.00,0.00,0.00,0,0,0.00,0.00,0.00,0,0,0.00,0.00,0,0
1432853354,s1,0.00,0.00,0.00,0,0,0.00,0.00,0.00,0,0,0.00,0.00,0,0
1432853354,s0-eth1,0.00,0.00,0.00,0,0,0.00,0.00,0.00,0,0,0.00,0.00,0,0
1432853354,s0-eth2,0.00,0.00,0.00,0,0,0.00,0.00,0.00,0,0,0.00,0.00,0,0
1432853354,s0-eth3,0.00,0.00,0.00,0,0,0.00,0.00,0.00,0,0,0.00,0.00,0,0
1432853354,total,0.00,0.00,0.00,0,0,0.00,0.00,0.00,0,0,0.00,0.00,0,0
1432853354,s1-eth1,0.00,0.00,0.00,0,0,0.00,0.00,0.00,0,0,0.00,0.00,0,0
1432853354,s1-eth2,0.00,0.00,0.00,0,0,0.00,0.00,0.00,0,0,0.00,0.00,0,0
1432853354,s1-eth3,0.00,0.00,0.00,0,0,0.00,0.00,0.00,0,0,0.00,0.00,0,0
1432853354,s0,0.00,0.00,0.00,0,0,0.00,0.00,0.00,0,0,0.00,0.00,0,0
1432853354,eth0,0.00,0.00,0.00,0,0,0.00,0.00,0.00,0,0,0.00,0.00,0,0
1432853354,lo,0.00,0.00,0.00,0,0,0.00,0.00,0.00,0,0,0.00,0.00,0,0
1432853354,s1,0.00,0.00,0.00,0,0,0.00,0.00,0.00,0,0,0.00,0.00,0,0
1432853354,s0-eth1,0.00,0.00,0.00,0,0,0.00,0.00,0.00,0,0,0.00,0.00,0,0
1432853354,s0-eth2,0.00,0.00,0.00,0,0,0.00,0.00,0.00,0,0,0.00,0.00,0,0
1432853354,s0-eth3,0.00,0.00,0.00,0,0,0.00,0.00,0.00,0,0,0.00,0.00,0,0
1432853354,total,0.00,0.00,0.00,0,0,0.00,0.00,0.00,0,0,0.00,0.00,0,0
1432853354,s1-eth1,0.00,0.00,0.00,0,0,0.00,0.00,0.00,0,0,0.00,0.00,0,0
1432853354,s1-eth2,0.00,0.00,0.00,0,0,0.00,0.00,0.00,0,0,0.00,0.00,0,0
1432853354,s1-eth3,0.00,0.00,0.00,0,0,0.00,0.00,0.00,0,0,0.00,0.00,0,0
1432853354,s0,0.00,0.00,0.00,0,0,0.00,0.00,0.00,0,0,0.00,0.00,0,0
1432853354,eth0,0.00,0.00,0.00,0,0,0.00,0.00,0.00,0,0,0.00,0.00,0,0
1432853354,lo,0.00,0.00,0.00,0,0,0.00,0.00,0.00,0,0,0.00,0.00,0,0
1432853354,s1,0.00,0.00,0.00,0,0,0.00,0.00,0.00,0,0,0.00,0.00,0,0
1432853354,s0-eth1,0.00,0.00,0.00,0,0,0.00,0.00,0.00,0,0,0.00,0.00,0,0
1432853354,s0-eth2,0.00,0.00,0.00,0,0,0.00,0.00,0.00,0,0,0.00,0.00,0,0
1432853354,s0-eth3,0.00,0.00,0.00,0,0,0.00,0.00,0.00,0,0,0.00,0.00,0,0
1432853354,total,0.00,0.00,0.00,0,0,0.00,0.00,0.00,0,0,0.00,0.00,0,0
1432853355,s1-eth1,0.00,0.00,0.00,0,0,0.00,0.00,0.00,0,0,0.00,0.00,0,0
1432853355,s1-eth2,0.00,0.00,0.00,0,0,0.00,0.00,0.00,0,0,0.00,0.00,0,0
1432853355,s1-eth3,0.00,0.00,0.00,0,0,0.00,0.00,0.00,0,0,0.00,0.00,0,0
1432853355,s0,0.00,0.00,0.00,0,0,0.00,0.00,0.00,0,0,0.00,0.00,0,0
1432853355,eth0,0.00,0.00,0.00,0,0,0.00,0.00,0.00,0,0,0.00,0.00,0,0
1432853355,lo,0.00,0.00,0.00,0,0,0.00,0.00,0.00,0,0,0.00,0.00,0,0
1432853355,s1,0.00,0.00,0.00,0,0,0.00,0.00,0.00,0,0,0.00,0.00,0,0
1432853355,s0-eth1,0.00,0.00,0.00,0,0,0.00,0.00,0.00,0,0,0.00,0.00,0,0
1432853355,s0-eth2,0.00,0.00,0.00,0,0,0.00,0.00,0.00,0,0,0.00,0.00,0,0
1432853355,s0-eth3,0.00,0.00,0.00,0,0,0.00,0.00,0.00,0,0,0.00,0.00,0,0
1432853355,total,0.00,0.00,0.00,0,0,0.00,0.00,0.00,0,0,0.00,0.00,0,0
1432853355,s1-eth1,0.00,0.00,0.00,0,0,0.00,0.00,0.00,0,0,0.00,0.00,0,0
1432853355,s1-eth2,0.00,0.00,0.00,0,0,0.00,0.00,0.00,0,0,0.00,0.00,0,0
1432853355,s1-eth3,0.00,0.00,0.00,0,0,0.00,0.00,0.00,0,0,0.00,0.00,0,0
1432853355,s0,0.00,0.00,0.00,0,0,0.00,0.00,0.00,0,0,0.00,0.00,0,0
1432853355,eth0,0.00,0.00,0.00,0,0,0.00,0.00,0.00,0,0,0.00,0.00,0,0
1432853355,lo,0.00,0.00,0.00,0,0,0.00,0.00,0.00,0,0,0.00,0.00,0,0
1432853355,s1,0.00,0.00,0.00,0,0,0.00,0.00,0.00,0,0,0.00,0.00,0,0
1432853355,s0-eth1,0.00,0.00,0.00,0,0,0.00,0.00,0.00,0,0,0.00,0.00,0,0
1432853355,s0-eth2,0.00,0.00,0.00,0,0,0.00,0.00,0.00,0,0,0.00,0.00,0,0
1432853355,s0-eth3,0.00,0.00,0.00,0,0,0.00,0.00,0.00,0,0,0.00,0.00,0,0
1432853355,total,0.00,0.00,0.00,0,0,0.00,0.00,0.00,0,0,0.00,0.00,0,0
1432853355,s1-eth1,0.00,0.00,0.00,0,0,0.00,0.00,0.00,0,0,0.00,0.00,0,0
1432853355,s1-eth2,0.00,0.00,0.00,0,0,0.00,0.00,0.00,0,0,0.00,0.00,0,0
1432853355,s1-eth3,0.00,0.00,0.00,0,0,0.00,0.00,0.00,0,0,0.00,0.00,0,0
1432853355,s0,0.00,0.00,0.00,0,0,0.00,0.00,0.00,0,0,0.00,0.00,0,0
1432853355,eth0,0.00,0.00,0.00,0,0,0.00,0.00,0.00,0,0,0.00,0.00,0,0
1432853355,lo,0.00,0.00,0.00,0,0,0.00,0.00,0.00,0,0,0.00,0.00,0,0
1432853355,s1,0.00,0.00,0.00,0,0,0.00,0.00,0.00,0,0,0.00,0.00,0,0
1432853355,s0-eth1,0.00,0.00,0.00,0,0,0.00,0.00,0.00,0,0,0.00,0.00,0,0
1432853355,s0-eth2,0.00,0.00,0.00,0,0,0.00,0.00,0.00,0,0,0.00,0.00,0,0
1432853355,s0-eth3,0.00,0.00,0.00,0,0,0.00,0.00,0.00,0,0,0.00,0.00,0,0
1432853355,total,0.00,0.00,0.00,0,0,0.00,0.00,0.00,0,0,0.00,0.00,0,0
1432853355,s1-eth1,0.00,0.00,0.00,0,0,0.00,0.00,0.00,0,0,0.00,0.00,0,0
1432853355,s1-eth2,0.00,0.00,0.00,0,0,0.00,0.00,0.00,0,0,0.00,0.00,0,0
1432853355,s1-eth3,0.00,0.00,0.00,0,0,0.00,0.00,0.00,0,0,0.00,0.00,0,0
1432853355,s0,0.00,0.00,0.00,0,0,0.00,0.00,0.00,0,0,0.00,0.00,0,0
1432853355,eth0,0.00,0.00,0.00,0,0,0.00,0.00,0.00,0,0,0.00,0.00,0,0
1432853355,lo,0.00,0.00,0.00,0,0,0.00,0.00,0.00,0,0,0.00,0.00,0,0
1432853355,s1,0.00,0.00,0.00,0,0,0.00,0.00,0.00,0,0,0.00,0.00,0,0
1432853355,s0-eth1,0.00,0.00,0.00,0,0,0.00,0.00,0.00,0,0,0.00,0.00,0,0
1432853355,s0-eth2,0.00,0.00,0.00,0,0,0.00,0.00,0.00,0,0,0.00,0.00,0,0
1432853355,s0-eth3,0.00,0.00,0.00,0,0,0.00,0.00,0.00,0,0,0.00,0.00,0,0
1432853355,total,0.00,0.00,0.00,0,0,0.00,0.00,0.00,0,0,0.00,0.00,0,0
1432853355,s1-eth1,0.00,0.00,0.00,0,0,0.00,0.00,0.00,0,0,0.00,0.00,0,0
1432853355,s1-eth2,0.00,0.00,0.00,0,0,0.00,0.00,0.00,0,0,0.00,0.00,0,0
1432853355,s1-eth3,0.00,0.00,0.00,0,0,0.00,0.00,0.00,0,0,0.00,0.00,0,0
1432853355,s0,0.00,0.00,0.00,0,0,0.00,0.00,0.00,0,0,0.00,0.00,0,0
1432853355,eth0,0.00,0.00,0.00,0,0,0.00,0.00,0.00,0,0,0.00,0.00,0,0
1432853355,lo,0.00,0.00,0.00,0,0,0.00,0.00,0.00,0,0,0.00,0.00,0,0
1432853355,s1,0.00,0.00,0.00,0,0,0.00,0.00,0.00,0,0,0.00,0.00,0,0
1432853355,s0-eth1,0.00,0.00,0.00,0,0,0.00,0.00,0.00,0,0,0.00,0.00,0,0
1432853355,s0-eth2,0.00,0.00,0.00,0,0,0.00,0.00,0.00,0,0,0.00,0.00,0,0
1432853355,s0-eth3,0.00,0.00,0.00,0,0,0.00,0.00,0.00,0,0,0.00,0.00,0,0
1432853355,total,0.00,0.00,0.00,0,0,0.00,0.00,0.00,0,0,0.00,0.00,0,0
1432853355,s1-eth1,0.00,62520.00,62520.00,6252,0,0.00,60.00,60.00,6,0,0.00,0.00,0,0
1432853355,s1-eth2,0.00,0.00,0.00,0,0,0.00,0.00,0.00,0,0,0.00,0.00,0,0
1432853355,s1-eth3,62520.00,0.00,62520.00,0,6252,60.00,0.00,60.00,0,6,0.00,0.00,0,0
1432853355,s0,0.00,0.00,0.00,0,0,0.00,0.00,0.00,0,0,0.00,0.00,0,0
1432853355,eth0,0.00,0.00,0.00,0,0,0.00,0.00,0.00,0,0,0.00,0.00,0,0
1432853355,lo,0.00,0.00,0.00,0,0,0.00,0.00,0.00,0,0,0.00,0.00,0,0
1432853355,s1,0.00,0.00,0.00,0,0,0.00,0.00,0.00,0,0,0.00,0.00,0,0
1432853355,s0-eth1,62520.00,0.00,62520.00,0,6252,60.00,0.00,60.00,0,6,0.00,0.00,0,0
1432853355,s0-eth2,0.00,0.00,0.00,0,0,0.00,0.00,0.00,0,0,0.00,0.00,0,0
1432853355,s0-eth3,0.00,521000.00,521000.00,52100,0,0.00,500.00,500.00,50,0,0.00,0.00,0,0
1432853355,total,125040.00,583520.00,708560.00,58352,12504,120.00,560.00,680.00,56,12,0.00,0.00,0,0
1432853355,s1-eth1,0.00,187560.00,187560.00,18756,0,0.00,180.00,180.00,18,0,0.00,0.00,0,0
1432853355,s1-eth2,0.00,0.00,0.00,0,0,0.00,0.00,0.00,0,0,0.00,0.00,0,0
1432853355,s1-eth3,187560.00,0.00,187560.00,0,18756,180.00,0.00,180.00,0,18,0.00,0.00,0,0
1432853355,s0,0.00,0.00,0.00,0,0,0.00,0.00,0.00,0,0,0.00,0.00,0,0
1432853355,eth0,0.00,0.00,0.00,0,0,0.00,0.00,0.00,0,0,0.00,0.00,0,0
1432853355,lo,0.00,0.00,0.00,0,0,0.00,0.00,0.00,0,0,0.00,0.00,0,0
1432853355,s1,0.00,0.00,0.00,0,0,0.00,0.00,0.00,0,0,0.00,0.00,0,0
1432853355,s0-eth1,187560.00,0.00,187560.00,0,18756,180.00,0.00,180.00,0,18,0.00,0.00,0,0
1432853355,s0-eth2,0.00,0.00,0.00,0,0,0.00,0.00,0.00,0,0,0.00,0.00,0,0
1432853355,s0-eth3,0.00,1875600.00,1875600.00,187560,0,0.00,1800.00,1800.00,180,0,0.00,0.00,0,0
1432853355,total,375120.00,2063160.00,2438280.00,206316,37512,360.00,1980.00,2340.00,198,36,0.00,0.00,0,0
1432853355,s1-eth1,0.00,197980.00,197980.00,19798,0,0.00,190.00,190.00,19,0,0.00,0.00,0,0
1432853355,s1-eth2,0.00,0.00,0.00,0,0,0.00,0.00,0.00,0,0,0.00,0.00,0,0
1432853355,s1-eth3,187560.00,0.00,187560.00,0,18756,180.00,0.00,180.00,0,18,0.00,0.00,0,0
1432853355,s0,0.00,0.00,0.00,0,0,0.00,0.00,0.00,0,0,0.00,0.00,0,0
1432853355,eth0,0.00,0.00,0.00,0,0,0.00,0.00,0.00,0,0,0.00,0.00,0,0
1432853355,lo,0.00,0.00,0.00,0,0,0.00,0.00,0.00,0,0,0.00,0.00,0,0
1432853355,s1,0.00,0.00,0.00,0,0,0.00,0.00,0.00,0,0,0.00,0.00,0,0
1432853355,s0-eth1,197980.00,0.00,197980.00,0,19798,190.00,0.00,190.00,0,19,0.00,0.00,0,0
1432853355,s0-eth2,0.00,0.00,0.00,0,0,0.00,0.00,0.00,0,0,0.00,0.00,0,0
1432853355,s0-eth3,0.00,1886020.00,1886020.00,188602,0,0.00,1810.00,1810.00,181,0,0.00,0.00,0,0
1432853355,total,385540.00,2084000.00,2469540.00,208400,38554,370.00,2000.00,2370.00,200,37,0.00,0.00,0,0
1432853355,s1-eth1,0.00,187560.00,187560.00,18756,0,0.00,180.00,180.00,18,0,0.00,0.00,0,0
1432853355,s1-eth2,0.00,0.00,0.00,0,0,0.00,0.00,0.00,0,0,0.00,0.00,0,0
1432853355,s1-eth3,187560.00,0.00,187560.00,0,18756,180.00,0.00,180.00,0,18,0.00,0.00,0,0
1432853355,s0,0.00,0.00,0.00,0,0,0.00,0.00,0.00,0,0,0.00,0.00,0,0
1432853355,eth0,0.00,0.00,0.00,0,0,0.00,0.00,0.00,0,0,0.00,0.00,0,0
1432853355,lo,0.00,0.00,0.00,0,0,0.00,0.00,0.00,0,0,0.00,0.00,0,0
1432853355,s1,0.00,0.00,0.00,0,0,0.00,0.00,0.00,0,0,0.00,0.00,0,0
1432853355,s0-eth1,187560.00,0.00,187560.00,0,18756,180.00,0.00,180.00,0,18,0.00,0.00,0,0
1432853355,s0-eth2,0.00,0.00,0.00,0,0,0.00,0.00,0.00,0,0,0.00,0.00,0,0
1432853355,s0-eth3,0.00,1875600.00,1875600.00,187560,0,0.00,1800.00,1800.00,180,0,0.00,0.00,0,0
1432853355,total,375120.00,2063160.00,2438280.00,206316,37512,360.00,1980.00,2340.00,198,36,0.00,0.00,0,0
1432853355,s1-eth1,0.00,187560.00,187560.00,18756,0,0.00,180.00,180.00,18,0,0.00,0.00,0,0
1432853355,s1-eth2,0.00,0.00,0.00,0,0,0.00,0.00,0.00,0,0,0.00,0.00,0,0
1432853355,s1-eth3,187560.00,0.00,187560.00,0,18756,180.00,0.00,180.00,0,18,0.00,0.00,0,0
1432853355,s0,0.00,0.00,0.00,0,0,0.00,0.00,0.00,0,0,0.00,0.00,0,0
1432853355,eth0,0.00,0.00,0.00,0,0,0.00,0.00,0.00,0,0,0.00,0.00,0,0
1432853355,lo,0.00,0.00,0.00,0,0,0.00,0.00,0.00,0,0,0.00,0.00,0,0
1432853355,s1,0.00,0.00,0.00,0,0,0.00,0.00,0.00,0,0,0.00,0.00,0,0
1432853355,s0-eth1,187560.00,0.00,187560.00,0,18756,180.00,0.00,180.00,0,18,0.00,0.00,0,0
1432853355,s0-eth2,0.00,0.00,0.00,0,0,0.00,0.00,0.00,0,0,0.00,0.00,0,0
1432853355,s0-eth3,0.00,1875600.00,1875600.00,187560,0,0.00,1800.00,1800.00,180,0,0.00,0.00,0,0
1432853355,total,375120.00,2063160.00,2438280.00,206316,37512,360.00,1980.00,2340.00,198,36,0.00,0.00,0,0
1432853356,s1-eth1,0.00,185702.98,185702.98,18756,0,0.00,178.22,178.22,18,0,0.00,0.00,0,0
1432853356,s1-eth2,0.00,0.00,0.00,0,0,0.00,0.00,0.00,0,0,0.00,0.00,0,0
1432853356,s1-eth3,185702.98,0.00,185702.98,0,18756,178.22,0.00,178.22,0,18,0.00,0.00,0,0
1432853356,s0,0.00,0.00,0.00,0,0,0.00,0.00,0.00,0,0,0.00,0.00,0,0
1432853356,eth0,0.00,0.00,0.00,0,0,0.00,0.00,0.00,0,0,0.00,0.00,0,0
1432853356,lo,0.00,0.00,0.00,0,0,0.00,0.00,0.00,0,0,0.00,0.00,0,0
1432853356,s1,0.00,0.00,0.00,0,0,0.00,0.00,0.00,0,0,0.00,0.00,0,0
1432853356,s0-eth1,185702.98,0.00,185702.98,0,18756,178.22,0.00,178.22,0,18,0.00,0.00,0,0
1432853356,s0-eth2,0.00,0.00,0.00,0,0,0.00,0.00,0.00,0,0,0.00,0.00,0,0
1432853356,s0-eth3,0.00,1867346.62,1867346.62,188602,0,0.00,1792.08,1792.08,181,0,0.00,0.00,0,0
1432853356,total,371405.97,2053049.62,2424455.50,207358,37512,356.44,1970.30,2326.73,199,36,0.00,0.00,0,0
1432853356,s1-eth1,0.00,187560.00,187560.00,18756,0,0.00,180.00,180.00,18,0,0.00,0.00,0,0
1432853356,s1-eth2,0.00,0.00,0.00,0,0,0.00,0.00,0.00,0,0,0.00,0.00,0,0
1432853356,s1-eth3,187560.00,0.00,187560.00,0,18756,180.00,0.00,180.00,0,18,0.00,0.00,0,0
1432853356,s0,0.00,0.00,0.00,0,0,0.00,0.00,0.00,0,0,0.00,0.00,0,0
1432853356,eth0,0.00,0.00,0.00,0,0,0.00,0.00,0.00,0,0,0.00,0.00,0,0
1432853356,lo,0.00,0.00,0.00,0,0,0.00,0.00,0.00,0,0,0.00,0.00,0,0
1432853356,s1,0.00,0.00,0.00,0,0,0.00,0.00,0.00,0,0,0.00,0.00,0,0
1432853356,s0-eth1,187560.00,0.00,187560.00,0,18756,180.00,0.00,180.00,0,18,0.00,0.00,0,0
1432853356,s0-eth2,0.00,0.00,0.00,0,0,0.00,0.00,0.00,0,0,0.00,0.00,0,0
1432853356,s0-eth3,0.00,1042000.00,1042000.00,104200,0,0.00,1000.00,1000.00,100,0,0.00,0.00,0,0
1432853356,total,375120.00,1229560.00,1604680.00,122956,37512,360.00,1180.00,1540.00,118,36,0.00,0.00,0,0
1432853356,s1-eth1,0.00,166720.00,166720.00,16672,0,0.00,160.00,160.00,16,0,0.00,0.00,0,0
1432853356,s1-eth2,0.00,0.00,0.00,0,0,0.00,0.00,0.00,0,0,0.00,0.00,0,0
1432853356,s1-eth3,177140.00,0.00,177140.00,0,17714,170.00,0.00,170.00,0,17,0.00,0.00,0,0
1432853356,s0,0.00,0.00,0.00,0,0,0.00,0.00,0.00,0,0,0.00,0.00,0,0
1432853356,eth0,0.00,0.00,0.00,0,0,0.00,0.00,0.00,0,0,0.00,0.00,0,0
1432853356,lo,0.00,0.00,0.00,0,0,0.00,0.00,0.00,0,0,0.00,0.00,0,0
1432853356,s1,0.00,0.00,0.00,0,0,0.00,0.00,0.00,0,0,0.00,0.00,0,0
1432853356,s0-eth1,166720.00,0.00,166720.00,0,16672,160.00,0.00,160.00,0,16,0.00,0.00,0,0
1432853356,s0-eth2,0.00,0.00,0.00,0,0,0.00,0.00,0.00,0,0,0.00,0.00,0,0
1432853356,s0-eth3,0.00,0.00,0.00,0,0,0.00,0.00,0.00,0,0,0.00,0.00,0,0
1432853356,total,343860.00,166720.00,510580.00,16672,34386,330.00,160.00,490.00,16,33,0.00,0.00,0,0
1432853356,s1-eth1,0.00,0.00,0.00,0,0,0.00,0.00,0.00,0,0,0.00,0.00,0,0
1432853356,s1-eth2,0.00,0.00,0.00,0,0,0.00,0.00,0.00,0,0,0.00,0.00,0,0
1432853356,s1-eth3,0.00,0.00,0.00,0,0,0.00,0.00,0.00,0,0,0.00,0.00,0,0
1432853356,s0,0.00,0.00,0.00,0,0,0.00,0.00,0.00,0,0,0.00,0.00,0,0
1432853356,eth0,0.00,0.00,0.00,0,0,0.00,0.00,0.00,0,0,0.00,0.00,0,0
1432853356,lo,0.00,0.00,0.00,0,0,0.00,0.00,0.00,0,0,0.00,0.00,0,0
1432853356,s1,0.00,0.00,0.00,0,0,0.00,0.00,0.00,0,0,0.00,0.00,0,0
1432853356,s0-eth1,0.00,0.00,0.00,0,0,0.00,0.00,0.00,0,0,0.00,0.00,0,0
1432853356,s0-eth2,0.00,0.00,0.00,0,0,0.00,0.00,0.00,0,0,0.00,0.00,0,0
1432853356,s0-eth3,0.00,0.00,0.00,0,0,0.00,0.00,0.00,0,0,0.00,0.00,0,0
1432853356,total,0.00,0.00,0.00,0,0,0.00,0.00,0.00,0,0,0.00,0.00,0,0
1432853356,s1-eth1,0.00,0.00,0.00,0,0,0.00,0.00,0.00,0,0,0.00,0.00,0,0
1432853356,s1-eth2,0.00,0.00,0.00,0,0,0.00,0.00,0.00,0,0,0.00,0.00,0,0
1432853356,s1-eth3,0.00,0.00,0.00,0,0,0.00,0.00,0.00,0,0,0.00,0.00,0,0
1432853356,s0,0.00,0.00,0.00,0,0,0.00,0.00,0.00,0,0,0.00,0.00,0,0
1432853356,eth0,0.00,0.00,0.00,0,0,0.00,0.00,0.00,0,0,0.00,0.00,0,0
1432853356,lo,0.00,0.00,0.00,0,0,0.00,0.00,0.00,0,0,0.00,0.00,0,0
1432853356,s1,0.00,0.00,0.00,0,0,0.00,0.00,0.00,0,0,0.00,0.00,0,0
1432853356,s0-eth1,0.00,0.00,0.00,0,0,0.00,0.00,0.00,0,0,0.00,0.00,0,0
1432853356,s0-eth2,0.00,0.00,0.00,0,0,0.00,0.00,0.00,0,0,0.00,0.00,0,0
1432853356,s0-eth3,0.00,0.00,0.00,0,0,0.00,0.00,0.00,0,0,0.00,0.00,0,0
1432853356,total,0.00,0.00,0.00,0,0,0.00,0.00,0.00,0,0,0.00,0.00,0,0
1432853356,s1-eth1,0.00,0.00,0.00,0,0,0.00,0.00,0.00,0,0,0.00,0.00,0,0
1432853356,s1-eth2,0.00,0.00,0.00,0,0,0.00,0.00,0.00,0,0,0.00,0.00,0,0
1432853356,s1-eth3,0.00,0.00,0.00,0,0,0.00,0.00,0.00,0,0,0.00,0.00,0,0
1432853356,s0,0.00,0.00,0.00,0,0,0.00,0.00,0.00,0,0,0.00,0.00,0,0
1432853356,eth0,0.00,0.00,0.00,0,0,0.00,0.00,0.00,0,0,0.00,0.00,0,0
1432853356,lo,0.00,0.00,0.00,0,0,0.00,0.00,0.00,0,0,0.00,0.00,0,0
1432853356,s1,0.00,0.00,0.00,0,0,0.00,0.00,0.00,0,0,0.00,0.00,0,0
1432853356,s0-eth1,0.00,0.00,0.00,0,0,0.00,0.00,0.00,0,0,0.00,0.00,0,0
1432853356,s0-eth2,0.00,0.00,0.00,0,0,0.00,0.00,0.00,0,0,0.00,0.00,0,0
1432853356,s0-eth3,0.00,0.00,0.00,0,0,0.00,0.00,0.00,0,0,0.00,0.00,0,0
1432853356,total,0.00,0.00,0.00,0,0,0.00,0.00,0.00,0,0,0.00,0.00,0,0
1432853356,s1-eth1,0.00,0.00,0.00,0,0,0.00,0.00,0.00,0,0,0.00,0.00,0,0
1432853356,s1-eth2,0.00,0.00,0.00,0,0,0.00,0.00,0.00,0,0,0.00,0.00,0,0
1432853356,s1-eth3,0.00,0.00,0.00,0,0,0.00,0.00,0.00,0,0,0.00,0.00,0,0
1432853356,s0,0.00,0.00,0.00,0,0,0.00,0.00,0.00,0,0,0.00,0.00,0,0
1432853356,eth0,0.00,0.00,0.00,0,0,0.00,0.00,0.00,0,0,0.00,0.00,0,0
1432853356,lo,0.00,0.00,0.00,0,0,0.00,0.00,0.00,0,0,0.00,0.00,0,0
1432853356,s1,0.00,0.00,0.00,0,0,0.00,0.00,0.00,0,0,0.00,0.00,0,0
1432853356,s0-eth1,0.00,0.00,0.00,0,0,0.00,0.00,0.00,0,0,0.00,0.00,0,0
1432853356,s0-eth2,0.00,0.00,0.00,0,0,0.00,0.00,0.00,0,0,0.00,0.00,0,0
1432853356,s0-eth3,0.00,0.00,0.00,0,0,0.00,0.00,0.00,0,0,0.00,0.00,0,0
1432853356,total,0.00,0.00,0.00,0,0,0.00,0.00,0.00,0,0,0.00,0.00,0,0
1432853356,s1-eth1,0.00,0.00,0.00,0,0,0.00,0.00,0.00,0,0,0.00,0.00,0,0
1432853356,s1-eth2,0.00,0.00,0.00,0,0,0.00,0.00,0.00,0,0,0.00,0.00,0,0
1432853356,s1-eth3,0.00,0.00,0.00,0,0,0.00,0.00,0.00,0,0,0.00,0.00,0,0
1432853356,s0,0.00,0.00,0.00,0,0,0.00,0.00,0.00,0,0,0.00,0.00,0,0
1432853356,eth0,0.00,0.00,0.00,0,0,0.00,0.00,0.00,0,0,0.00,0.00,0,0
1432853356,lo,0.00,0.00,0.00,0,0,0.00,0.00,0.00,0,0,0.00,0.00,0,0
1432853356,s1,0.00,0.00,0.00,0,0,0.00,0.00,0.00,0,0,0.00,0.00,0,0
1432853356,s0-eth1,0.00,0.00,0.00,0,0,0.00,0.00,0.00,0,0,0.00,0.00,0,0
1432853356,s0-eth2,0.00,0.00,0.00,0,0,0.00,0.00,0.00,0,0,0.00,0.00,0,0
1432853356,s0-eth3,0.00,0.00,0.00,0,0,0.00,0.00,0.00,0,0,0.00,0.00,0,0
1432853356,total,0.00,0.00,0.00,0,0,0.00,0.00,0.00,0,0,0.00,0.00,0,0
1432853356,s1-eth1,0.00,0.00,0.00,0,0,0.00,0.00,0.00,0,0,0.00,0.00,0,0
1432853356,s1-eth2,0.00,0.00,0.00,0,0,0.00,0.00,0.00,0,0,0.00,0.00,0,0
1432853356,s1-eth3,0.00,0.00,0.00,0,0,0.00,0.00,0.00,0,0,0.00,0.00,0,0
1432853356,s0,0.00,0.00,0.00,0,0,0.00,0.00,0.00,0,0,0.00,0.00,0,0
1432853356,eth0,0.00,0.00,0.00,0,0,0.00,0.00,0.00,0,0,0.00,0.00,0,0
1432853356,lo,0.00,0.00,0.00,0,0,0.00,0.00,0.00,0,0,0.00,0.00,0,0
1432853356,s1,0.00,0.00,0.00,0,0,0.00,0.00,0.00,0,0,0.00,0.00,0,0
1432853356,s0-eth1,0.00,0.00,0.00,0,0,0.00,0.00,0.00,0,0,0.00,0.00,0,0
1432853356,s0-eth2,0.00,0.00,0.00,0,0,0.00,0.00,0.00,0,0,0.00,0.00,0,0
1432853356,s0-eth3,0.00,0.00,0.00,0,0,0.00,0.00,0.00,0,0,0.00,0.00,0,0
1432853356,total,0.00,0.00,0.00,0,0,0.00,0.00,0.00,0,0,0.00,0.00,0,0
1432853356,s1-eth1,0.00,0.00,0.00,0,0,0.00,0.00,0.00,0,0,0.00,0.00,0,0
1432853356,s1-eth2,0.00,0.00,0.00,0,0,0.00,0.00,0.00,0,0,0.00,0.00,0,0
1432853356,s1-eth3,0.00,0.00,0.00,0,0,0.00,0.00,0.00,0,0,0.00,0.00,0,0
1432853356,s0,0.00,0.00,0.00,0,0,0.00,0.00,0.00,0,0,0.00,0.00,0,0
1432853356,eth0,0.00,0.00,0.00,0,0,0.00,0.00,0.00,0,0,0.00,0.00,0,0
1432853356,lo,0.00,0.00,0.00,0,0,0.00,0.00,0.00,0,0,0.00,0.00,0,0
1432853356,s1,0.00,0.00,0.00,0,0,0.00,0.00,0.00,0,0,0.00,0.00,0,0
1432853356,s0-eth1,0.00,0.00,0.00,0,0,0.00,0.00,0.00,0,0,0.00,0.00,0,0
1432853356,s0-eth2,0.00,0.00,0.00,0,0,0.00,0.00,0.00,0,0,0.00,0.00,0,0
1432853356,s0-eth3,0.00,0.00,0.00,0,0,0.00,0.00,0.00,0,0,0.00,0.00,0,0
1432853356,total,0.00,0.00,0.00,0,0,0.00,0.00,0.00,0,0,0.00,0.00,0,0
1432853357,s1-eth1,0.00,0.00,0.00,0,0,0.00,0.00,0.00,0,0,0.00,0.00,0,0
1432853357,s1-eth2,0.00,0.00,0.00,0,0,0.00,0.00,0.00,0,0,0.00,0.00,0,0
1432853357,s1-eth3,0.00,0.00,0.00,0,0,0.00,0.00,0.00,0,0,0.00,0.00,0,0
1432853357,s0,0.00,0.00,0.00,0,0,0.00,0.00,0.00,0,0,0.00,0.00,0,0
1432853357,eth0,0.00,0.00,0.00,0,0,0.00,0.00,0.00,0,0,0.00,0.00,0,0
1432853357,lo,0.00,0.00,0.00,0,0,0.00,0.00,0.00,0,0,0.00,0.00,0,0
1432853357,s1,0.00,0.00,0.00,0,0,0.00,0.00,0.00,0,0,0.00,0.00,0,0
1432853357,s0-eth1,0.00,0.00,0.00,0,0,0.00,0.00,0.00,0,0,0.00,0.00,0,0
1432853357,s0-eth2,0.00,0.00,0.00,0,0,0.00,0.00,0.00,0,0,0.00,0.00,0,0
1432853357,s0-eth3,0.00,0.00,0.00,0,0,0.00,0.00,0.00,0,0,0.00,0.00,0,0
1432853357,total,0.00,0.00,0.00,0,0,0.00,0.00,0.00,0,0,0.00,0.00,0,0
1432853357,s1-eth1,0.00,0.00,0.00,0,0,0.00,0.00,0.00,0,0,0.00,0.00,0,0
1432853357,s1-eth2,0.00,0.00,0.00,0,0,0.00,0.00,0.00,0,0,0.00,0.00,0,0
1432853357,s1-eth3,0.00,0.00,0.00,0,0,0.00,0.00,0.00,0,0,0.00,0.00,0,0
1432853357,s0,0.00,0.00,0.00,0,0,0.00,0.00,0.00,0,0,0.00,0.00,0,0
1432853357,eth0,0.00,0.00,0.00,0,0,0.00,0.00,0.00,0,0,0.00,0.00,0,0
1432853357,lo,0.00,0.00,0.00,0,0,0.00,0.00,0.00,0,0,0.00,0.00,0,0
1432853357,s1,0.00,0.00,0.00,0,0,0.00,0.00,0.00,0,0,0.00,0.00,0,0
1432853357,s0-eth1,0.00,0.00,0.00,0,0,0.00,0.00,0.00,0,0,0.00,0.00,0,0
1432853357,s0-eth2,0.00,0.00,0.00,0,0,0.00,0.00,0.00,0,0,0.00,0.00,0,0
1432853357,s0-eth3,0.00,0.00,0.00,0,0,0.00,0.00,0.00,0,0,0.00,0.00,0,0
1432853357,total,0.00,0.00,0.00,0,0,0.00,0.00,0.00,0,0,0.00,0.00,0,0
1432853357,s1-eth1,0.00,0.00,0.00,0,0,0.00,0.00,0.00,0,0,0.00,0.00,0,0
1432853357,s1-eth2,0.00,0.00,0.00,0,0,0.00,0.00,0.00,0,0,0.00,0.00,0,0
1432853357,s1-eth3,0.00,0.00,0.00,0,0,0.00,0.00,0.00,0,0,0.00,0.00,0,0
1432853357,s0,0.00,0.00,0.00,0,0,0.00,0.00,0.00,0,0,0.00,0.00,0,0
1432853357,eth0,0.00,0.00,0.00,0,0,0.00,0.00,0.00,0,0,0.00,0.00,0,0
1432853357,lo,3440.00,3440.00,6880.00,344,344,60.00,60.00,120.00,6,6,0.00,0.00,0,0
1432853357,s1,0.00,0.00,0.00,0,0,0.00,0.00,0.00,0,0,0.00,0.00,0,0
1432853357,s0-eth1,0.00,0.00,0.00,0,0,0.00,0.00,0.00,0,0,0.00,0.00,0,0
1432853357,s0-eth2,0.00,0.00,0.00,0,0,0.00,0.00,0.00,0,0,0.00,0.00,0,0
1432853357,s0-eth3,0.00,0.00,0.00,0,0,0.00,0.00,0.00,0,0,0.00,0.00,0,0
1432853357,total,3440.00,3440.00,6880.00,344,344,60.00,60.00,120.00,6,6,0.00,0.00,0,0
1432853357,s1-eth1,0.00,0.00,0.00,0,0,0.00,0.00,0.00,0,0,0.00,0.00,0,0
1432853357,s1-eth2,0.00,0.00,0.00,0,0,0.00,0.00,0.00,0,0,0.00,0.00,0,0
1432853357,s1-eth3,0.00,0.00,0.00,0,0,0.00,0.00,0.00,0,0,0.00,0.00,0,0
1432853357,s0,0.00,0.00,0.00,0,0,0.00,0.00,0.00,0,0,0.00,0.00,0,0
1432853357,eth0,0.00,0.00,0.00,0,0,0.00,0.00,0.00,0,0,0.00,0.00,0,0
1432853357,lo,0.00,0.00,0.00,0,0,0.00,0.00,0.00,0,0,0.00,0.00,0,0
1432853357,s1,0.00,0.00,0.00,0,0,0.00,0.00,0.00,0,0,0.00,0.00,0,0
1432853357,s0-eth1,0.00,0.00,0.00,0,0,0.00,0.00,0.00,0,0,0.00,0.00,0,0
1432853357,s0-eth2,0.00,0.00,0.00,0,0,0.00,0.00,0.00,0,0,0.00,0.00,0,0
1432853357,s0-eth3,0.00,0.00,0.00,0,0,0.00,0.00,0.00,0,0,0.00,0.00,0,0
1432853357,total,0.00,0.00,0.00,0,0,0.00,0.00,0.00,0,0,0.00,0.00,0,0
1432853357,s1-eth1,0.00,0.00,0.00,0,0,0.00,0.00,0.00,0,0,0.00,0.00,0,0
1432853357,s1-eth2,0.00,0.00,0.00,0,0,0.00,0.00,0.00,0,0,0.00,0.00,0,0
1432853357,s1-eth3,0.00,0.00,0.00,0,0,0.00,0.00,0.00,0,0,0.00,0.00,0,0
1432853357,s0,0.00,0.00,0.00,0,0,0.00,0.00,0.00,0,0,0.00,0.00,0,0
1432853357,eth0,0.00,0.00,0.00,0,0,0.00,0.00,0.00,0,0,0.00,0.00,0,0
1432853357,lo,0.00,0.00,0.00,0,0,0.00,0.00,0.00,0,0,0.00,0.00,0,0
1432853357,s1,0.00,0.00,0.00,0,0,0.00,0.00,0.00,0,0,0.00,0.00,0,0
1432853357,s0-eth1,0.00,0.00,0.00,0,0,0.00,0.00,0.00,0,0,0.00,0.00,0,0
1432853357,s0-eth2,0.00,0.00,0.00,0,0,0.00,0.00,0.00,0,0,0.00,0.00,0,0
1432853357,s0-eth3,0.00,0.00,0.00,0,0,0.00,0.00,0.00,0,0,0.00,0.00,0,0
1432853357,total,0.00,0.00,0.00,0,0,0.00,0.00,0.00,0,0,0.00,0.00,0,0
1432853357,s1-eth1,0.00,0.00,0.00,0,0,0.00,0.00,0.00,0,0,0.00,0.00,0,0
1432853357,s1-eth2,0.00,0.00,0.00,0,0,0.00,0.00,0.00,0,0,0.00,0.00,0,0
1432853357,s0,0.00,0.00,0.00,0,0,0.00,0.00,0.00,0,0,0.00,0.00,0,0
1432853357,eth0,3860.00,0.00,3860.00,0,386,30.00,0.00,30.00,0,3,0.00,0.00,0,0
1432853357,lo,3120.00,3120.00,6240.00,312,312,60.00,60.00,120.00,6,6,0.00,0.00,0,0
1432853357,s1,0.00,0.00,0.00,0,0,0.00,0.00,0.00,0,0,0.00,0.00,0,0
1432853357,s0-eth1,0.00,0.00,0.00,0,0,0.00,0.00,0.00,0,0,0.00,0.00,0,0
1432853357,s0-eth2,0.00,0.00,0.00,0,0,0.00,0.00,0.00,0,0,0.00,0.00,0,0
1432853357,s0-eth3,0.00,0.00,0.00,0,0,0.00,0.00,0.00,0,0,0.00,0.00,0,0
1432853357,total,184467440737095516160.00,184467440737095516160.00,184467440737095516160.00,18446744073709550439,18446744073707364271,184467440737095483392.00,184467440737095516160.00,184467440737095483392.00,18446744073709551601,18446744073709549463,0.00,0.00,0,0
1432853357,eth0,5420.00,4620.00,10040.00,462,542,50.00,70.00,120.00,7,5,0.00,0.00,0,0
1432853357,lo,0.00,0.00,0.00,0,0,0.00,0.00,0.00,0,0,0.00,0.00,0,0
1432853357,s1,0.00,0.00,0.00,0,0,0.00,0.00,0.00,0,0,0.00,0.00,0,0
1432853357,total,184467440737095516160.00,184467440737095516160.00,184467440737095516160.00,18446744073689814931,18446744073707346305,184467440737095483392.00,184467440737095319552.00,184467440737095286784.00,18446744073709532493,18446744073709549226,0.00,0.00,0,0
1432853357,eth0,1500.00,1320.00,2820.00,132,150,10.00,20.00,30.00,2,1,0.00,0.00,0,0
1432853357,lo,0.00,0.00,0.00,0,0,0.00,0.00,0.00,0,0,0.00,0.00,0,0
1432853357,total,184467440737095516160.00,184467440737095516160.00,184467440737095516160.00,18446744073709548147,18446744073709551117,184467440737095516160.00,184467440737095516160.00,184467440737095516160.00,18446744073709551569,18446744073709551608,0.00,0.00,0,0
1432853357,eth0,0.00,0.00,0.00,0,0,0.00,0.00,0.00,0,0,0.00,0.00,0,0
1432853357,lo,0.00,0.00,0.00,0,0,0.00,0.00,0.00,0,0,0.00,0.00,0,0
1432853357,total,0.00,0.00,0.00,0,0,0.00,0.00,0.00,0,0,0.00,0.00,0,0
1432853357,eth0,0.00,0.00,0.00,0,0,0.00,0.00,0.00,0,0,0.00,0.00,0,0
1432853357,lo,0.00,0.00,0.00,0,0,0.00,0.00,0.00,0,0,0.00,0.00,0,0
1432853357,total,0.00,0.00,0.00,0,0,0.00,0.00,0.00,0,0,0.00,0.00,0,0
1432853358,eth0,0.00,0.00,0.00,0,0,0.00,0.00,0.00,0,0,0.00,0.00,0,0
1432853358,lo,0.00,0.00,0.00,0,0,0.00,0.00,0.00,0,0,0.00,0.00,0,0
1432853358,total,0.00,0.00,0.00,0,0,0.00,0.00,0.00,0,0,0.00,0.00,0,0
1432853358,eth0,0.00,0.00,0.00,0,0,0.00,0.00,0.00,0,0,0.00,0.00,0,0
1432853358,lo,0.00,0.00,0.00,0,0,0.00,0.00,0.00,0,0,0.00,0.00,0,0
1432853358,total,0.00,0.00,0.00,0,0,0.00,0.00,0.00,0,0,0.00,0.00,0,0
1432853358,eth0,0.00,0.00,0.00,0,0,0.00,0.00,0.00,0,0,0.00,0.00,0,0
1432853358,lo,0.00,0.00,0.00,0,0,0.00,0.00,0.00,0,0,0.00,0.00,0,0
1432853358,total,0.00,0.00,0.00,0,0,0.00,0.00,0.00,0,0,0.00,0.00,0,0
1432853358,eth0,0.00,0.00,0.00,0,0,0.00,0.00,0.00,0,0,0.00,0.00,0,0
1432853358,lo,0.00,0.00,0.00,0,0,0.00,0.00,0.00,0,0,0.00,0.00,0,0
1432853358,total,0.00,0.00,0.00,0,0,0.00,0.00,0.00,0,0,0.00,0.00,0,0
1432853358,eth0,0.00,0.00,0.00,0,0,0.00,0.00,0.00,0,0,0.00,0.00,0,0
1432853358,lo,0.00,0.00,0.00,0,0,0.00,0.00,0.00,0,0,0.00,0.00,0,0
1432853358,total,0.00,0.00,0.00,0,0,0.00,0.00,0.00,0,0,0.00,0.00,0,0
1432853358,eth0,0.00,0.00,0.00,0,0,0.00,0.00,0.00,0,0,0.00,0.00,0,0
1432853358,lo,0.00,0.00,0.00,0,0,0.00,0.00,0.00,0,0,0.00,0.00,0,0
1432853358,total,0.00,0.00,0.00,0,0,0.00,0.00,0.00,0,0,0.00,0.00,0,0
1432853358,eth0,0.00,0.00,0.00,0,0,0.00,0.00,0.00,0,0,0.00,0.00,0,0
1432853358,lo,0.00,0.00,0.00,0,0,0.00,0.00,0.00,0,0,0.00,0.00,0,0
1432853358,total,0.00,0.00,0.00,0,0,0.00,0.00,0.00,0,0,0.00,0.00,0,0
1432853358,eth0,0.00,0.00,0.00,0,0,0.00,0.00,0.00,0,0,0.00,0.00,0,0
1432853358,lo,0.00,0.00,0.00,0,0,0.00,0.00,0.00,0,0,0.00,0.00,0,0
1432853358,total,0.00,0.00,0.00,0,0,0.00,0.00,0.00,0,0,0.00,0.00,0,0
1432853358,eth0,0.00,0.00,0.00,0,0,0.00,0.00,0.00,0,0,0.00,0.00,0,0
1432853358,lo,0.00,0.00,0.00,0,0,0.00,0.00,0.00,0,0,0.00,0.00,0,0
1432853358,total,0.00,0.00,0.00,0,0,0.00,0.00,0.00,0,0,0.00,0.00,0,0
1432853358,eth0,0.00,0.00,0.00,0,0,0.00,0.00,0.00,0,0,0.00,0.00,0,0
1432853358,lo,0.00,0.00,0.00,0,0,0.00,0.00,0.00,0,0,0.00,0.00,0,0
1432853358,total,0.00,0.00,0.00,0,0,0.00,0.00,0.00,0,0,0.00,0.00,0,0
1432853359,eth0,0.00,0.00,0.00,0,0,0.00,0.00,0.00,0,0,0.00,0.00,0,0
1432853359,lo,0.00,0.00,0.00,0,0,0.00,0.00,0.00,0,0,0.00,0.00,0,0
1432853359,total,0.00,0.00,0.00,0,0,0.00,0.00,0.00,0,0,0.00,0.00,0,0
1432853359,eth0,0.00,0.00,0.00,0,0,0.00,0.00,0.00,0,0,0.00,0.00,0,0
1432853359,lo,0.00,0.00,0.00,0,0,0.00,0.00,0.00,0,0,0.00,0.00,0,0
1432853359,total,0.00,0.00,0.00,0,0,0.00,0.00,0.00,0,0,0.00,0.00,0,0
1432853359,eth0,0.00,0.00,0.00,0,0,0.00,0.00,0.00,0,0,0.00,0.00,0,0
1432853359,lo,0.00,0.00,0.00,0,0,0.00,0.00,0.00,0,0,0.00,0.00,0,0
1432853359,total,0.00,0.00,0.00,0,0,0.00,0.00,0.00,0,0,0.00,0.00,0,0
1432853359,eth0,0.00,0.00,0.00,0,0,0.00,0.00,0.00,0,0,0.00,0.00,0,0
1432853359,lo,0.00,0.00,0.00,0,0,0.00,0.00,0.00,0,0,0.00,0.00,0,0
1432853359,total,0.00,0.00,0.00,0,0,0.00,0.00,0.00,0,0,0.00,0.00,0,0
1432853359,eth0,0.00,0.00,0.00,0,0,0.00,0.00,0.00,0,0,0.00,0.00,0,0
1432853359,lo,0.00,0.00,0.00,0,0,0.00,0.00,0.00,0,0,0.00,0.00,0,0
1432853359,total,0.00,0.00,0.00,0,0,0.00,0.00,0.00,0,0,0.00,0.00,0,0
1432853359,eth0,0.00,0.00,0.00,0,0,0.00,0.00,0.00,0,0,0.00,0.00,0,0
1432853359,lo,0.00,0.00,0.00,0,0,0.00,0.00,0.00,0,0,0.00,0.00,0,0
1432853359,total,0.00,0.00,0.00,0,0,0.00,0.00,0.00,0,0,0.00,0.00,0,0
1432853359,eth0,0.00,0.00,0.00,0,0,0.00,0.00,0.00,0,0,0.00,0.00,0,0
1432853359,lo,0.00,0.00,0.00,0,0,0.00,0.00,0.00,0,0,0.00,0.00,0,0
1432853359,total,0.00,0.00,0.00,0,0,0.00,0.00,0.00,0,0,0.00,0.00,0,0
1432853359,eth0,0.00,0.00,0.00,0,0,0.00,0.00,0.00,0,0,0.00,0.00,0,0
1432853359,lo,0.00,0.00,0.00,0,0,0.00,0.00,0.00,0,0,0.00,0.00,0,0
1432853359,total,0.00,0.00,0.00,0,0,0.00,0.00,0.00,0,0,0.00,0.00,0,0
1432853359,eth0,0.00,0.00,0.00,0,0,0.00,0.00,0.00,0,0,0.00,0.00,0,0
1432853359,lo,0.00,0.00,0.00,0,0,0.00,0.00,0.00,0,0,0.00,0.00,0,0
1432853359,total,0.00,0.00,0.00,0,0,0.00,0.00,0.00,0,0,0.00,0.00,0,0
1432853359,eth0,0.00,0.00,0.00,0,0,0.00,0.00,0.00,0,0,0.00,0.00,0,0
1432853359,lo,0.00,0.00,0.00,0,0,0.00,0.00,0.00,0,0,0.00,0.00,0,0
1432853359,total,0.00,0.00,0.00,0,0,0.00,0.00,0.00,0,0,0.00,0.00,0,0
1432853360,eth0,0.00,0.00,0.00,0,0,0.00,0.00,0.00,0,0,0.00,0.00,0,0
1432853360,lo,0.00,0.00,0.00,0,0,0.00,0.00,0.00,0,0,0.00,0.00,0,0
14328533