1432851960,s1-eth1,0.00,0.00,0.00,0,0,0.00,0.00,0.00,0,0,0.00,0.00,0,0
1432851960,s1-eth2,0.00,0.00,0.00,0,0,0.00,0.00,0.00,0,0,0.00,0.00,0,0
1432851960,s1-eth3,0.00,0.00,0.00,0,0,0.00,0.00,0.00,0,0,0.00,0.00,0,0
1432851960,s0,0.00,0.00,0.00,0,0,0.00,0.00,0.00,0,0,0.00,0.00,0,0
1432851960,eth0,0.00,0.00,0.00,0,0,0.00,0.00,0.00,0,0,0.00,0.00,0,0
1432851960,lo,0.00,0.00,0.00,0,0,0.00,0.00,0.00,0,0,0.00,0.00,0,0
1432851960,s1,0.00,0.00,0.00,0,0,0.00,0.00,0.00,0,0,0.00,0.00,0,0
1432851960,s0-eth1,0.00,0.00,0.00,0,0,0.00,0.00,0.00,0,0,0.00,0.00,0,0
1432851960,s0-eth2,0.00,0.00,0.00,0,0,0.00,0.00,0.00,0,0,0.00,0.00,0,0
1432851960,s0-eth3,0.00,0.00,0.00,0,0,0.00,0.00,0.00,0,0,0.00,0.00,0,0
1432851960,total,0.00,0.00,0.00,0,0,0.00,0.00,0.00,0,0,0.00,0.00,0,0
1432851961,s1-eth1,0.00,0.00,0.00,0,0,0.00,0.00,0.00,0,0,0.00,0.00,0,0
1432851961,s1-eth2,0.00,0.00,0.00,0,0,0.00,0.00,0.00,0,0,0.00,0.00,0,0
1432851961,s1-eth3,0.00,0.00,0.00,0,0,0.00,0.00,0.00,0,0,0.00,0.00,0,0
1432851961,s0,0.00,0.00,0.00,0,0,0.00,0.00,0.00,0,0,0.00,0.00,0,0
1432851961,eth0,0.00,0.00,0.00,0,0,0.00,0.00,0.00,0,0,0.00,0.00,0,0
1432851961,lo,0.00,0.00,0.00,0,0,0.00,0.00,0.00,0,0,0.00,0.00,0,0
1432851961,s1,0.00,0.00,0.00,0,0,0.00,0.00,0.00,0,0,0.00,0.00,0,0
1432851961,s0-eth1,0.00,0.00,0.00,0,0,0.00,0.00,0.00,0,0,0.00,0.00,0,0
1432851961,s0-eth2,0.00,0.00,0.00,0,0,0.00,0.00,0.00,0,0,0.00,0.00,0,0
1432851961,s0-eth3,0.00,0.00,0.00,0,0,0.00,0.00,0.00,0,0,0.00,0.00,0,0
1432851961,total,0.00,0.00,0.00,0,0,0.00,0.00,0.00,0,0,0.00,0.00,0,0
1432851961,s1-eth1,0.00,0.00,0.00,0,0,0.00,0.00,0.00,0,0,0.00,0.00,0,0
1432851961,s1-eth2,0.00,0.00,0.00,0,0,0.00,0.00,0.00,0,0,0.00,0.00,0,0
1432851961,s1-eth3,0.00,0.00,0.00,0,0,0.00,0.00,0.00,0,0,0.00,0.00,0,0
1432851961,s0,0.00,0.00,0.00,0,0,0.00,0.00,0.00,0,0,0.00,0.00,0,0
1432851961,eth0,0.00,0.00,0.00,0,0,0.00,0.00,0.00,0,0,0.00,0.00,0,0
1432851961,lo,0.00,0.00,0.00,0,0,0.00,0.00,0.00,0,0,0.00,0.00,0,0
1432851961,s1,0.00,0.00,0.00,0,0,0.00,0.00,0.00,0,0,0.00,0.00,0,0
1432851961,s0-eth1,0.00,0.00,0.00,0,0,0.00,0.00,0.00,0,0,0.00,0.00,0,0
1432851961,s0-eth2,0.00,0.00,0.00,0,0,0.00,0.00,0.00,0,0,0.00,0.00,0,0
1432851961,s0-eth3,0.00,0.00,0.00,0,0,0.00,0.00,0.00,0,0,0.00,0.00,0,0
1432851961,total,0.00,0.00,0.00,0,0,0.00,0.00,0.00,0,0,0.00,0.00,0,0
1432851961,s1-eth1,0.00,0.00,0.00,0,0,0.00,0.00,0.00,0,0,0.00,0.00,0,0
1432851961,s1-eth2,0.00,0.00,0.00,0,0,0.00,0.00,0.00,0,0,0.00,0.00,0,0
1432851961,s1-eth3,0.00,0.00,0.00,0,0,0.00,0.00,0.00,0,0,0.00,0.00,0,0
1432851961,s0,0.00,0.00,0.00,0,0,0.00,0.00,0.00,0,0,0.00,0.00,0,0
1432851961,eth0,0.00,0.00,0.00,0,0,0.00,0.00,0.00,0,0,0.00,0.00,0,0
1432851961,lo,0.00,0.00,0.00,0,0,0.00,0.00,0.00,0,0,0.00,0.00,0,0
1432851961,s1,0.00,0.00,0.00,0,0,0.00,0.00,0.00,0,0,0.00,0.00,0,0
1432851961,s0-eth1,0.00,0.00,0.00,0,0,0.00,0.00,0.00,0,0,0.00,0.00,0,0
1432851961,s0-eth2,0.00,0.00,0.00,0,0,0.00,0.00,0.00,0,0,0.00,0.00,0,0
1432851961,s0-eth3,0.00,0.00,0.00,0,0,0.00,0.00,0.00,0,0,0.00,0.00,0,0
1432851961,total,0.00,0.00,0.00,0,0,0.00,0.00,0.00,0,0,0.00,0.00,0,0
1432851961,s1-eth1,0.00,135460.00,135460.00,13546,0,0.00,130.00,130.00,13,0,0.00,0.00,0,0
1432851961,s1-eth2,0.00,0.00,0.00,0,0,0.00,0.00,0.00,0,0,0.00,0.00,0,0
1432851961,s1-eth3,125040.00,0.00,125040.00,0,12504,120.00,0.00,120.00,0,12,0.00,0.00,0,0
1432851961,s0,0.00,0.00,0.00,0,0,0.00,0.00,0.00,0,0,0.00,0.00,0,0
1432851961,eth0,0.00,0.00,0.00,0,0,0.00,0.00,0.00,0,0,0.00,0.00,0,0
1432851961,lo,0.00,0.00,0.00,0,0,0.00,0.00,0.00,0,0,0.00,0.00,0,0
1432851961,s1,0.00,0.00,0.00,0,0,0.00,0.00,0.00,0,0,0.00,0.00,0,0
1432851961,s0-eth1,135460.00,0.00,135460.00,0,13546,130.00,0.00,130.00,0,13,0.00,0.00,0,0
1432851961,s0-eth2,0.00,0.00,0.00,0,0,0.00,0.00,0.00,0,0,0.00,0.00,0,0
1432851961,s0-eth3,0.00,1167040.00,1167040.00,116704,0,0.00,1120.00,1120.00,112,0,0.00,0.00,0,0
1432851961,total,260500.00,1302500.00,1563000.00,130250,26050,250.00,1250.00,1500.00,125,25,0.00,0.00,0,0
1432851961,s1-eth1,0.00,187560.00,187560.00,18756,0,0.00,180.00,180.00,18,0,0.00,0.00,0,0
1432851961,s1-eth2,0.00,0.00,0.00,0,0,0.00,0.00,0.00,0,0,0.00,0.00,0,0
1432851961,s1-eth3,187560.00,0.00,187560.00,0,18756,180.00,0.00,180.00,0,18,0.00,0.00,0,0
1432851961,s0,0.00,0.00,0.00,0,0,0.00,0.00,0.00,0,0,0.00,0.00,0,0
1432851961,eth0,0.00,0.00,0.00,0,0,0.00,0.00,0.00,0,0,0.00,0.00,0,0
1432851961,lo,0.00,0.00,0.00,0,0,0.00,0.00,0.00,0,0,0.00,0.00,0,0
1432851961,s1,0.00,0.00,0.00,0,0,0.00,0.00,0.00,0,0,0.00,0.00,0,0
1432851961,s0-eth1,187560.00,0.00,187560.00,0,18756,180.00,0.00,180.00,0,18,0.00,0.00,0,0
1432851961,s0-eth2,0.00,0.00,0.00,0,0,0.00,0.00,0.00,0,0,0.00,0.00,0,0
1432851961,s0-eth3,0.00,1875600.00,1875600.00,187560,0,0.00,1800.00,1800.00,180,0,0.00,0.00,0,0
1432851961,total,375120.00,2063160.00,2438280.00,206316,37512,360.00,1980.00,2340.00,198,36,0.00,0.00,0,0
1432851961,s1-eth1,0.00,187560.00,187560.00,18756,0,0.00,180.00,180.00,18,0,0.00,0.00,0,0
1432851961,s1-eth2,0.00,0.00,0.00,0,0,0.00,0.00,0.00,0,0,0.00,0.00,0,0
1432851961,s1-eth3,187560.00,0.00,187560.00,0,18756,180.00,0.00,180.00,0,18,0.00,0.00,0,0
1432851961,s0,0.00,0.00,0.00,0,0,0.00,0.00,0.00,0,0,0.00,0.00,0,0
1432851961,eth0,0.00,0.00,0.00,0,0,0.00,0.00,0.00,0,0,0.00,0.00,0,0
1432851961,lo,0.00,0.00,0.00,0,0,0.00,0.00,0.00,0,0,0.00,0.00,0,0
1432851961,s1,0.00,0.00,0.00,0,0,0.00,0.00,0.00,0,0,0.00,0.00,0,0
1432851961,s0-eth1,187560.00,0.00,187560.00,0,18756,180.00,0.00,180.00,0,18,0.00,0.00,0,0
1432851961,s0-eth2,0.00,0.00,0.00,0,0,0.00,0.00,0.00,0,0,0.00,0.00,0,0
1432851961,s0-eth3,0.00,1875600.00,1875600.00,187560,0,0.00,1800.00,1800.00,180,0,0.00,0.00,0,0
1432851961,total,375120.00,2063160.00,2438280.00,206316,37512,360.00,1980.00,2340.00,198,36,0.00,0.00,0,0
1432851961,s1-eth1,0.00,187560.00,187560.00,18756,0,0.00,180.00,180.00,18,0,0.00,0.00,0,0
1432851961,s1-eth2,0.00,0.00,0.00,0,0,0.00,0.00,0.00,0,0,0.00,0.00,0,0
1432851961,s1-eth3,187560.00,0.00,187560.00,0,18756,180.00,0.00,180.00,0,18,0.00,0.00,0,0
1432851961,s0,0.00,0.00,0.00,0,0,0.00,0.00,0.00,0,0,0.00,0.00,0,0
1432851961,eth0,0.00,0.00,0.00,0,0,0.00,0.00,0.00,0,0,0.00,0.00,0,0
1432851961,lo,0.00,0.00,0.00,0,0,0.00,0.00,0.00,0,0,0.00,0.00,0,0
1432851961,s1,0.00,0.00,0.00,0,0,0.00,0.00,0.00,0,0,0.00,0.00,0,0
1432851961,s0-eth1,187560.00,0.00,187560.00,0,18756,180.00,0.00,180.00,0,18,0.00,0.00,0,0
1432851961,s0-eth2,0.00,0.00,0.00,0,0,0.00,0.00,0.00,0,0,0.00,0.00,0,0
1432851961,s0-eth3,0.00,1886020.00,1886020.00,188602,0,0.00,1810.00,1810.00,181,0,0.00,0.00,0,0
1432851961,total,375120.00,2073580.00,2448700.00,207358,37512,360.00,1990.00,2350.00,199,36,0.00,0.00,0,0
1432851961,s1-eth1,0.00,187560.00,187560.00,18756,0,0.00,180.00,180.00,18,0,0.00,0.00,0,0
1432851961,s1-eth2,0.00,0.00,0.00,0,0,0.00,0.00,0.00,0,0,0.00,0.00,0,0
1432851961,s1-eth3,187560.00,0.00,187560.00,0,18756,180.00,0.00,180.00,0,18,0.00,0.00,0,0
1432851961,s0,0.00,0.00,0.00,0,0,0.00,0.00,0.00,0,0,0.00,0.00,0,0
1432851961,eth0,0.00,0.00,0.00,0,0,0.00,0.00,0.00,0,0,0.00,0.00,0,0
1432851961,lo,0.00,0.00,0.00,0,0,0.00,0.00,0.00,0,0,0.00,0.00,0,0
1432851961,s1,0.00,0.00,0.00,0,0,0.00,0.00,0.00,0,0,0.00,0.00,0,0
1432851961,s0-eth1,187560.00,0.00,187560.00,0,18756,180.00,0.00,180.00,0,18,0.00,0.00,0,0
1432851961,s0-eth2,0.00,0.00,0.00,0,0,0.00,0.00,0.00,0,0,0.00,0.00,0,0
1432851961,s0-eth3,0.00,1875600.00,1875600.00,187560,0,0.00,1800.00,1800.00,180,0,0.00,0.00,0,0
1432851961,total,375120.00,2063160.00,2438280.00,206316,37512,360.00,1980.00,2340.00,198,36,0.00,0.00,0,0
1432851961,s1-eth1,0.00,187560.00,187560.00,18756,0,0.00,180.00,180.00,18,0,0.00,0.00,0,0
1432851961,s1-eth2,0.00,0.00,0.00,0,0,0.00,0.00,0.00,0,0,0.00,0.00,0,0
1432851961,s1-eth3,187560.00,0.00,187560.00,0,18756,180.00,0.00,180.00,0,18,0.00,0.00,0,0
1432851961,s0,0.00,0.00,0.00,0,0,0.00,0.00,0.00,0,0,0.00,0.00,0,0
1432851961,eth0,0.00,0.00,0.00,0,0,0.00,0.00,0.00,0,0,0.00,0.00,0,0
1432851961,lo,0.00,0.00,0.00,0,0,0.00,0.00,0.00,0,0,0.00,0.00,0,0
1432851961,s1,0.00,0.00,0.00,0,0,0.00,0.00,0.00,0,0,0.00,0.00,0,0
1432851961,s0-eth1,187560.00,0.00,187560.00,0,18756,180.00,0.00,180.00,0,18,0.00,0.00,0,0
1432851961,s0-eth2,0.00,0.00,0.00,0,0,0.00,0.00,0.00,0,0,0.00,0.00,0,0
1432851961,s0-eth3,0.00,1886020.00,1886020.00,188602,0,0.00,1810.00,1810.00,181,0,0.00,0.00,0,0
1432851961,total,375120.00,2073580.00,2448700.00,207358,37512,360.00,1990.00,2350.00,199,36,0.00,0.00,0,0
1432851961,s1-eth1,0.00,187560.00,187560.00,18756,0,0.00,180.00,180.00,18,0,0.00,0.00,0,0
1432851961,s1-eth2,0.00,0.00,0.00,0,0,0.00,0.00,0.00,0,0,0.00,0.00,0,0
1432851961,s1-eth3,187560.00,0.00,187560.00,0,18756,180.00,0.00,180.00,0,18,0.00,0.00,0,0
1432851961,s0,0.00,0.00,0.00,0,0,0.00,0.00,0.00,0,0,0.00,0.00,0,0
1432851961,eth0,0.00,0.00,0.00,0,0,0.00,0.00,0.00,0,0,0.00,0.00,0,0
1432851961,lo,0.00,0.00,0.00,0,0,0.00,0.00,0.00,0,0,0.00,0.00,0,0
1432851961,s1,0.00,0.00,0.00,0,0,0.00,0.00,0.00,0,0,0.00,0.00,0,0
1432851961,s0-eth1,187560.00,0.00,187560.00,0,18756,180.00,0.00,180.00,0,18,0.00,0.00,0,0
1432851961,s0-eth2,0.00,0.00,0.00,0,0,0.00,0.00,0.00,0,0,0.00,0.00,0,0
1432851961,s0-eth3,0.00,395960.00,395960.00,39596,0,0.00,380.00,380.00,38,0,0.00,0.00,0,0
1432851961,total,375120.00,583520.00,958640.00,58352,37512,360.00,560.00,920.00,56,36,0.00,0.00,0,0
1432851962,s1-eth1,0.00,103168.32,103168.32,10420,0,0.00,99.01,99.01,10,0,0.00,0.00,0,0
1432851962,s1-eth2,0.00,0.00,0.00,0,0,0.00,0.00,0.00,0,0,0.00,0.00,0,0
1432851962,s1-eth3,113485.16,0.00,113485.16,0,11462,108.91,0.00,108.91,0,11,0.00,0.00,0,0
1432851962,s0,0.00,0.00,0.00,0,0,0.00,0.00,0.00,0,0,0.00,0.00,0,0
1432851962,eth0,0.00,0.00,0.00,0,0,0.00,0.00,0.00,0,0,0.00,0.00,0,0
1432851962,lo,0.00,0.00,0.00,0,0,0.00,0.00,0.00,0,0,0.00,0.00,0,0
1432851962,s1,0.00,0.00,0.00,0,0,0.00,0.00,0.00,0,0,0.00,0.00,0,0
1432851962,s0-eth1,103168.32,0.00,103168.32,0,10420,99.01,0.00,99.01,0,10,0.00,0.00,0,0
1432851962,s0-eth2,0.00,0.00,0.00,0,0,0.00,0.00,0.00,0,0,0.00,0.00,0,0
1432851962,s0-eth3,0.00,0.00,0.00,0,0,0.00,0.00,0.00,0,0,0.00,0.00,0,0
1432851962,total,216653.47,103168.32,319821.78,10420,21882,207.92,99.01,306.93,10,21,0.00,0.00,0,0
1432851962,s1-eth1,0.00,0.00,0.00,0,0,0.00,0.00,0.00,0,0,0.00,0.00,0,0
1432851962,s1-eth2,0.00,0.00,0.00,0,0,0.00,0.00,0.00,0,0,0.00,0.00,0,0
1432851962,s1-eth3,0.00,0.00,0.00,0,0,0.00,0.00,0.00,0,0,0.00,0.00,0,0
1432851962,s0,0.00,0.00,0.00,0,0,0.00,0.00,0.00,0,0,0.00,0.00,0,0
1432851962,eth0,0.00,0.00,0.00,0,0,0.00,0.00,0.00,0,0,0.00,0.00,0,0
1432851962,lo,0.00,0.00,0.00,0,0,0.00,0.00,0.00,0,0,0.00,0.00,0,0
1432851962,s1,0.00,0.00,0.00,0,0,0.00,0.00,0.00,0,0,0.00,0.00,0,0
1432851962,s0-eth1,0.00,0.00,0.00,0,0,0.00,0.00,0.00,0,0,0.00,0.00,0,0
1432851962,s0-eth2,0.00,0.00,0.00,0,0,0.00,0.00,0.00,0,0,0.00,0.00,0,0
1432851962,s0-eth3,0.00,0.00,0.00,0,0,0.00,0.00,0.00,0,0,0.00,0.00,0,0
1432851962,total,0.00,0.00,0.00,0,0,0.00,0.00,0.00,0,0,0.00,0.00,0,0
1432851962,s1-eth1,0.00,0.00,0.00,0,0,0.00,0.00,0.00,0,0,0.00,0.00,0,0
1432851962,s1-eth2,0.00,0.00,0.00,0,0,0.00,0.00,0.00,0,0,0.00,0.00,0,0
1432851962,s1-eth3,0.00,0.00,0.00,0,0,0.00,0.00,0.00,0,0,0.00,0.00,0,0
1432851962,s0,0.00,0.00,0.00,0,0,0.00,0.00,0.00,0,0,0.00,0.00,0,0
1432851962,eth0,0.00,0.00,0.00,0,0,0.00,0.00,0.00,0,0,0.00,0.00,0,0
1432851962,lo,0.00,0.00,0.00,0,0,0.00,0.00,0.00,0,0,0.00,0.00,0,0
1432851962,s1,0.00,0.00,0.00,0,0,0.00,0.00,0.00,0,0,0.00,0.00,0,0
1432851962,s0-eth1,0.00,0.00,0.00,0,0,0.00,0.00,0.00,0,0,0.00,0.00,0,0
1432851962,s0-eth2,0.00,0.00,0.00,0,0,0.00,0.00,0.00,0,0,0.00,0.00,0,0
1432851962,s0-eth3,0.00,0.00,0.00,0,0,0.00,0.00,0.00,0,0,0.00,0.00,0,0
1432851962,total,0.00,0.00,0.00,0,0,0.00,0.00,0.00,0,0,0.00,0.00,0,0
1432851962,s1-eth1,0.00,0.00,0.00,0,0,0.00,0.00,0.00,0,0,0.00,0.00,0,0
1432851962,s1-eth2,0.00,0.00,0.00,0,0,0.00,0.00,0.00,0,0,0.00,0.00,0,0
1432851962,s1-eth3,0.00,0.00,0.00,0,0,0.00,0.00,0.00,0,0,0.00,0.00,0,0
1432851962,s0,0.00,0.00,0.00,0,0,0.00,0.00,0.00,0,0,0.00,0.00,0,0
1432851962,eth0,0.00,0.00,0.00,0,0,0.00,0.00,0.00,0,0,0.00,0.00,0,0
1432851962,lo,0.00,0.00,0.00,0,0,0.00,0.00,0.00,0,0,0.00,0.00,0,0
1432851962,s1,0.00,0.00,0.00,0,0,0.00,0.00,0.00,0,0,0.00,0.00,0,0
1432851962,s0-eth1,0.00,0.00,0.00,0,0,0.00,0.00,0.00,0,0,0.00,0.00,0,0
1432851962,s0-eth2,0.00,0.00,0.00,0,0,0.00,0.00,0.00,0,0,0.00,0.00,0,0
1432851962,s0-eth3,0.00,0.00,0.00,0,0,0.00,0.00,0.00,0,0,0.00,0.00,0,0
1432851962,total,0.00,0.00,0.00,0,0,0.00,0.00,0.00,0,0,0.00,0.00,0,0
1432851962,s1-eth1,0.00,177140.00,177140.00,17714,0,0.00,170.00,170.00,17,0,0.00,0.00,0,0
1432851962,s1-eth2,0.00,0.00,0.00,0,0,0.00,0.00,0.00,0,0,0.00,0.00,0,0
1432851962,s1-eth3,166720.00,0.00,166720.00,0,16672,160.00,0.00,160.00,0,16,0.00,0.00,0,0
1432851962,s0,0.00,0.00,0.00,0,0,0.00,0.00,0.00,0,0,0.00,0.00,0,0
1432851962,eth0,0.00,0.00,0.00,0,0,0.00,0.00,0.00,0,0,0.00,0.00,0,0
1432851962,lo,0.00,0.00,0.00,0,0,0.00,0.00,0.00,0,0,0.00,0.00,0,0
1432851962,s1,0.00,0.00,0.00,0,0,0.00,0.00,0.00,0,0,0.00,0.00,0,0
1432851962,s0-eth1,177140.00,0.00,177140.00,0,17714,170.00,0.00,170.00,0,17,0.00,0.00,0,0
1432851962,s0-eth2,0.00,0.00,0.00,0,0,0.00,0.00,0.00,0,0,0.00,0.00,0,0
1432851962,s0-eth3,0.00,1573420.00,1573420.00,157342,0,0.00,1510.00,1510.00,151,0,0.00,0.00,0,0
1432851962,total,343860.00,1750560.00,2094420.00,175056,34386,330.00,1680.00,2010.00,168,33,0.00,0.00,0,0
1432851962,s1-eth1,0.00,187560.00,187560.00,18756,0,0.00,180.00,180.00,18,0,0.00,0.00,0,0
1432851962,s1-eth2,0.00,0.00,0.00,0,0,0.00,0.00,0.00,0,0,0.00,0.00,0,0
1432851962,s1-eth3,187560.00,0.00,187560.00,0,18756,180.00,0.00,180.00,0,18,0.00,0.00,0,0
1432851962,s0,0.00,0.00,0.00,0,0,0.00,0.00,0.00,0,0,0.00,0.00,0,0
1432851962,eth0,0.00,0.00,0.00,0,0,0.00,0.00,0.00,0,0,0.00,0.00,0,0
1432851962,lo,0.00,0.00,0.00,0,0,0.00,0.00,0.00,0,0,0.00,0.00,0,0
1432851962,s1,0.00,0.00,0.00,0,0,0.00,0.00,0.00,0,0,0.00,0.00,0,0
1432851962,s0-eth1,187560.00,0.00,187560.00,0,18756,180.00,0.00,180.00,0,18,0.00,0.00,0,0
1432851962,s0-eth2,0.00,0.00,0.00,0,0,0.00,0.00,0.00,0,0,0.00,0.00,0,0
1432851962,s0-eth3,0.00,1875600.00,1875600.00,187560,0,0.00,1800.00,1800.00,180,0,0.00,0.00,0,0
1432851962,total,375120.00,2063160.00,2438280.00,206316,37512,360.00,1980.00,2340.00,198,36,0.00,0.00,0,0
1432851962,s1-eth1,0.00,187560.00,187560.00,18756,0,0.00,180.00,180.00,18,0,0.00,0.00,0,0
1432851962,s1-eth2,0.00,0.00,0.00,0,0,0.00,0.00,0.00,0,0,0.00,0.00,0,0
1432851962,s1-eth3,187560.00,0.00,187560.00,0,18756,180.00,0.00,180.00,0,18,0.00,0.00,0,0
1432851962,s0,0.00,0.00,0.00,0,0,0.00,0.00,0.00,0,0,0.00,0.00,0,0
1432851962,eth0,0.00,0.00,0.00,0,0,0.00,0.00,0.00,0,0,0.00,0.00,0,0
1432851962,lo,0.00,0.00,0.00,0,0,0.00,0.00,0.00,0,0,0.00,0.00,0,0
1432851962,s1,0.00,0.00,0.00,0,0,0.00,0.00,0.00,0,0,0.00,0.00,0,0
1432851962,s0-eth1,187560.00,0.00,187560.00,0,18756,180.00,0.00,180.00,0,18,0.00,0.00,0,0
1432851962,s0-eth2,0.00,0.00,0.00,0,0,0.00,0.00,0.00,0,0,0.00,0.00,0,0
1432851962,s0-eth3,0.00,1886020.00,1886020.00,188602,0,0.00,1810.00,1810.00,181,0,0.00,0.00,0,0
1432851962,total,375120.00,2073580.00,2448700.00,207358,37512,360.00,1990.00,2350.00,199,36,0.00,0.00,0,0
1432851962,s1-eth1,0.00,187560.00,187560.00,18756,0,0.00,180.00,180.00,18,0,0.00,0.00,0,0
1432851962,s1-eth2,0.00,0.00,0.00,0,0,0.00,0.00,0.00,0,0,0.00,0.00,0,0
1432851962,s1-eth3,187560.00,0.00,187560.00,0,18756,180.00,0.00,180.00,0,18,0.00,0.00,0,0
1432851962,s0,0.00,0.00,0.00,0,0,0.00,0.00,0.00,0,0,0.00,0.00,0,0
1432851962,eth0,0.00,0.00,0.00,0,0,0.00,0.00,0.00,0,0,0.00,0.00,0,0
1432851962,lo,0.00,0.00,0.00,0,0,0.00,0.00,0.00,0,0,0.00,0.00,0,0
1432851962,s1,0.00,0.00,0.00,0,0,0.00,0.00,0.00,0,0,0.00,0.00,0,0
1432851962,s0-eth1,187560.00,0.00,187560.00,0,18756,180.00,0.00,180.00,0,18,0.00,0.00,0,0
1432851962,s0-eth2,0.00,0.00,0.00,0,0,0.00,0.00,0.00,0,0,0.00,0.00,0,0
1432851962,s0-eth3,0.00,1886020.00,1886020.00,188602,0,0.00,1810.00,1810.00,181,0,0.00,0.00,0,0
1432851962,total,375120.00,2073580.00,2448700.00,207358,37512,360.00,1990.00,2350.00,199,36,0.00,0.00,0,0
1432851962,s1-eth1,0.00,187560.00,187560.00,18756,0,0.00,180.00,180.00,18,0,0.00,0.00,0,0
1432851962,s1-eth2,0.00,0.00,0.00,0,0,0.00,0.00,0.00,0,0,0.00,0.00,0,0
1432851962,s1-eth3,187560.00,0.00,187560.00,0,18756,180.00,0.00,180.00,0,18,0.00,0.00,0,0
1432851962,s0,0.00,0.00,0.00,0,0,0.00,0.00,0.00,0,0,0.00,0.00,0,0
1432851962,eth0,0.00,0.00,0.00,0,0,0.00,0.00,0.00,0,0,0.00,0.00,0,0
1432851962,lo,0.00,0.00,0.00,0,0,0.00,0.00,0.00,0,0,0.00,0.00,0,0
1432851962,s1,0.00,0.00,0.00,0,0,0.00,0.00,0.00,0,0,0.00,0.00,0,0
1432851962,s0-eth1,187560.00,0.00,187560.00,0,18756,180.00,0.00,180.00,0,18,0.00,0.00,0,0
1432851962,s0-eth2,0.00,0.00,0.00,0,0,0.00,0.00,0.00,0,0,0.00,0.00,0,0
1432851962,s0-eth3,0.00,1875600.00,1875600.00,187560,0,0.00,1800.00,1800.00,180,0,0.00,0.00,0,0
1432851962,total,375120.00,2063160.00,2438280.00,206316,37512,360.00,1980.00,2340.00,198,36,0.00,0.00,0,0
1432851962,s1-eth1,0.00,187560.00,187560.00,18756,0,0.00,180.00,180.00,18,0,0.00,0.00,0,0
1432851962,s1-eth2,0.00,0.00,0.00,0,0,0.00,0.00,0.00,0,0,0.00,0.00,0,0
1432851962,s1-eth3,187560.00,0.00,187560.00,0,18756,180.00,0.00,180.00,0,18,0.00,0.00,0,0
1432851962,s0,0.00,0.00,0.00,0,0,0.00,0.00,0.00,0,0,0.00,0.00,0,0
1432851962,eth0,0.00,0.00,0.00,0,0,0.00,0.00,0.00,0,0,0.00,0.00,0,0
1432851962,lo,0.00,0.00,0.00,0,0,0.00,0.00,0.00,0,0,0.00,0.00,0,0
1432851962,s1,0.00,0.00,0.00,0,0,0.00,0.00,0.00,0,0,0.00,0.00,0,0
1432851962,s0-eth1,187560.00,0.00,187560.00,0,18756,180.00,0.00,180.00,0,18,0.00,0.00,0,0
1432851962,s0-eth2,0.00,0.00,0.00,0,0,0.00,0.00,0.00,0,0,0.00,0.00,0,0
1432851962,s0-eth3,0.00,1865180.00,1865180.00,186518,0,0.00,1790.00,1790.00,179,0,0.00,0.00,0,0
1432851962,total,375120.00,2052740.00,2427860.00,205274,37512,360.00,1970.00,2330.00,197,36,0.00,0.00,0,0
1432851963,s1-eth1,0.00,185702.98,185702.98,18756,0,0.00,178.22,178.22,18,0,0.00,0.00,0,0
1432851963,s1-eth2,0.00,0.00,0.00,0,0,0.00,0.00,0.00,0,0,0.00,0.00,0,0
1432851963,s1-eth3,196019.81,0.00,196019.81,0,19798,188.12,0.00,188.12,0,19,0.00,0.00,0,0
1432851963,s0,0.00,0.00,0.00,0,0,0.00,0.00,0.00,0,0,0.00,0.00,0,0
1432851963,eth0,0.00,0.00,0.00,0,0,0.00,0.00,0.00,0,0,0.00,0.00,0,0
1432851963,lo,0.00,0.00,0.00,0,0,0.00,0.00,0.00,0,0,0.00,0.00,0,0
1432851963,s1,0.00,0.00,0.00,0,0,0.00,0.00,0.00,0,0,0.00,0.00,0,0
1432851963,s0-eth1,185702.98,0.00,185702.98,0,18756,178.22,0.00,178.22,0,18,0.00,0.00,0,0
1432851963,s0-eth2,0.00,0.00,0.00,0,0,0.00,0.00,0.00,0,0,0.00,0.00,0,0
1432851963,s0-eth3,0.00,0.00,0.00,0,0,0.00,0.00,0.00,0,0,0.00,0.00,0,0
1432851963,total,381722.78,185702.98,567425.75,18756,38554,366.34,178.22,544.55,18,37,0.00,0.00,0,0
1432851963,s1-eth1,0.00,62520.00,62520.00,6252,0,0.00,60.00,60.00,6,0,0.00,0.00,0,0
1432851963,s1-eth2,0.00,0.00,0.00,0,0,0.00,0.00,0.00,0,0,0.00,0.00,0,0
1432851963,s1-eth3,62520.00,0.00,62520.00,0,6252,60.00,0.00,60.00,0,6,0.00,0.00,0,0
1432851963,s0,0.00,0.00,0.00,0,0,0.00,0.00,0.00,0,0,0.00,0.00,0,0
1432851963,eth0,0.00,0.00,0.00,0,0,0.00,0.00,0.00,0,0,0.00,0.00,0,0
1432851963,lo,0.00,0.00,0.00,0,0,0.00,0.00,0.00,0,0,0.00,0.00,0,0
1432851963,s1,0.00,0.00,0.00,0,0,0.00,0.00,0.00,0,0,0.00,0.00,0,0
1432851963,s0-eth1,62520.00,0.00,62520.00,0,6252,60.00,0.00,60.00,0,6,0.00,0.00,0,0
1432851963,s0-eth2,0.00,0.00,0.00,0,0,0.00,0.00,0.00,0,0,0.00,0.00,0,0
1432851963,s0-eth3,0.00,0.00,0.00,0,0,0.00,0.00,0.00,0,0,0.00,0.00,0,0
1432851963,total,125040.00,62520.00,187560.00,6252,12504,120.00,60.00,180.00,6,12,0.00,0.00,0,0
1432851963,s1-eth1,0.00,0.00,0.00,0,0,0.00,0.00,0.00,0,0,0.00,0.00,0,0
1432851963,s1-eth2,0.00,0.00,0.00,0,0,0.00,0.00,0.00,0,0,0.00,0.00,0,0
1432851963,s1-eth3,0.00,0.00,0.00,0,0,0.00,0.00,0.00,0,0,0.00,0.00,0,0
1432851963,s0,0.00,0.00,0.00,0,0,0.00,0.00,0.00,0,0,0.00,0.00,0,0
1432851963,eth0,0.00,0.00,0.00,0,0,0.00,0.00,0.00,0,0,0.00,0.00,0,0
1432851963,lo,0.00,0.00,0.00,0,0,0.00,0.00,0.00,0,0,0.00,0.00,0,0
1432851963,s1,0.00,0.00,0.00,0,0,0.00,0.00,0.00,0,0,0.00,0.00,0,0
1432851963,s0-eth1,0.00,0.00,0.00,0,0,0.00,0.00,0.00,0,0,0.00,0.00,0,0
1432851963,s0-eth2,0.00,0.00,0.00,0,0,0.00,0.00,0.00,0,0,0.00,0.00,0,0
1432851963,s0-eth3,0.00,0.00,0.00,0,0,0.00,0.00,0.00,0,0,0.00,0.00,0,0
1432851963,total,0.00,0.00,0.00,0,0,0.00,0.00,0.00,0,0,0.00,0.00,0,0
1432851963,s1-eth1,0.00,0.00,0.00,0,0,0.00,0.00,0.00,0,0,0.00,0.00,0,0
1432851963,s1-eth2,0.00,0.00,0.00,0,0,0.00,0.00,0.00,0,0,0.00,0.00,0,0
1432851963,s1-eth3,0.00,0.00,0.00,0,0,0.00,0.00,0.00,0,0,0.00,0.00,0,0
1432851963,s0,0.00,0.00,0.00,0,0,0.00,0.00,0.00,0,0,0.00,0.00,0,0
1432851963,eth0,0.00,0.00,0.00,0,0,0.00,0.00,0.00,0,0,0.00,0.00,0,0
1432851963,lo,0.00,0.00,0.00,0,0,0.00,0.00,0.00,0,0,0.00,0.00,0,0
1432851963,s1,0.00,0.00,0.00,0,0,0.00,0.00,0.00,0,0,0.00,0.00,0,0
1432851963,s0-eth1,0.00,0.00,0.00,0,0,0.00,0.00,0.00,0,0,0.00,0.00,0,0
1432851963,s0-eth2,0.00,0.00,0.00,0,0,0.00,0.00,0.00,0,0,0.00,0.00,0,0
1432851963,s0-eth3,0.00,0.00,0.00,0,0,0.00,0.00,0.00,0,0,0.00,0.00,0,0
1432851963,total,0.00,0.00,0.00,0,0,0.00,0.00,0.00,0,0,0.00,0.00,0,0
1432851963,s1-eth1,0.00,31260.00,31260.00,3126,0,0.00,30.00,30.00,3,0,0.00,0.00,0,0
1432851963,s1-eth2,0.00,0.00,0.00,0,0,0.00,0.00,0.00,0,0,0.00,0.00,0,0
1432851963,s1-eth3,20840.00,0.00,20840.00,0,2084,20.00,0.00,20.00,0,2,0.00,0.00,0,0
1432851963,s0,0.00,0.00,0.00,0,0,0.00,0.00,0.00,0,0,0.00,0.00,0,0
1432851963,eth0,0.00,0.00,0.00,0,0,0.00,0.00,0.00,0,0,0.00,0.00,0,0
1432851963,lo,0.00,0.00,0.00,0,0,0.00,0.00,0.00,0,0,0.00,0.00,0,0
1432851963,s1,0.00,0.00,0.00,0,0,0.00,0.00,0.00,0,0,0.00,0.00,0,0
1432851963,s0-eth1,31260.00,0.00,31260.00,0,3126,30.00,0.00,30.00,0,3,0.00,0.00,0,0
1432851963,s0-eth2,0.00,0.00,0.00,0,0,0.00,0.00,0.00,0,0,0.00,0.00,0,0
1432851963,s0-eth3,0.00,125040.00,125040.00,12504,0,0.00,120.00,120.00,12,0,0.00,0.00,0,0
1432851963,total,52100.00,156300.00,208400.00,15630,5210,50.00,150.00,200.00,15,5,0.00,0.00,0,0
1432851963,s1-eth1,0.00,187560.00,187560.00,18756,0,0.00,180.00,180.00,18,0,0.00,0.00,0,0
1432851963,s1-eth2,0.00,0.00,0.00,0,0,0.00,0.00,0.00,0,0,0.00,0.00,0,0
1432851963,s1-eth3,187560.00,0.00,187560.00,0,18756,180.00,0.00,180.00,0,18,0.00,0.00,0,0
1432851963,s0,0.00,0.00,0.00,0,0,0.00,0.00,0.00,0,0,0.00,0.00,0,0
1432851963,eth0,0.00,0.00,0.00,0,0,0.00,0.00,0.00,0,0,0.00,0.00,0,0
1432851963,lo,0.00,0.00,0.00,0,0,0.00,0.00,0.00,0,0,0.00,0.00,0,0
1432851963,s1,0.00,0.00,0.00,0,0,0.00,0.00,0.00,0,0,0.00,0.00,0,0
1432851963,s0-eth1,187560.00,0.00,187560.00,0,18756,180.00,0.00,180.00,0,18,0.00,0.00,0,0
1432851963,s0-eth2,0.00,0.00,0.00,0,0,0.00,0.00,0.00,0,0,0.00,0.00,0,0
1432851963,s0-eth3,0.00,1875600.00,1875600.00,187560,0,0.00,1800.00,1800.00,180,0,0.00,0.00,0,0
1432851963,total,375120.00,2063160.00,2438280.00,206316,37512,360.00,1980.00,2340.00,198,36,0.00,0.00,0,0
1432851963,s1-eth1,0.00,187560.00,187560.00,18756,0,0.00,180.00,180.00,18,0,0.00,0.00,0,0
1432851963,s1-eth2,0.00,0.00,0.00,0,0,0.00,0.00,0.00,0,0,0.00,0.00,0,0
1432851963,s1-eth3,187560.00,0.00,187560.00,0,18756,180.00,0.00,180.00,0,18,0.00,0.00,0,0
1432851963,s0,0.00,0.00,0.00,0,0,0.00,0.00,0.00,0,0,0.00,0.00,0,0
1432851963,eth0,0.00,0.00,0.00,0,0,0.00,0.00,0.00,0,0,0.00,0.00,0,0
1432851963,lo,0.00,0.00,0.00,0,0,0.00,0.00,0.00,0,0,0.00,0.00,0,0
1432851963,s1,0.00,0.00,0.00,0,0,0.00,0.00,0.00,0,0,0.00,0.00,0,0
1432851963,s0-eth1,187560.00,0.00,187560.00,0,18756,180.00,0.00,180.00,0,18,0.00,0.00,0,0
1432851963,s0-eth2,0.00,0.00,0.00,0,0,0.00,0.00,0.00,0,0,0.00,0.00,0,0
1432851963,s0-eth3,0.00,1875600.00,1875600.00,187560,0,0.00,1800.00,1800.00,180,0,0.00,0.00,0,0
1432851963,total,375120.00,2063160.00,2438280.00,206316,37512,360.00,1980.00,2340.00,198,36,0.00,0.00,0,0
1432851963,s1-eth1,0.00,187560.00,187560.00,18756,0,0.00,180.00,180.00,18,0,0.00,0.00,0,0
1432851963,s1-eth2,0.00,0.00,0.00,0,0,0.00,0.00,0.00,0,0,0.00,0.00,0,0
1432851963,s1-eth3,187560.00,0.00,187560.00,0,18756,180.00,0.00,180.00,0,18,0.00,0.00,0,0
1432851963,s0,0.00,0.00,0.00,0,0,0.00,0.00,0.00,0,0,0.00,0.00,0,0
1432851963,eth0,0.00,0.00,0.00,0,0,0.00,0.00,0.00,0,0,0.00,0.00,0,0
1432851963,lo,0.00,0.00,0.00,0,0,0.00,0.00,0.00,0,0,0.00,0.00,0,0
1432851963,s1,0.00,0.00,0.00,0,0,0.00,0.00,0.00,0,0,0.00,0.00,0,0
1432851963,s0-eth1,187560.00,0.00,187560.00,0,18756,180.00,0.00,180.00,0,18,0.00,0.00,0,0
1432851963,s0-eth2,0.00,0.00,0.00,0,0,0.00,0.00,0.00,0,0,0.00,0.00,0,0
1432851963,s0-eth3,0.00,1886020.00,1886020.00,188602,0,0.00,1810.00,1810.00,181,0,0.00,0.00,0,0
1432851963,total,375120.00,2073580.00,2448700.00,207358,37512,360.00,1990.00,2350.00,199,36,0.00,0.00,0,0
1432851963,s1-eth1,0.00,187560.00,187560.00,18756,0,0.00,180.00,180.00,18,0,0.00,0.00,0,0
1432851963,s1-eth2,0.00,0.00,0.00,0,0,0.00,0.00,0.00,0,0,0.00,0.00,0,0
1432851963,s1-eth3,187560.00,0.00,187560.00,0,18756,180.00,0.00,180.00,0,18,0.00,0.00,0,0
1432851963,s0,0.00,0.00,0.00,0,0,0.00,0.00,0.00,0,0,0.00,0.00,0,0
1432851963,eth0,0.00,0.00,0.00,0,0,0.00,0.00,0.00,0,0,0.00,0.00,0,0
1432851963,lo,0.00,0.00,0.00,0,0,0.00,0.00,0.00,0,0,0.00,0.00,0,0
1432851963,s1,0.00,0.00,0.00,0,0,0.00,0.00,0.00,0,0,0.00,0.00,0,0
1432851963,s0-eth1,187560.00,0.00,187560.00,0,18756,180.00,0.00,180.00,0,18,0.00,0.00,0,0
1432851963,s0-eth2,0.00,0.00,0.00,0,0,0.00,0.00,0.00,0,0,0.00,0.00,0,0
1432851963,s0-eth3,0.00,1875600.00,1875600.00,187560,0,0.00,1800.00,1800.00,180,0,0.00,0.00,0,0
1432851963,total,375120.00,2063160.00,2438280.00,206316,37512,360.00,1980.00,2340.00,198,36,0.00,0.00,0,0
1432851963,s1-eth1,0.00,187560.00,187560.00,18756,0,0.00,180.00,180.00,18,0,0.00,0.00,0,0
1432851963,s1-eth2,0.00,0.00,0.00,0,0,0.00,0.00,0.00,0,0,0.00,0.00,0,0
1432851963,s1-eth3,187560.00,0.00,187560.00,0,18756,180.00,0.00,180.00,0,18,0.00,0.00,0,0
1432851963,s0,0.00,0.00,0.00,0,0,0.00,0.00,0.00,0,0,0.00,0.00,0,0
1432851963,eth0,0.00,0.00,0.00,0,0,0.00,0.00,0.00,0,0,0.00,0.00,0,0
1432851963,lo,0.00,0.00,0.00,0,0,0.00,0.00,0.00,0,0,0.00,0.00,0,0
1432851963,s1,0.00,0.00,0.00,0,0,0.00,0.00,0.00,0,0,0.00,0.00,0,0
1432851963,s0-eth1,187560.00,0.00,187560.00,0,18756,180.00,0.00,180.00,0,18,0.00,0.00,0,0
1432851963,s0-eth2,0.00,0.00,0.00,0,0,0.00,0.00,0.00,0,0,0.00,0.00,0,0
1432851963,s0-eth3,0.00,1886020.00,1886020.00,188602,0,0.00,1810.00,1810.00,181,0,0.00,0.00,0,0
1432851963,total,375120.00,2073580.00,2448700.00,207358,37512,360.00,1990.00,2350.00,199,36,0.00,0.00,0,0
1432851964,s1-eth1,0.00,185702.98,185702.98,18756,0,0.00,178.22,178.22,18,0,0.00,0.00,0,0
1432851964,s1-eth2,0.00,0.00,0.00,0,0,0.00,0.00,0.00,0,0,0.00,0.00,0,0
1432851964,s1-eth3,185702.98,0.00,185702.98,0,18756,178.22,0.00,178.22,0,18,0.00,0.00,0,0
1432851964,s0,0.00,0.00,0.00,0,0,0.00,0.00,0.00,0,0,0.00,0.00,0,0
1432851964,eth0,0.00,0.00,0.00,0,0,0.00,0.00,0.00,0,0,0.00,0.00,0,0
1432851964,lo,0.00,0.00,0.00,0,0,0.00,0.00,0.00,0,0,0.00,0.00,0,0
1432851964,s1,0.00,0.00,0.00,0,0,0.00,0.00,0.00,0,0,0.00,0.00,0,0
1432851964,s0-eth1,185702.98,0.00,185702.98,0,18756,178.22,0.00,178.22,0,18,0.00,0.00,0,0
1432851964,s0-eth2,0.00,0.00,0.00,0,0,0.00,0.00,0.00,0,0,0.00,0.00,0,0
1432851964,s0-eth3,0.00,1423722.88,1423722.88,143796,0,0.00,1366.34,1366.34,138,0,0.00,0.00,0,0
1432851964,total,371405.97,1609425.75,1980831.75,162552,37512,356.44,1544.55,1900.99,156,36,0.00,0.00,0,0
1432851964,s1-eth1,0.00,187560.00,187560.00,18756,0,0.00,180.00,180.00,18,0,0.00,0.00,0,0
1432851964,s1-eth2,0.00,0.00,0.00,0,0,0.00,0.00,0.00,0,0,0.00,0.00,0,0
1432851964,s1-eth3,197980.00,0.00,197980.00,0,19798,190.00,0.00,190.00,0,19,0.00,0.00,0,0
1432851964,s0,0.00,0.00,0.00,0,0,0.00,0.00,0.00,0,0,0.00,0.00,0,0
1432851964,eth0,0.00,0.00,0.00,0,0,0.00,0.00,0.00,0,0,0.00,0.00,0,0
1432851964,lo,0.00,0.00,0.00,0,0,0.00,0.00,0.00,0,0,0.00,0.00,0,0
1432851964,s1,0.00,0.00,0.00,0,0,0.00,0.00,0.00,0,0,0.00,0.00,0,0
1432851964,s0-eth1,187560.00,0.00,187560.00,0,18756,180.00,0.00,180.00,0,18,0.00,0.00,0,0
1432851964,s0-eth2,0.00,0.00,0.00,0,0,0.00,0.00,0.00,0,0,0.00,0.00,0,0
1432851964,s0-eth3,0.00,0.00,0.00,0,0,0.00,0.00,0.00,0,0,0.00,0.00,0,0
1432851964,total,385540.00,187560.00,573100.00,18756,38554,370.00,180.00,550.00,18,37,0.00,0.00,0,0
1432851964,s1-eth1,0.00,20840.00,20840.00,2084,0,0.00,20.00,20.00,2,0,0.00,0.00,0,0
1432851964,s1-eth2,0.00,0.00,0.00,0,0,0.00,0.00,0.00,0,0,0.00,0.00,0,0
1432851964,s1-eth3,20840.00,0.00,20840.00,0,2084,20.00,0.00,20.00,0,2,0.00,0.00,0,0
1432851964,s0,0.00,0.00,0.00,0,0,0.00,0.00,0.00,0,0,0.00,0.00,0,0
1432851964,eth0,0.00,0.00,0.00,0,0,0.00,0.00,0.00,0,0,0.00,0.00,0,0
1432851964,lo,3440.00,3440.00,6880.00,344,344,60.00,60.00,120.00,6,6,0.00,0.00,0,0
1432851964,s1,0.00,0.00,0.00,0,0,0.00,0.00,0.00,0,0,0.00,0.00,0,0
1432851964,s0-eth1,20840.00,0.00,20840.00,0,2084,20.00,0.00,20.00,0,2,0.00,0.00,0,0
1432851964,s0-eth2,0.00,0.00,0.00,0,0,0.00,0.00,0.00,0,0,0.00,0.00,0,0
1432851964,s0-eth3,0.00,0.00,0.00,0,0,0.00,0.00,0.00,0,0,0.00,0.00,0,0
1432851964,total,45120.00,24280.00,69400.00,2428,4512,100.00,80.00,180.00,8,10,0.00,0.00,0,0
1432851964,s1-eth1,0.00,0.00,0.00,0,0,0.00,0.00,0.00,0,0,0.00,0.00,0,0
1432851964,s1-eth2,0.00,0.00,0.00,0,0,0.00,0.00,0.00,0,0,0.00,0.00,0,0
1432851964,s1-eth3,0.00,0.00,0.00,0,0,0.00,0.00,0.00,0,0,0.00,0.00,0,0
1432851964,s0,0.00,0.00,0.00,0,0,0.00,0.00,0.00,0,0,0.00,0.00,0,0
1432851964,eth0,0.00,0.00,0.00,0,0,0.00,0.00,0.00,0,0,0.00,0.00,0,0
1432851964,lo,0.00,0.00,0.00,0,0,0.00,0.00,0.00,0,0,0.00,0.00,0,0
1432851964,s1,0.00,0.00,0.00,0,0,0.00,0.00,0.00,0,0,0.00,0.00,0,0
1432851964,s0-eth1,0.00,0.00,0.00,0,0,0.00,0.00,0.00,0,0,0.00,0.00,0,0
1432851964,s0-eth2,0.00,0.00,0.00,0,0,0.00,0.00,0.00,0,0,0.00,0.00,0,0
1432851964,s0-eth3,0.00,0.00,0.00,0,0,0.00,0.00,0.00,0,0,0.00,0.00,0,0
1432851964,total,0.00,0.00,0.00,0,0,0.00,0.00,0.00,0,0,0.00,0.00,0,0
1432851964,s1-eth1,0.00,0.00,0.00,0,0,0.00,0.00,0.00,0,0,0.00,0.00,0,0
1432851964,s1-eth2,0.00,0.00,0.00,0,0,0.00,0.00,0.00,0,0,0.00,0.00,0,0
1432851964,s1-eth3,0.00,0.00,0.00,0,0,0.00,0.00,0.00,0,0,0.00,0.00,0,0
1432851964,s0,0.00,0.00,0.00,0,0,0.00,0.00,0.00,0,0,0.00,0.00,0,0
1432851964,eth0,0.00,0.00,0.00,0,0,0.00,0.00,0.00,0,0,0.00,0.00,0,0
1432851964,lo,0.00,0.00,0.00,0,0,0.00,0.00,0.00,0,0,0.00,0.00,0,0
1432851964,s1,0.00,0.00,0.00,0,0,0.00,0.00,0.00,0,0,0.00,0.00,0,0
1432851964,s0-eth1,0.00,0.00,0.00,0,0,0.00,0.00,0.00,0,0,0.00,0.00,0,0
1432851964,s0-eth2,0.00,0.00,0.00,0,0,0.00,0.00,0.00,0,0,0.00,0.00,0,0
1432851964,s0-eth3,0.00,0.00,0.00,0,0,0.00,0.00,0.00,0,0,0.00,0.00,0,0
1432851964,total,0.00,0.00,0.00,0,0,0.00,0.00,0.00,0,0,0.00,0.00,0,0
1432851964,s1-eth1,0.00,72940.00,72940.00,7294,0,0.00,70.00,70.00,7,0,0.00,0.00,0,0
1432851964,s1-eth2,0.00,0.00,0.00,0,0,0.00,0.00,0.00,0,0,0.00,0.00,0,0
1432851964,s1-eth3,62520.00,0.00,62520.00,0,6252,60.00,0.00,60.00,0,6,0.00,0.00,0,0
1432851964,s0,0.00,0.00,0.00,0,0,0.00,0.00,0.00,0,0,0.00,0.00,0,0
1432851964,eth0,0.00,0.00,0.00,0,0,0.00,0.00,0.00,0,0,0.00,0.00,0,0
1432851964,lo,0.00,0.00,0.00,0,0,0.00,0.00,0.00,0,0,0.00,0.00,0,0
1432851964,s1,0.00,0.00,0.00,0,0,0.00,0.00,0.00,0,0,0.00,0.00,0,0
1432851964,s0-eth1,72940.00,0.00,72940.00,0,7294,70.00,0.00,70.00,0,7,0.00,0.00,0,0
1432851964,s0-eth2,0.00,0.00,0.00,0,0,0.00,0.00,0.00,0,0,0.00,0.00,0,0
1432851964,s0-eth3,0.00,531420.00,531420.00,53142,0,0.00,510.00,510.00,51,0,0.00,0.00,0,0
1432851964,total,135460.00,604360.00,739820.00,60436,13546,130.00,580.00,710.00,58,13,0.00,0.00,0,0
1432851964,s1-eth1,0.00,187560.00,187560.00,18756,0,0.00,180.00,180.00,18,0,0.00,0.00,0,0
1432851964,s1-eth2,0.00,0.00,0.00,0,0,0.00,0.00,0.00,0,0,0.00,0.00,0,0
1432851964,s1-eth3,187560.00,0.00,187560.00,0,18756,180.00,0.00,180.00,0,18,0.00,0.00,0,0
1432851964,s0,0.00,0.00,0.00,0,0,0.00,0.00,0.00,0,0,0.00,0.00,0,0
1432851964,eth0,0.00,0.00,0.00,0,0,0.00,0.00,0.00,0,0,0.00,0.00,0,0
1432851964,lo,0.00,0.00,0.00,0,0,0.00,0.00,0.00,0,0,0.00,0.00,0,0
1432851964,s1,0.00,0.00,0.00,0,0,0.00,0.00,0.00,0,0,0.00,0.00,0,0
1432851964,s0-eth1,187560.00,0.00,187560.00,0,18756,180.00,0.00,180.00,0,18,0.00,0.00,0,0
1432851964,s0-eth2,0.00,0.00,0.00,0,0,0.00,0.00,0.00,0,0,0.00,0.00,0,0
1432851964,s0-eth3,0.00,1886020.00,1886020.00,188602,0,0.00,1810.00,1810.00,181,0,0.00,0.00,0,0
1432851964,total,375120.00,2073580.00,2448700.00,207358,37512,360.00,1990.00,2350.00,199,36,0.00,0.00,0,0
1432851964,s1-eth1,0.00,187560.00,187560.00,18756,0,0.00,180.00,180.00,18,0,0.00,0.00,0,0
1432851964,s1-eth2,0.00,0.00,0.00,0,0,0.00,0.00,0.00,0,0,0.00,0.00,0,0
1432851964,s1-eth3,187560.00,0.00,187560.00,0,18756,180.00,0.00,180.00,0,18,0.00,0.00,0,0
1432851964,s0,0.00,0.00,0.00,0,0,0.00,0.00,0.00,0,0,0.00,0.00,0,0
1432851964,eth0,0.00,0.00,0.00,0,0,0.00,0.00,0.00,0,0,0.00,0.00,0,0
1432851964,lo,0.00,0.00,0.00,0,0,0.00,0.00,0.00,0,0,0.00,0.00,0,0
1432851964,s1,0.00,0.00,0.00,0,0,0.00,0.00,0.00,0,0,0.00,0.00,0,0
1432851964,s0-eth1,187560.00,0.00,187560.00,0,18756,180.00,0.00,180.00,0,18,0.00,0.00,0,0
1432851964,s0-eth2,0.00,0.00,0.00,0,0,0.00,0.00,0.00,0,0,0.00,0.00,0,0
1432851964,s0-eth3,0.00,1875600.00,1875600.00,187560,0,0.00,1800.00,1800.00,180,0,0.00,0.00,0,0
1432851964,total,375120.00,2063160.00,2438280.00,206316,37512,360.00,1980.00,2340.00,198,36,0.00,0.00,0,0
1432851964,s1-eth1,0.00,187560.00,187560.00,18756,0,0.00,180.00,180.00,18,0,0.00,0.00,0,0
1432851964,s1-eth2,0.00,0.00,0.00,0,0,0.00,0.00,0.00,0,0,0.00,0.00,0,0
1432851964,s1-eth3,187560.00,0.00,187560.00,0,18756,180.00,0.00,180.00,0,18,0.00,0.00,0,0
1432851964,s0,0.00,0.00,0.00,0,0,0.00,0.00,0.00,0,0,0.00,0.00,0,0
1432851964,eth0,0.00,0.00,0.00,0,0,0.00,0.00,0.00,0,0,0.00,0.00,0,0
1432851964,lo,0.00,0.00,0.00,0,0,0.00,0.00,0.00,0,0,0.00,0.00,0,0
1432851964,s1,0.00,0.00,0.00,0,0,0.00,0.00,0.00,0,0,0.00,0.00,0,0
1432851964,s0-eth1,187560.00,0.00,187560.00,0,18756,180.00,0.00,180.00,0,18,0.00,0.00,0,0
1432851964,s0-eth2,0.00,0.00,0.00,0,0,0.00,0.00,0.00,0,0,0.00,0.00,0,0
1432851964,s0-eth3,0.00,1886020.00,1886020.00,188602,0,0.00,1810.00,1810.00,181,0,0.00,0.00,0,0
1432851964,total,375120.00,2073580.00,2448700.00,207358,37512,360.00,1990.00,2350.00,199,36,0.00,0.00,0,0
1432851964,s1-eth1,0.00,187560.00,187560.00,18756,0,0.00,180.00,180.00,18,0,0.00,0.00,0,0
1432851964,s1-eth2,0.00,0.00,0.00,0,0,0.00,0.00,0.00,0,0,0.00,0.00,0,0
1432851964,s1-eth3,187560.00,0.00,187560.00,0,18756,180.00,0.00,180.00,0,18,0.00,0.00,0,0
1432851964,s0,0.00,0.00,0.00,0,0,0.00,0.00,0.00,0,0,0.00,0.00,0,0
1432851964,eth0,0.00,0.00,0.00,0,0,0.00,0.00,0.00,0,0,0.00,0.00,0,0
1432851964,lo,0.00,0.00,0.00,0,0,0.00,0.00,0.00,0,0,0.00,0.00,0,0
1432851964,s1,0.00,0.00,0.00,0,0,0.00,0.00,0.00,0,0,0.00,0.00,0,0
1432851964,s0-eth1,187560.00,0.00,187560.00,0,18756,180.00,0.00,180.00,0,18,0.00,0.00,0,0
1432851964,s0-eth2,0.00,0.00,0.00,0,0,0.00,0.00,0.00,0,0,0.00,0.00,0,0
1432851964,s0-eth3,0.00,1875600.00,1875600.00,187560,0,0.00,1800.00,1800.00,180,0,0.00,0.00,0,0
1432851964,total,375120.00,2063160.00,2438280.00,206316,37512,360.00,1980.00,2340.00,198,36,0.00,0.00,0,0
1432851965,s1-eth1,0.00,185702.98,185702.98,18756,0,0.00,178.22,178.22,18,0,0.00,0.00,0,0
1432851965,s1-eth2,0.00,0.00,0.00,0,0,0.00,0.00,0.00,0,0,0.00,0.00,0,0
1432851965,s1-eth3,185702.98,0.00,185702.98,0,18756,178.22,0.00,178.22,0,18,0.00,0.00,0,0
1432851965,s0,0.00,0.00,0.00,0,0,0.00,0.00,0.00,0,0,0.00,0.00,0,0
1432851965,eth0,0.00,0.00,0.00,0,0,0.00,0.00,0.00,0,0,0.00,0.00,0,0
1432851965,lo,0.00,0.00,0.00,0,0,0.00,0.00,0.00,0,0,0.00,0.00,0,0
1432851965,s1,0.00,0.00,0.00,0,0,0.00,0.00,0.00,0,0,0.00,0.00,0,0
1432851965,s0-eth1,185702.98,0.00,185702.98,0,18756,178.22,0.00,178.22,0,18,0.00,0.00,0,0
1432851965,s0-eth2,0.00,0.00,0.00,0,0,0.00,0.00,0.00,0,0,0.00,0.00,0,0
1432851965,s0-eth3,0.00,1857029.75,1857029.75,187560,0,0.00,1782.18,1782.18,180,0,0.00,0.00,0,0
1432851965,total,371405.97,2042732.75,2414138.75,206316,37512,356.44,1960.40,2316.83,198,36,0.00,0.00,0,0
1432851965,s1-eth1,0.00,187560.00,187560.00,18756,0,0.00,180.00,180.00,18,0,0.00,0.00,0,0
1432851965,s1-eth2,0.00,0.00,0.00,0,0,0.00,0.00,0.00,0,0,0.00,0.00,0,0
1432851965,s1-eth3,187560.00,0.00,187560.00,0,18756,180.00,0.00,180.00,0,18,0.00,0.00,0,0
1432851965,s0,0.00,0.00,0.00,0,0,0.00,0.00,0.00,0,0,0.00,0.00,0,0
1432851965,eth0,0.00,0.00,0.00,0,0,0.00,0.00,0.00,0,0,0.00,0.00,0,0
1432851965,lo,0.00,0.00,0.00,0,0,0.00,0.00,0.00,0,0,0.00,0.00,0,0
1432851965,s1,0.00,0.00,0.00,0,0,0.00,0.00,0.00,0,0,0.00,0.00,0,0
1432851965,s0-eth1,187560.00,0.00,187560.00,0,18756,180.00,0.00,180.00,0,18,0.00,0.00,0,0
1432851965,s0-eth2,0.00,0.00,0.00,0,0,0.00,0.00,0.00,0,0,0.00,0.00,0,0
1432851965,s0-eth3,0.00,1031580.00,1031580.00,103158,0,0.00,990.00,990.00,99,0,0.00,0.00,0,0
1432851965,total,375120.00,1219140.00,1594260.00,121914,37512,360.00,1170.00,1530.00,117,36,0.00,0.00,0,0
1432851965,s1-eth1,0.00,166720.00,166720.00,16672,0,0.00,160.00,160.00,16,0,0.00,0.00,0,0
1432851965,s1-eth2,0.00,0.00,0.00,0,0,0.00,0.00,0.00,0,0,0.00,0.00,0,0
1432851965,s1-eth3,177140.00,0.00,177140.00,0,17714,170.00,0.00,170.00,0,17,0.00,0.00,0,0
1432851965,s0,0.00,0.00,0.00,0,0,0.00,0.00,0.00,0,0,0.00,0.00,0,0
1432851965,eth0,0.00,0.00,0.00,0,0,0.00,0.00,0.00,0,0,0.00,0.00,0,0
1432851965,lo,0.00,0.00,0.00,0,0,0.00,0.00,0.00,0,0,0.00,0.00,0,0
1432851965,s1,0.00,0.00,0.00,0,0,0.00,0.00,0.00,0,0,0.00,0.00,0,0
1432851965,s0-eth1,166720.00,0.00,166720.00,0,16672,160.00,0.00,160.00,0,16,0.00,0.00,0,0
1432851965,s0-eth2,0.00,0.00,0.00,0,0,0.00,0.00,0.00,0,0,0.00,0.00,0,0
1432851965,s0-eth3,0.00,0.00,0.00,0,0,0.00,0.00,0.00,0,0,0.00,0.00,0,0
1432851965,total,343860.00,166720.00,510580.00,16672,34386,330.00,160.00,490.00,16,33,0.00,0.00,0,0
1432851965,s1-eth1,0.00,0.00,0.00,0,0,0.00,0.00,0.00,0,0,0.00,0.00,0,0
1432851965,s1-eth2,0.00,0.00,0.00,0,0,0.00,0.00,0.00,0,0,0.00,0.00,0,0
1432851965,s1-eth3,0.00,0.00,0.00,0,0,0.00,0.00,0.00,0,0,0.00,0.00,0,0
1432851965,s0,0.00,0.00,0.00,0,0,0.00,0.00,0.00,0,0,0.00,0.00,0,0
1432851965,eth0,0.00,0.00,0.00,0,0,0.00,0.00,0.00,0,0,0.00,0.00,0,0
1432851965,lo,0.00,0.00,0.00,0,0,0.00,0.00,0.00,0,0,0.00,0.00,0,0
1432851965,s1,0.00,0.00,0.00,0,0,0.00,0.00,0.00,0,0,0.00,0.00,0,0
1432851965,s0-eth1,0.00,0.00,0.00,0,0,0.00,0.00,0.00,0,0,0.00,0.00,0,0
1432851965,s0-eth2,0.00,0.00,0.00,0,0,0.00,0.00,0.00,0,0,0.00,0.00,0,0
1432851965,s0-eth3,0.00,0.00,0.00,0,0,0.00,0.00,0.00,0,0,0.00,0.00,0,0
1432851965,total,0.00,0.00,0.00,0,0,0.00,0.00,0.00,0,0,0.00,0.00,0,0
1432851965,s1-eth1,0.00,0.00,0.00,0,0,0.00,0.00,0.00,0,0,0.00,0.00,0,0
1432851965,s1-eth2,0.00,0.00,0.00,0,0,0.00,0.00,0.00,0,0,0.00,0.00,0,0
1432851965,s1-eth3,0.00,0.00,0.00,0,0,0.00,0.00,0.00,0,0,0.00,0.00,0,0
1432851965,s0,0.00,0.00,0.00,0,0,0.00,0.00,0.00,0,0,0.00,0.00,0,0
1432851965,eth0,0.00,0.00,0.00,0,0,0.00,0.00,0.00,0,0,0.00,0.00,0,0
1432851965,lo,0.00,0.00,0.00,0,0,0.00,0.00,0.00,0,0,0.00,0.00,0,0
1432851965,s1,0.00,0.00,0.00,0,0,0.00,0.00,0.00,0,0,0.00,0.00,0,0
1432851965,s0-eth1,0.00,0.00,0.00,0,0,0.00,0.00,0.00,0,0,0.00,0.00,0,0
1432851965,s0-eth2,0.00,0.00,0.00,0,0,0.00,0.00,0.00,0,0,0.00,0.00,0,0
1432851965,s0-eth3,0.00,0.00,0.00,0,0,0.00,0.00,0.00,0,0,0.00,0.00,0,0
1432851965,total,0.00,0.00,0.00,0,0,0.00,0.00,0.00,0,0,0.00,0.00,0,0
1432851965,s1-eth1,0.00,0.00,0.00,0,0,0.00,0.00,0.00,0,0,0.00,0.00,0,0
1432851965,s1-eth2,0.00,0.00,0.00,0,0,0.00,0.00,0.00,0,0,0.00,0.00,0,0
1432851965,s1-eth3,0.00,0.00,0.00,0,0,0.00,0.00,0.00,0,0,0.00,0.00,0,0
1432851965,s0,0.00,0.00,0.00,0,0,0.00,0.00,0.00,0,0,0.00,0.00,0,0
1432851965,eth0,0.00,0.00,0.00,0,0,0.00,0.00,0.00,0,0,0.00,0.00,0,0
1432851965,lo,0.00,0.00,0.00,0,0,0.00,0.00,0.00,0,0,0.00,0.00,0,0
1432851965,s1,0.00,0.00,0.00,0,0,0.00,0.00,0.00,0,0,0.00,0.00,0,0
1432851965,s0-eth1,0.00,0.00,0.00,0,0,0.00,0.00,0.00,0,0,0.00,0.00,0,0
1432851965,s0-eth2,0.00,0.00,0.00,0,0,0.00,0.00,0.00,0,0,0.00,0.00,0,0
1432851965,s0-eth3,0.00,0.00,0.00,0,0,0.00,0.00,0.00,0,0,0.00,0.00,0,0
1432851965,total,0.00,0.00,0.00,0,0,0.00,0.00,0.00,0,0,0.00,0.00,0,0
1432851965,s1-eth1,0.00,104200.00,104200.00,10420,0,0.00,100.00,100.00,10,0,0.00,0.00,0,0
1432851965,s1-eth2,0.00,0.00,0.00,0,0,0.00,0.00,0.00,0,0,0.00,0.00,0,0
1432851965,s1-eth3,104200.00,0.00,104200.00,0,10420,100.00,0.00,100.00,0,10,0.00,0.00,0,0
1432851965,s0,0.00,0.00,0.00,0,0,0.00,0.00,0.00,0,0,0.00,0.00,0,0
1432851965,eth0,0.00,0.00,0.00,0,0,0.00,0.00,0.00,0,0,0.00,0.00,0,0
1432851965,lo,0.00,0.00,0.00,0,0,0.00,0.00,0.00,0,0,0.00,0.00,0,0
1432851965,s1,0.00,0.00,0.00,0,0,0.00,0.00,0.00,0,0,0.00,0.00,0,0
1432851965,s0-eth1,114620.00,0.00,114620.00,0,11462,110.00,0.00,110.00,0,11,0.00,0.00,0,0
1432851965,s0-eth2,0.00,0.00,0.00,0,0,0.00,0.00,0.00,0,0,0.00,0.00,0,0
1432851965,s0-eth3,0.00,948220.00,948220.00,94822,0,0.00,910.00,910.00,91,0,0.00,0.00,0,0
1432851965,total,218820.00,1052420.00,1271240.00,105242,21882,210.00,1010.00,1220.00,101,21,0.00,0.00,0,0
1432851965,s1-eth1,0.00,197980.00,197980.00,19798,0,0.00,190.00,190.00,19,0,0.00,0.00,0,0
1432851965,s1-eth2,0.00,0.00,0.00,0,0,0.00,0.00,0.00,0,0,0.00,0.00,0,0
1432851965,s1-eth3,187560.00,0.00,187560.00,0,18756,180.00,0.00,180.00,0,18,0.00,0.00,0,0
1432851965,s0,0.00,0.00,0.00,0,0,0.00,0.00,0.00,0,0,0.00,0.00,0,0
1432851965,eth0,0.00,0.00,0.00,0,0,0.00,0.00,0.00,0,0,0.00,0.00,0,0
1432851965,lo,0.00,0.00,0.00,0,0,0.00,0.00,0.00,0,0,0.00,0.00,0,0
1432851965,s1,0.00,0.00,0.00,0,0,0.00,0.00,0.00,0,0,0.00,0.00,0,0
1432851965,s0-eth1,187560.00,0.00,187560.00,0,18756,180.00,0.00,180.00,0,18,0.00,0.00,0,0
1432851965,s0-eth2,0.00,0.00,0.00,0,0,0.00,0.00,0.00,0,0,0.00,0.00,0,0
1432851965,s0-eth3,0.00,1875600.00,1875600.00,187560,0,0.00,1800.00,1800.00,180,0,0.00,0.00,0,0
1432851965,total,375120.00,2073580.00,2448700.00,207358,37512,360.00,1990.00,2350.00,199,36,0.00,0.00,0,0
1432851965,s1-eth1,0.00,187560.00,187560.00,18756,0,0.00,180.00,180.00,18,0,0.00,0.00,0,0
1432851965,s1-eth2,0.00,0.00,0.00,0,0,0.00,0.00,0.00,0,0,0.00,0.00,0,0
1432851965,s1-eth3,187560.00,0.00,187560.00,0,18756,180.00,0.00,180.00,0,18,0.00,0.00,0,0
1432851965,s0,0.00,0.00,0.00,0,0,0.00,0.00,0.00,0,0,0.00,0.00,0,0
1432851965,eth0,0.00,0.00,0.00,0,0,0.00,0.00,0.00,0,0,0.00,0.00,0,0
1432851965,lo,0.00,0.00,0.00,0,0,0.00,0.00,0.00,0,0,0.00,0.00,0,0
1432851965,s1,0.00,0.00,0.00,0,0,0.00,0.00,0.00,0,0,0.00,0.00,0,0
1432851965,s0-eth1,187560.00,0.00,187560.00,0,18756,180.00,0.00,180.00,0,18,0.00,0.00,0,0
1432851965,s0-eth2,0.00,0.00,0.00,0,0,0.00,0.00,0.00,0,0,0.00,0.00,0,0
1432851965,s0-eth3,0.00,1886020.00,1886020.00,188602,0,0.00,1810.00,1810.00,181,0,0.00,0.00,0,0
1432851965,total,375120.00,2073580.00,2448700.00,207358,37512,360.00,1990.00,2350.00,199,36,0.00,0.00,0,0
1432851965,s1-eth1,0.00,187560.00,187560.00,18756,0,0.00,180.00,180.00,18,0,0.00,0.00,0,0
1432851965,s1-eth2,0.00,0.00,0.00,0,0,0.00,0.00,0.00,0,0,0.00,0.00,0,0
1432851965,s1-eth3,187560.00,0.00,187560.00,0,18756,180.00,0.00,180.00,0,18,0.00,0.00,0,0
1432851965,s0,0.00,0.00,0.00,0,0,0.00,0.00,0.00,0,0,0.00,0.00,0,0
1432851965,eth0,0.00,0.00,0.00,0,0,0.00,0.00,0.00,0,0,0.00,0.00,0,0
1432851965,lo,0.00,0.00,0.00,0,0,0.00,0.00,0.00,0,0,0.00,0.00,0,0
1432851965,s1,0.00,0.00,0.00,0,0,0.00,0.00,0.00,0,0,0.00,0.00,0,0
1432851965,s0-eth1,187560.00,0.00,187560.00,0,18756,180.00,0.00,180.00,0,18,0.00,0.00,0,0
1432851965,s0-eth2,0.00,0.00,0.00,0,0,0.00,0.00,0.00,0,0,0.00,0.00,0,0
1432851965,s0-eth3,0.00,1875600.00,1875600.00,187560,0,0.00,1800.00,1800.00,180,0,0.00,0.00,0,0
1432851965,total,375120.00,2063160.00,2438280.00,206316,37512,360.00,1980.00,2340.00,198,36,0.00,0.00,0,0
1432851966,s1-eth1,0.00,185702.98,185702.98,18756,0,0.00,178.22,178.22,18,0,0.00,0.00,0,0
1432851966,s1-eth2,0.00,0.00,0.00,0,0,0.00,0.00,0.00,0,0,0.00,0.00,0,0
1432851966,s1-eth3,185702.98,0.00,185702.98,0,18756,178.22,0.00,178.22,0,18,0.00,0.00,0,0
1432851966,s0,0.00,0.00,0.00,0,0,0.00,0.00,0.00,0,0,0.00,0.00,0,0
1432851966,eth0,0.00,0.00,0.00,0,0,0.00,0.00,0.00,0,0,0.00,0.00,0,0
1432851966,lo,0.00,0.00,0.00,0,0,0.00,0.00,0.00,0,0,0.00,0.00,0,0
1432851966,s1,0.00,0.00,0.00,0,0,0.00,0.00,0.00,0,0,0.00,0.00,0,0
1432851966,s0-eth1,185702.98,0.00,185702.98,0,18756,178.22,0.00,178.22,0,18,0.00,0.00,0,0
1432851966,s0-eth2,0.00,0.00,0.00,0,0,0.00,0.00,0.00,0,0,0.00,0.00,0,0
1432851966,s0-eth3,0.00,1867346.62,1867346.62,188602,0,0.00,1792.08,1792.08,181,0,0.00,0.00,0,0
1432851966,total,371405.97,2053049.62,2424455.50,207358,37512,356.44,1970.30,2326.73,199,36,0.00,0.00,0,0
1432851966,s1-eth1,0.00,187560.00,187560.00,18756,0,0.00,180.00,180.00,18,0,0.00,0.00,0,0
1432851966,s1-eth2,0.00,0.00,0.00,0,0,0.00,0.00,0.00,0,0,0.00,0.00,0,0
1432851966,s1-eth3,187560.00,0.00,187560.00,0,18756,180.00,0.00,180.00,0,18,0.00,0.00,0,0
1432851966,s0,0.00,0.00,0.00,0,0,0.00,0.00,0.00,0,0,0.00,0.00,0,0
1432851966,eth0,0.00,0.00,0.00,0,0,0.00,0.00,0.00,0,0,0.00,0.00,0,0
1432851966,lo,0.00,0.00,0.00,0,0,0.00,0.00,0.00,0,0,0.00,0.00,0,0
1432851966,s1,0.00,0.00,0.00,0,0,0.00,0.00,0.00,0,0,0.00,0.00,0,0
1432851966,s0-eth1,187560.00,0.00,187560.00,0,18756,180.00,0.00,180.00,0,18,0.00,0.00,0,0
1432851966,s0-eth2,0.00,0.00,0.00,0,0,0.00,0.00,0.00,0,0,0.00,0.00,0,0
1432851966,s0-eth3,0.00,1875600.00,1875600.00,187560,0,0.00,1800.00,1800.00,180,0,0.00,0.00,0,0
1432851966,total,375120.00,2063160.00,2438280.00,206316,37512,360.00,1980.00,2340.00,198,36,0.00,0.00,0,0
1432851966,s1-eth1,0.00,187560.00,187560.00,18756,0,0.00,180.00,180.00,18,0,0.00,0.00,0,0
1432851966,s1-eth2,0.00,0.00,0.00,0,0,0.00,0.00,0.00,0,0,0.00,0.00,0,0
1432851966,s1-eth3,187560.00,0.00,187560.00,0,18756,180.00,0.00,180.00,0,18,0.00,0.00,0,0
1432851966,s0,0.00,0.00,0.00,0,0,0.00,0.00,0.00,0,0,0.00,0.00,0,0
1432851966,eth0,0.00,0.00,0.00,0,0,0.00,0.00,0.00,0,0,0.00,0.00,0,0
1432851966,lo,0.00,0.00,0.00,0,0,0.00,0.00,0.00,0,0,0.00,0.00,0,0
1432851966,s1,0.00,0.00,0.00,0,0,0.00,0.00,0.00,0,0,0.00,0.00,0,0
1432851966,s0-eth1,187560.00,0.00,187560.00,0,18756,180.00,0.00,180.00,0,18,0.00,0.00,0,0
1432851966,s0-eth2,0.00,0.00,0.00,0,0,0.00,0.00,0.00,0,0,0.00,0.00,0,0
1432851966,s0-eth3,0.00,614780.00,614780.00,61478,0,0.00,590.00,590.00,59,0,0.00,0.00,0,0
1432851966,total,375120.00,802340.00,1177460.00,80234,37512,360.00,770.00,1130.00,77,36,0.00,0.00,0,0
1432851966,s1-eth1,0.00,125040.00,125040.00,12504,0,0.00,120.00,120.00,12,0,0.00,0.00,0,0
1432851966,s1-eth2,0.00,0.00,0.00,0,0,0.00,0.00,0.00,0,0,0.00,0.00,0,0
1432851966,s1-eth3,135460.00,0.00,135460.00,0,13546,130.00,0.00,130.00,0,13,0.00,0.00,0,0
1432851966,s0,0.00,0.00,0.00,0,0,0.00,0.00,0.00,0,0,0.00,0.00,0,0
1432851966,eth0,0.00,0.00,0.00,0,0,0.00,0.00,0.00,0,0,0.00,0.00,0,0
1432851966,lo,0.00,0.00,0.00,0,0,0.00,0.00,0.00,0,0,0.00,0.00,0,0
1432851966,s1,0.00,0.00,0.00,0,0,0.00,0.00,0.00,0,0,0.00,0.00,0,0
1432851966,s0-eth1,125040.00,0.00,125040.00,0,12504,120.00,0.00,120.00,0,12,0.00,0.00,0,0
1432851966,s0-eth2,0.00,0.00,0.00,0,0,0.00,0.00,0.00,0,0,0.00,0.00,0,0
1432851966,s0-eth3,0.00,0.00,0.00,0,0,0.00,0.00,0.00,0,0,0.00,0.00,0,0
1432851966,total,260500.00,125040.00,385540.00,12504,26050,250.00,120.00,370.00,12,25,0.00,0.00,0,0
1432851966,s1-eth1,0.00,0.00,0.00,0,0,0.00,0.00,0.00,0,0,0.00,0.00,0,0
1432851966,s1-eth2,0.00,0.00,0.00,0,0,0.00,0.00,0.00,0,0,0.00,0.00,0,0
1432851966,s1-eth3,0.00,0.00,0.00,0,0,0.00,0.00,0.00,0,0,0.00,0.00,0,0
1432851966,s0,0.00,0.00,0.00,0,0,0.00,0.00,0.00,0,0,0.00,0.00,0,0
1432851966,eth0,0.00,0.00,0.00,0,0,0.00,0.00,0.00,0,0,0.00,0.00,0,0
1432851966,lo,0.00,0.00,0.00,0,0,0.00,0.00,0.00,0,0,0.00,0.00,0,0
1432851966,s1,0.00,0.00,0.00,0,0,0.00,0.00,0.00,0,0,0.00,0.00,0,0
1432851966,s0-eth1,0.00,0.00,0.00,0,0,0.00,0.00,0.00,0,0,0.00,0.00,0,0
1432851966,s0-eth2,0.00,0.00,0.00,0,0,0.00,0.00,0.00,0,0,0.00,0.00,0,0
1432851966,s0-eth3,0.00,0.00,0.00,0,0,0.00,0.00,0.00,0,0,0.00,0.00,0,0
1432851966,total,0.00,0.00,0.00,0,0,0.00,0.00,0.00,0,0,0.00,0.00,0,0
1432851966,s1-eth1,0.00,0.00,0.00,0,0,0.00,0.00,0.00,0,0,0.00,0.00,0,0
1432851966,s1-eth2,0.00,0.00,0.00,0,0,0.00,0.00,0.00,0,0,0.00,0.00,0,0
1432851966,s1-eth3,0.00,0.00,0.00,0,0,0.00,0.00,0.00,0,0,0.00,0.00,0,0
1432851966,s0,0.00,0.00,0.00,0,0,0.00,0.00,0.00,0,0,0.00,0.00,0,0
1432851966,eth0,0.00,0.00,0.00,0,0,0.00,0.00,0.00,0,0,0.00,0.00,0,0
1432851966,lo,0.00,0.00,0.00,0,0,0.00,0.00,0.00,0,0,0.00,0.00,0,0
1432851966,s1,0.00,0.00,0.00,0,0,0.00,0.00,0.00,0,0,0.00,0.00,0,0
1432851966,s0-eth1,0.00,0.00,0.00,0,0,0.00,0.00,0.00,0,0,0.00,0.00,0,0
1432851966,s0-eth2,0.00,0.00,0.00,0,0,0.00,0.00,0.00,0,0,0.00,0.00,0,0
1432851966,s0-eth3,0.00,0.00,0.00,0,0,0.00,0.00,0.00,0,0,0.00,0.00,0,0
1432851966,total,0.00,0.00,0.00,0,0,0.00,0.00,0.00,0,0,0.00,0.00,0,0
1432851966,s1-eth1,0.00,0.00,0.00,0,0,0.00,0.00,0.00,0,0,0.00,0.00,0,0
1432851966,s1-eth2,0.00,0.00,0.00,0,0,0.00,0.00,0.00,0,0,0.00,0.00,0,0
1432851966,s1-eth3,0.00,0.00,0.00,0,0,0.00,0.00,0.00,0,0,0.00,0.00,0,0
1432851966,s0,0.00,0.00,0.00,0,0,0.00,0.00,0.00,0,0,0.00,0.00,0,0
1432851966,eth0,420.00,560.00,980.00,56,42,10.00,10.00,20.00,1,1,0.00,0.00,0,0
1432851966,lo,0.00,0.00,0.00,0,0,0.00,0.00,0.00,0,0,0.00,0.00,0,0
1432851966,s1,0.00,0.00,0.00,0,0,0.00,0.00,0.00,0,0,0.00,0.00,0,0
1432851966,s0-eth1,0.00,0.00,0.00,0,0,0.00,0.00,0.00,0,0,0.00,0.00,0,0
1432851966,s0-eth2,0.00,0.00,0.00,0,0,0.00,0.00,0.00,0,0,0.00,0.00,0,0
1432851966,s0-eth3,0.00,0.00,0.00,0,0,0.00,0.00,0.00,0,0,0.00,0.00,0,0
1432851966,total,420.00,560.00,980.00,56,42,10.00,10.00,20.00,1,1,0.00,0.00,0,0
1432851966,s1-eth1,0.00,145880.00,145880.00,14588,0,0.00,140.00,140.00,14,0,0.00,0.00,0,0
1432851966,s1-eth2,0.00,0.00,0.00,0,0,0.00,0.00,0.00,0,0,0.00,0.00,0,0
1432851966,s1-eth3,145880.00,0.00,145880.00,0,14588,140.00,0.00,140.00,0,14,0.00,0.00,0,0
1432851966,s0,0.00,0.00,0.00,0,0,0.00,0.00,0.00,0,0,0.00,0.00,0,0
1432851966,eth0,0.00,0.00,0.00,0,0,0.00,0.00,0.00,0,0,0.00,0.00,0,0
1432851966,lo,0.00,0.00,0.00,0,0,0.00,0.00,0.00,0,0,0.00,0.00,0,0
1432851966,s1,0.00,0.00,0.00,0,0,0.00,0.00,0.00,0,0,0.00,0.00,0,0
1432851966,s0-eth1,145880.00,0.00,145880.00,0,14588,140.00,0.00,140.00,0,14,0.00,0.00,0,0
1432851966,s0-eth2,0.00,0.00,0.00,0,0,0.00,0.00,0.00,0,0,0.00,0.00,0,0
1432851966,s0-eth3,0.00,1354600.00,1354600.00,135460,0,0.00,1300.00,1300.00,130,0,0.00,0.00,0,0
1432851966,total,291760.00,1500480.00,1792240.00,150048,29176,280.00,1440.00,1720.00,144,28,0.00,0.00,0,0
1432851966,s1-eth1,0.00,197980.00,197980.00,19798,0,0.00,190.00,190.00,19,0,0.00,0.00,0,0
1432851966,s1-eth2,0.00,0.00,0.00,0,0,0.00,0.00,0.00,0,0,0.00,0.00,0,0
1432851966,s1-eth3,187560.00,0.00,187560.00,0,18756,180.00,0.00,180.00,0,18,0.00,0.00,0,0
1432851966,s0,0.00,0.00,0.00,0,0,0.00,0.00,0.00,0,0,0.00,0.00,0,0
1432851966,eth0,0.00,0.00,0.00,0,0,0.00,0.00,0.00,0,0,0.00,0.00,0,0
1432851966,lo,0.00,0.00,0.00,0,0,0.00,0.00,0.00,0,0,0.00,0.00,0,0
1432851966,s1,0.00,0.00,0.00,0,0,0.00,0.00,0.00,0,0,0.00,0.00,0,0
1432851966,s0-eth1,197980.00,0.00,197980.00,0,19798,190.00,0.00,190.00,0,19,0.00,0.00,0,0
1432851966,s0-eth2,0.00,0.00,0.00,0,0,0.00,0.00,0.00,0,0,0.00,0.00,0,0
1432851966,s0-eth3,0.00,1886020.00,1886020.00,188602,0,0.00,1810.00,1810.00,181,0,0.00,0.00,0,0
1432851966,total,385540.00,2084000.00,2469540.00,208400,38554,370.00,2000.00,2370.00,200,37,0.00,0.00,0,0
1432851966,s1-eth1,0.00,187560.00,187560.00,18756,0,0.00,180.00,180.00,18,0,0.00,0.00,0,0
1432851966,s1-eth2,0.00,0.00,0.00,0,0,0.00,0.00,0.00,0,0,0.00,0.00,0,0
1432851966,s1-eth3,187560.00,0.00,187560.00,0,18756,180.00,0.00,180.00,0,18,0.00,0.00,0,0
1432851966,s0,0.00,0.00,0.00,0,0,0.00,0.00,0.00,0,0,0.00,0.00,0,0
1432851966,eth0,0.00,0.00,0.00,0,0,0.00,0.00,0.00,0,0,0.00,0.00,0,0
1432851966,lo,0.00,0.00,0.00,0,0,0.00,0.00,0.00,0,0,0.00,0.00,0,0
1432851966,s1,0.00,0.00,0.00,0,0,0.00,0.00,0.00,0,0,0.00,0.00,0,0
1432851966,s0-eth1,187560.00,0.00,187560.00,0,18756,180.00,0.00,180.00,0,18,0.00,0.00,0,0
1432851966,s0-eth2,0.00,0.00,0.00,0,0,0.00,0.00,0.00,0,0,0.00,0.00,0,0
1432851966,s0-eth3,0.00,1875600.00,1875600.00,187560,0,0.00,1800.00,1800.00,180,0,0.00,0.00,0,0
1432851966,total,375120.00,2063160.00,2438280.00,206316,37512,360.00,1980.00,2340.00,198,36,0.00,0.00,0,0
1432851967,s1-eth1,0.00,185702.98,185702.98,18756,0,0.00,178.22,178.22,18,0,0.00,0.00,0,0
1432851967,s1-eth2,0.00,0.00,0.00,0,0,0.00,0.00,0.00,0,0,0.00,0.00,0,0
1432851967,s1-eth3,185702.98,0.00,185702.98,0,18756,178.22,0.00,178.22,0,18,0.00,0.00,0,0
1432851967,s0,0.00,0.00,0.00,0,0,0.00,0.00,0.00,0,0,0.00,0.00,0,0
1432851967,eth0,0.00,0.00,0.00,0,0,0.00,0.00,0.00,0,0,0.00,0.00,0,0
1432851967,lo,0.00,0.00,0.00,0,0,0.00,0.00,0.00,0,0,0.00,0.00,0,0
1432851967,s1,0.00,0.00,0.00,0,0,0.00,0.00,0.00,0,0,0.00,0.00,0,0
1432851967,s0-eth1,185702.98,0.00,185702.98,0,18756,178.22,0.00,178.22,0,18,0.00,0.00,0,0
1432851967,s0-eth2,0.00,0.00,0.00,0,0,0.00,0.00,0.00,0,0,0.00,0.00,0,0
1432851967,s0-eth3,0.00,1857029.75,1857029.75,187560,0,0.00,1782.18,1782.18,180,0,0.00,0.00,0,0
1432851967,total,371405.97,2042732.75,2414138.75,206316,37512,356.44,1960.40,2316.83,198,36,0.00,0.00,0,0
1432851967,s1-eth1,0.00,187560.00,187560.00,18756,0,0.00,180.00,180.00,18,0,0.00,0.00,0,0
1432851967,s1-eth2,0.00,0.00,0.00,0,0,0.00,0.00,0.00,0,0,0.00,0.00,0,0
1432851967,s1-eth3,187560.00,0.00,187560.00,0,18756,180.00,0.00,180.00,0,18,0.00,0.00,0,0
1432851967,s0,0.00,0.00,0.00,0,0,0.00,0.00,0.00,0,0,0.00,0.00,0,0
1432851967,eth0,0.00,0.00,0.00,0,0,0.00,0.00,0.00,0,0,0.00,0.00,0,0
1432851967,lo,0.00,0.00,0.00,0,0,0.00,0.00,0.00,0,0,0.00,0.00,0,0
1432851967,s1,0.00,0.00,0.00,0,0,0.00,0.00,0.00,0,0,0.00,0.00,0,0
1432851967,s0-eth1,187560.00,0.00,187560.00,0,18756,180.00,0.00,180.00,0,18,0.00,0.00,0,0
1432851967,s0-eth2,0.00,0.00,0.00,0,0,0.00,0.00,0.00,0,0,0.00,0.00,0,0
1432851967,s0-eth3,0.00,1886020.00,1886020.00,188602,0,0.00,1810.00,1810.00,181,0,0.00,0.00,0,0
1432851967,total,375120.00,2073580.00,2448700.00,207358,37512,360.00,1990.00,2350.00,199,36,0.00,0.00,0,0
1432851967,s1-eth1,0.00,187560.00,187560.00,18756,0,0.00,180.00,180.00,18,0,0.00,0.00,0,0
1432851967,s1-eth2,0.00,0.00,0.00,0,0,0.00,0.00,0.00,0,0,0.00,0.00,0,0
1432851967,s1-eth3,187560.00,0.00,187560.00,0,18756,180.00,0.00,180.00,0,18,0.00,0.00,0,0
1432851967,s0,0.00,0.00,0.00,0,0,0.00,0.00,0.00,0,0,0.00,0.00,0,0
1432851967,eth0,0.00,0.00,0.00,0,0,0.00,0.00,0.00,0,0,0.00,0.00,0,0
1432851967,lo,0.00,0.00,0.00,0,0,0.00,0.00,0.00,0,0,0.00,0.00,0,0
1432851967,s1,0.00,0.00,0.00,0,0,0.00,0.00,0.00,0,0,0.00,0.00,0,0
1432851967,s0-eth1,187560.00,0.00,187560.00,0,18756,180.00,0.00,180.00,0,18,0.00,0.00,0,0
1432851967,s0-eth2,0.00,0.00,0.00,0,0,0.00,0.00,0.00,0,0,0.00,0.00,0,0
1432851967,s0-eth3,0.00,1875600.00,1875600.00,187560,0,0.00,1800.00,1800.00,180,0,0.00,0.00,0,0
1432851967,total,375120.00,2063160.00,2438280.00,206316,37512,360.00,1980.00,2340.00,198,36,0.00,0.00,0,0
1432851967,s1-eth1,0.00,187560.00,187560.00,18756,0,0.00,180.00,180.00,18,0,0.00,0.00,0,0
1432851967,s1-eth2,0.00,0.00,0.00,0,0,0.00,0.00,0.00,0,0,0.00,0.00,0,0
1432851967,s1-eth3,187560.00,0.00,187560.00,0,18756,180.00,0.00,180.00,0,18,0.00,0.00,0,0
1432851967,s0,0.00,0.00,0.00,0,0,0.00,0.00,0.00,0,0,0.00,0.00,0,0
1432851967,eth0,0.00,0.00,0.00,0,0,0.00,0.00,0.00,0,0,0.00,0.00,0,0
1432851967,lo,0.00,0.00,0.00,0,0,0.00,0.00,0.00,0,0,0.00,0.00,0,0
1432851967,s1,0.00,0.00,0.00,0,0,0.00,0.00,0.00,0,0,0.00,0.00,0,0
1432851967,s0-eth1,187560.00,0.00,187560.00,0,18756,180.00,0.00,180.00,0,18,0.00,0.00,0,0
1432851967,s0-eth2,0.00,0.00,0.00,0,0,0.00,0.00,0.00,0,0,0.00,0.00,0,0
1432851967,s0-eth3,0.00,208400.00,208400.00,20840,0,0.00,200.00,200.00,20,0,0.00,0.00,0,0
1432851967,total,375120.00,395960.00,771080.00,39596,37512,360.00,380.00,740.00,38,36,0.00,0.00,0,0
1432851967,s1-eth1,0.00,83360.00,83360.00,8336,0,0.00,80.00,80.00,8,0,0.00,0.00,0,0
1432851967,s1-eth2,0.00,0.00,0.00,0,0,0.00,0.00,0.00,0,0,0.00,0.00,0,0
1432851967,s1-eth3,93780.00,0.00,93780.00,0,9378,90.00,0.00,90.00,0,9,0.00,0.00,0,0
1432851967,s0,0.00,0.00,0.00,0,0,0.00,0.00,0.00,0,0,0.00,0.00,0,0
1432851967,eth0,0.00,0.00,0.00,0,0,0.00,0.00,0.00,0,0,0.00,0.00,0,0
1432851967,lo,0.00,0.00,0.00,0,0,0.00,0.00,0.00,0,0,0.00,0.00,0,0
1432851967,s1,0.00,0.00,0.00,0,0,0.00,0.00,0.00,0,0,0.00,0.00,0,0
1432851967,s0-eth1,83360.00,0.00,83360.00,0,8336,80.00,0.00,80.00,0,8,0.00,0.00,0,0
1432851967,s0-eth2,0.00,0.00,0.00,0,0,0.00,0.00,0.00,0,0,0.00,0.00,0,0
1432851967,s0-eth3,0.00,0.00,0.00,0,0,0.00,0.00,0.00,0,0,0.00,0.00,0,0
1432851967,total,177140.00,83360.00,260500.00,8336,17714,170.00,80.00,250.00,8,17,0.00,0.00,0,0
1432851967,s1-eth1,0.00,0.00,0.00,0,0,0.00,0.00,0.00,0,0,0.00,0.00,0,0
1432851967,s1-eth2,0.00,0.00,0.00,0,0,0.00,0.00,0.00,0,0,0.00,0.00,0,0
1432851967,s1-eth3,0.00,0.00,0.00,0,0,0.00,0.00,0.00,0,0,0.00,0.00,0,0
1432851967,s0,0.00,0.00,0.00,0,0,0.00,0.00,0.00,0,0,0.00,0.00,0,0
1432851967,eth0,0.00,0.00,0.00,0,0,0.00,0.00,0.00,0,0,0.00,0.00,0,0
1432851967,lo,0.00,0.00,0.00,0,0,0.00,0.00,0.00,0,0,0.00,0.00,0,0
1432851967,s1,0.00,0.00,0.00,0,0,0.00,0.00,0.00,0,0,0.00,0.00,0,0
1432851967,s0-eth1,0.00,0.00,0.00,0,0,0.00,0.00,0.00,0,0,0.00,0.00,0,0
1432851967,s0-eth2,0.00,0.00,0.00,0,0,0.00,0.00,0.00,0,0,0.00,0.00,0,0
1432851967,s0-eth3,0.00,0.00,0.00,0,0,0.00,0.00,0.00,0,0,0.00,0.00,0,0
1432851967,total,0.00,0.00,0.00,0,0,0.00,0.00,0.00,0,0,0.00,0.00,0,0
1432851967,s1-eth1,0.00,0.00,0.00,0,0,0.00,0.00,0.00,0,0,0.00,0.00,0,0
1432851967,s1-eth2,0.00,0.00,0.00,0,0,0.00,0.00,0.00,0,0,0.00,0.00,0,0
1432851967,s1-eth3,0.00,0.00,0.00,0,0,0.00,0.00,0.00,0,0,0.00,0.00,0,0
1432851967,s0,0.00,0.00,0.00,0,0,0.00,0.00,0.00,0,0,0.00,0.00,0,0
1432851967,eth0,0.00,0.00,0.00,0,0,0.00,0.00,0.00,0,0,0.00,0.00,0,0
1432851967,lo,0.00,0.00,0.00,0,0,0.00,0.00,0.00,0,0,0.00,0.00,0,0
1432851967,s1,0.00,0.00,0.00,0,0,0.00,0.00,0.00,0,0,0.00,0.00,0,0
1432851967,s0-eth1,0.00,0.00,0.00,0,0,0.00,0.00,0.00,0,0,0.00,0.00,0,0
1432851967,s0-eth2,0.00,0.00,0.00,0,0,0.00,0.00,0.00,0,0,0.00,0.00,0,0
1432851967,s0-eth3,0.00,0.00,0.00,0,0,0.00,0.00,0.00,0,0,0.00,0.00,0,0
1432851967,total,0.00,0.00,0.00,0,0,0.00,0.00,0.00,0,0,0.00,0.00,0,0
1432851967,s1-eth1,0.00,0.00,0.00,0,0,0.00,0.00,0.00,0,0,0.00,0.00,0,0
1432851967,s1-eth2,0.00,0.00,0.00,0,0,0.00,0.00,0.00,0,0,0.00,0.00,0,0
1432851967,s1-eth3,0.00,0.00,0.00,0,0,0.00,0.00,0.00,0,0,0.00,0.00,0,0
1432851967,s0,0.00,0.00,0.00,0,0,0.00,0.00,0.00,0,0,0.00,0.00,0,0
1432851967,eth0,0.00,0.00,0.00,0,0,0.00,0.00,0.00,0,0,0.00,0.00,0,0
1432851967,lo,0.00,0.00,0.00,0,0,0.00,0.00,0.00,0,0,0.00,0.00,0,0
1432851967,s1,0.00,0.00,0.00,0,0,0.00,0.00,0.00,0,0,0.00,0.00,0,0
1432851967,s0-eth1,0.00,0.00,0.00,0,0,0.00,0.00,0.00,0,0,0.00,0.00,0,0
1432851967,s0-eth2,0.00,0.00,0.00,0,0,0.00,0.00,0.00,0,0,0.00,0.00,0,0
1432851967,s0-eth3,0.00,0.00,0.00,0,0,0.00,0.00,0.00,0,0,0.00,0.00,0,0
1432851967,total,0.00,0.00,0.00,0,0,0.00,0.00,0.00,0,0,0.00,0.00,0,0
1432851967,s1-eth1,0.00,187560.00,187560.00,18756,0,0.00,180.00,180.00,18,0,0.00,0.00,0,0
1432851967,s1-eth2,0.00,0.00,0.00,0,0,0.00,0.00,0.00,0,0,0.00,0.00,0,0
1432851967,s1-eth3,187560.00,0.00,187560.00,0,18756,180.00,0.00,180.00,0,18,0.00,0.00,0,0
1432851967,s0,0.00,0.00,0.00,0,0,0.00,0.00,0.00,0,0,0.00,0.00,0,0
1432851967,eth0,0.00,0.00,0.00,0,0,0.00,0.00,0.00,0,0,0.00,0.00,0,0
1432851967,lo,0.00,0.00,0.00,0,0,0.00,0.00,0.00,0,0,0.00,0.00,0,0
1432851967,s1,0.00,0.00,0.00,0,0,0.00,0.00,0.00,0,0,0.00,0.00,0,0
1432851967,s0-eth1,187560.00,0.00,187560.00,0,18756,180.00,0.00,180.00,0,18,0.00,0.00,0,0
1432851967,s0-eth2,0.00,0.00,0.00,0,0,0.00,0.00,0.00,0,0,0.00,0.00,0,0
1432851967,s0-eth3,0.00,1760980.00,1760980.00,176098,0,0.00,1690.00,1690.00,169,0,0.00,0.00,0,0
1432851967,total,375120.00,1948540.00,2323660.00,194854,37512,360.00,1870.00,2230.00,187,36,0.00,0.00,0,0
1432851967,s1-eth1,0.00,187560.00,187560.00,18756,0,0.00,180.00,180.00,18,0,0.00,0.00,0,0
1432851967,s1-eth2,0.00,0.00,0.00,0,0,0.00,0.00,0.00,0,0,0.00,0.00,0,0
1432851967,s1-eth3,187560.00,0.00,187560.00,0,18756,180.00,0.00,180.00,0,18,0.00,0.00,0,0
1432851967,s0,0.00,0.00,0.00,0,0,0.00,0.00,0.00,0,0,0.00,0.00,0,0
1432851967,eth0,0.00,0.00,0.00,0,0,0.00,0.00,0.00,0,0,0.00,0.00,0,0
1432851967,lo,0.00,0.00,0.00,0,0,0.00,0.00,0.00,0,0,0.00,0.00,0,0
1432851967,s1,0.00,0.00,0.00,0,0,0.00,0.00,0.00,0,0,0.00,0.00,0,0
1432851967,s0-eth1,187560.00,0.00,187560.00,0,18756,180.00,0.00,180.00,0,18,0.00,0.00,0,0
1432851967,s0-eth2,0.00,0.00,0.00,0,0,0.00,0.00,0.00,0,0,0.00,0.00,0,0
1432851967,s0-eth3,0.00,1886020.00,1886020.00,188602,0,0.00,1810.00,1810.00,181,0,0.00,0.00,0,0
1432851967,total,375120.00,2073580.00,2448700.00,207358,37512,360.00,1990.00,2350.00,199,36,0.00,0.00,0,0
1432851968,s1-eth1,0.00,185702.98,185702.98,18756,0,0.00,178.22,178.22,18,0,0.00,0.00,0,0
1432851968,s1-eth2,0.00,0.00,0.00,0,0,0.00,0.00,0.00,0,0,0.00,0.00,0,0
1432851968,s1-eth3,185702.98,0.00,185702.98,0,18756,178.22,0.00,178.22,0,18,0.00,0.00,0,0
1432851968,s0,0.00,0.00,0.00,0,0,0.00,0.00,0.00,0,0,0.00,0.00,0,0
1432851968,eth0,0.00,0.00,0.00,0,0,0.00,0.00,0.00,0,0,0.00,0.00,0,0
1432851968,lo,0.00,0.00,0.00,0,0,0.00,0.00,0.00,0,0,0.00,0.00,0,0
1432851968,s1,0.00,0.00,0.00,0,0,0.00,0.00,0.00,0,0,0.00,0.00,0,0
1432851968,s0-eth1,185702.98,0.00,185702.98,0,18756,178.22,0.00,178.22,0,18,0.00,0.00,0,0
1432851968,s0-eth2,0.00,0.00,0.00,0,0,0.00,0.00,0.00,0,0,0.00,0.00,0,0
1432851968,s0-eth3,0.00,1857029.75,1857029.75,187560,0,0.00,1782.18,1782.18,180,0,0.00,0.00,0,0
1432851968,total,371405.97,2042732.75,2414138.75,206316,37512,356.44,1960.40,2316.83,198,36,0.00,0.00,0,0
1432851968,s1-eth1,0.00,197980.00,197980.00,19798,0,0.00,190.00,190.00,19,0,0.00,0.00,0,0
1432851968,s1-eth2,0.00,0.00,0.00,0,0,0.00,0.00,0.00,0,0,0.00,0.00,0,0
1432851968,s1-eth3,187560.00,0.00,187560.00,0,18756,180.00,0.00,180.00,0,18,0.00,0.00,0,0
1432851968,s0,0.00,0.00,0.00,0,0,0.00,0.00,0.00,0,0,0.00,0.00,0,0
1432851968,eth0,0.00,0.00,0.00,0,0,0.00,0.00,0.00,0,0,0.00,0.00,0,0
1432851968,lo,0.00,0.00,0.00,0,0,0.00,0.00,0.00,0,0,0.00,0.00,0,0
1432851968,s1,0.00,0.00,0.00,0,0,0.00,0.00,0.00,0,0,0.00,0.00,0,0
1432851968,s0-eth1,197980.00,0.00,197980.00,0,19798,190.00,0.00,190.00,0,19,0.00,0.00,0,0
1432851968,s0-eth2,0.00,0.00,0.00,0,0,0.00,0.00,0.00,0,0,0.00,0.00,0,0
1432851968,s0-eth3,0.00,1886020.00,1886020.00,188602,0,0.00,1810.00,1810.00,181,0,0.00,0.00,0,0
1432851968,total,385540.00,2084000.00,2469540.00,208400,38554,370.00,2000.00,2370.00,200,37,0.00,0.00,0,0
1432851968,s1-eth1,0.00,187560.00,187560.00,18756,0,0.00,180.00,180.00,18,0,0.00,0.00,0,0
1432851968,s1-eth2,0.00,0.00,0.00,0,0,0.00,0.00,0.00,0,0,0.00,0.00,0,0
1432851968,s1-eth3,187560.00,0.00,187560.00,0,18756,180.00,0.00,180.00,0,18,0.00,0.00,0,0
1432851968,s0,0.00,0.00,0.00,0,0,0.00,0.00,0.00,0,0,0.00,0.00,0,0
1432851968,eth0,0.00,0.00,0.00,0,0,0.00,0.00,0.00,0,0,0.00,0.00,0,0
1432851968,lo,0.00,0.00,0.00,0,0,0.00,0.00,0.00,0,0,0.00,0.00,0,0
1432851968,s1,0.00,0.00,0.00,0,0,0.00,0.00,0.00,0,0,0.00,0.00,0,0
1432851968,s0-eth1,187560.00,0.00,187560.00,0,18756,180.00,0.00,180.00,0,18,0.00,0.00,0,0
1432851968,s0-eth2,0.00,0.00,0.00,0,0,0.00,0.00,0.00,0,0,0.00,0.00,0,0
1432851968,s0-eth3,0.00,1875600.00,1875600.00,187560,0,0.00,1800.00,1800.00,180,0,0.00,0.00,0,0
1432851968,total,375120.00,2063160.00,2438280.00,206316,37512,360.00,1980.00,2340.00,198,36,0.00,0.00,0,0
1432851968,s1-eth1,0.00,187560.00,187560.00,18756,0,0.00,180.00,180.00,18,0,0.00,0.00,0,0
1432851968,s1-eth2,0.00,0.00,0.00,0,0,0.00,0.00,0.00,0,0,0.00,0.00,0,0
1432851968,s1-eth3,187560.00,0.00,187560.00,0,18756,180.00,0.00,180.00,0,18,0.00,0.00,0,0
1432851968,s0,0.00,0.00,0.00,0,0,0.00,0.00,0.00,0,0,0.00,0.00,0,0
1432851968,eth0,0.00,0.00,0.00,0,0,0.00,0.00,0.00,0,0,0.00,0.00,0,0
1432851968,lo,0.00,0.00,0.00,0,0,0.00,0.00,0.00,0,0,0.00,0.00,0,0
1432851968,s1,0.00,0.00,0.00,0,0,0.00,0.00,0.00,0,0,0.00,0.00,0,0
1432851968,s0-eth1,187560.00,0.00,187560.00,0,18756,180.00,0.00,180.00,0,18,0.00,0.00,0,0
1432851968,s0-eth2,0.00,0.00,0.00,0,0,0.00,0.00,0.00,0,0,0.00,0.00,0,0
1432851968,s0-eth3,0.00,1677620.00,1677620.00,167762,0,0.00,1610.00,1610.00,161,0,0.00,0.00,0,0
1432851968,total,375120.00,1865180.00,2240300.00,186518,37512,360.00,1790.00,2150.00,179,36,0.00,0.00,0,0
1432851968,s1-eth1,0.00,187560.00,187560.00,18756,0,0.00,180.00,180.00,18,0,0.00,0.00,0,0
1432851968,s1-eth2,0.00,0.00,0.00,0,0,0.00,0.00,0.00,0,0,0.00,0.00,0,0
1432851968,s1-eth3,187560.00,0.00,187560.00,0,18756,180.00,0.00,180.00,0,18,0.00,0.00,0,0
1432851968,s0,0.00,0.00,0.00,0,0,0.00,0.00,0.00,0,0,0.00,0.00,0,0
1432851968,eth0,0.00,0.00,0.00,0,0,0.00,0.00,0.00,0,0,0.00,0.00,0,0
1432851968,lo,0.00,0.00,0.00,0,0,0.00,0.00,0.00,0,0,0.00,0.00,0,0
1432851968,s1,0.00,0.00,0.00,0,0,0.00,0.00,0.00,0,0,0.00,0.00,0,0
1432851968,s0-eth1,187560.00,0.00,187560.00,0,18756,180.00,0.00,180.00,0,18,0.00,0.00,0,0
1432851968,s0-eth2,0.00,0.00,0.00,0,0,0.00,0.00,0.00,0,0,0.00,0.00,0,0
1432851968,s0-eth3,0.00,0.00,0.00,0,0,0.00,0.00,0.00,0,0,0.00,0.00,0,0
1432851968,total,375120.00,187560.00,562680.00,18756,37512,360.00,180.00,540.00,18,36,0.00,0.00,0,0
1432851968,s1-eth1,0.00,41680.00,41680.00,4168,0,0.00,40.00,40.00,4,0,0.00,0.00,0,0
1432851968,s1-eth2,0.00,0.00,0.00,0,0,0.00,0.00,0.00,0,0,0.00,0.00,0,0
1432851968,s1-eth3,52100.00,0.00,52100.00,0,5210,50.00,0.00,50.00,0,5,0.00,0.00,0,0
1432851968,s0,0.00,0.00,0.00,0,0,0.00,0.00,0.00,0,0,0.00,0.00,0,0
1432851968,eth0,0.00,0.00,0.00,0,0,0.00,0.00,0.00,0,0,0.00,0.00,0,0
1432851968,lo,0.00,0.00,0.00,0,0,0.00,0.00,0.00,0,0,0.00,0.00,0,0
1432851968,s1,0.00,0.00,0.00,0,0,0.00,0.00,0.00,0,0,0.00,0.00,0,0
1432851968,s0-eth1,41680.00,0.00,41680.00,0,4168,40.00,0.00,40.00,0,4,0.00,0.00,0,0
1432851968,s0-eth2,0.00,0.00,0.00,0,0,0.00,0.00,0.00,0,0,0.00,0.00,0,0
1432851968,s0-eth3,0.00,0.00,0.00,0,0,0.00,0.00,0.00,0,0,0.00,0.00,0,0
1432851968,total,93780.00,41680.00,135460.00,4168,9378,90.00,40.00,130.00,4,9,0.00,0.00,0,0
1432851968,s1-eth1,0.00,0.00,0.00,0,0,0.00,0.00,0.00,0,0,0.00,0.00,0,0
1432851968,s1-eth2,0.00,0.00,0.00,0,0,0.00,0.00,0.00,0,0,0.00,0.00,0,0
1432851968,s1-eth3,0.00,0.00,0.00,0,0,0.00,0.00,0.00,0,0,0.00,0.00,0,0
1432851968,s0,0.00,0.00,0.00,0,0,0.00,0.00,0.00,0,0,0.00,0.00,0,0
1432851968,eth0,0.00,0.00,0.00,0,0,0.00,0.00,0.00,0,0,0.00,0.00,0,0
1432851968,lo,0.00,0.00,0.00,0,0,0.00,0.00,0.00,0,0,0.00,0.00,0,0
1432851968,s1,0.00,0.00,0.00,0,0,0.00,0.00,0.00,0,0,0.00,0.00,0,0
1432851968,s0-eth1,0.00,0.00,0.00,0,0,0.00,0.00,0.00,0,0,0.00,0.00,0,0
1432851968,s0-eth2,0.00,0.00,0.00,0,0,0.00,0.00,0.00,0,0,0.00,0.00,0,0
1432851968,s0-eth3,0.00,0.00,0.00,0,0,0.00,0.00,0.00,0,0,0.00,0.00,0,0
1432851968,total,0.00,0.00,0.00,0,0,0.00,0.00,0.00,0,0,0.00,0.00,0,0
1432851968,s1-eth1,0.00,0.00,0.00,0,0,0.00,0.00,0.00,0,0,0.00,0.00,0,0
1432851968,s1-eth2,0.00,0.00,0.00,0,0,0.00,0.00,0.00,0,0,0.00,0.00,0,0
1432851968,s1-eth3,0.00,0.00,0.00,0,0,0.00,0.00,0.00,0,0,0.00,0.00,0,0
1432851968,s0,0.00,0.00,0.00,0,0,0.00,0.00,0.00,0,0,0.00,0.00,0,0
1432851968,eth0,0.00,0.00,0.00,0,0,0.00,0.00,0.00,0,0,0.00,0.00,0,0
1432851968,lo,0.00,0.00,0.00,0,0,0.00,0.00,0.00,0,0,0.00,0.00,0,0
1432851968,s1,0.00,0.00,0.00,0,0,0.00,0.00,0.00,0,0,0.00,0.00,0,0
1432851968,s0-eth1,0.00,0.00,0.00,0,0,0.00,0.00,0.00,0,0,0.00,0.00,0,0
1432851968,s0-eth2,0.00,0.00,0.00,0,0,0.00,0.00,0.00,0,0,0.00,0.00,0,0
1432851968,s0-eth3,0.00,0.00,0.00,0,0,0.00,0.00,0.00,0,0,0.00,0.00,0,0
1432851968,total,0.00,0.00,0.00,0,0,0.00,0.00,0.00,0,0,0.00,0.00,0,0
1432851968,s1-eth1,0.00,41680.00,41680.00,4168,0,0.00,40.00,40.00,4,0,0.00,0.00,0,0
1432851968,s1-eth2,0.00,0.00,0.00,0,0,0.00,0.00,0.00,0,0,0.00,0.00,0,0
1432851968,s1-eth3,41680.00,0.00,41680.00,0,4168,40.00,0.00,40.00,0,4,0.00,0.00,0,0
1432851968,s0,0.00,0.00,0.00,0,0,0.00,0.00,0.00,0,0,0.00,0.00,0,0
1432851968,eth0,0.00,0.00,0.00,0,0,0.00,0.00,0.00,0,0,0.00,0.00,0,0
1432851968,lo,0.00,0.00,0.00,0,0,0.00,0.00,0.00,0,0,0.00,0.00,0,0
1432851968,s1,0.00,0.00,0.00,0,0,0.00,0.00,0.00,0,0,0.00,0.00,0,0
1432851968,s0-eth1,41680.00,0.00,41680.00,0,4168,40.00,0.00,40.00,0,4,0.00,0.00,0,0
1432851968,s0-eth2,0.00,0.00,0.00,0,0,0.00,0.00,0.00,0,0,0.00,0.00,0,0
1432851968,s0-eth3,0.00,291760.00,291760.00,29176,0,0.00,280.00,280.00,28,0,0.00,0.00,0,0
1432851968,total,83360.00,333440.00,416800.00,33344,8336,80.00,320.00,400.00,32,8,0.00,0.00,0,0
1432851968,s1-eth1,0.00,187560.00,187560.00,18756,0,0.00,180.00,180.00,18,0,0.00,0.00,0,0
1432851968,s1-eth2,0.00,0.00,0.00,0,0,0.00,0.00,0.00,0,0,0.00,0.00,0,0
1432851968,s1-eth3,187560.00,0.00,187560.00,0,18756,180.00,0.00,180.00,0,18,0.00,0.00,0,0
1432851968,s0,0.00,0.00,0.00,0,0,0.00,0.00,0.00,0,0,0.00,0.00,0,0
1432851968,eth0,0.00,0.00,0.00,0,0,0.00,0.00,0.00,0,0,0.00,0.00,0,0
1432851968,lo,0.00,0.00,0.00,0,0,0.00,0.00,0.00,0,0,0.00,0.00,0,0
1432851968,s1,0.00,0.00,0.00,0,0,0.00,0.00,0.00,0,0,0.00,0.00,0,0
1432851968,s0-eth1,187560.00,0.00,187560.00,0,18756,180.00,0.00,180.00,0,18,0.00,0.00,0,0
1432851968,s0-eth2,0.00,0.00,0.00,0,0,0.00,0.00,0.00,0,0,0.00,0.00,0,0
1432851968,s0-eth3,0.00,1886020.00,1886020.00,188602,0,0.00,1810.00,1810.00,181,0,0.00,0.00,0,0
1432851968,total,375120.00,2073580.00,2448700.00,207358,37512,360.00,1990.00,2350.00,199,36,0.00,0.00,0,0
1432851969,s1-eth1,0.00,185702.98,185702.98,18756,0,0.00,178.22,178.22,18,0,0.00,0.00,0,0
1432851969,s1-eth2,0.00,0.00,0.00,0,0,0.00,0.00,0.00,0,0,0.00,0.00,0,0
1432851969,s1-eth3,185702.98,0.00,185702.98,0,18756,178.22,0.00,178.22,0,18,0.00,0.00,0,0
1432851969,s0,0.00,0.00,0.00,0,0,0.00,0.00,0.00,0,0,0.00,0.00,0,0
1432851969,eth0,0.00,0.00,0.00,0,0,0.00,0.00,0.00,0,0,0.00,0.00,0,0
1432851969,lo,0.00,0.00,0.00,0,0,0.00,0.00,0.00,0,0,0.00,0.00,0,0
1432851969,s1,0.00,0.00,0.00,0,0,0.00,0.00,0.00,0,0,0.00,0.00,0,0
1432851969,s0-eth1,185702.98,0.00,185702.98,0,18756,178.22,0.00,178.22,0,18,0.00,0.00,0,0
1432851969,s0-eth2,0.00,0.00,0.00,0,0,0.00,0.00,0.00,0,0,0.00,0.00,0,0
1432851969,s0-eth3,0.00,1857029.75,1857029.75,187560,0,0.00,1782.18,1782.18,180,0,0.00,0.00,0,0
1432851969,total,371405.97,2042732.75,2414138.75,206316,37512,356.44,1960.40,2316.83,198,36,0.00,0.00,0,0
1432851969,s1-eth1,0.00,187560.00,187560.00,18756,0,0.00,180.00,180.00,18,0,0.00,0.00,0,0
1432851969,s1-eth2,0.00,0.00,0.00,0,0,0.00,0.00,0.00,0,0,0.00,0.00,0,0
1432851969,s1-eth3,187560.00,0.00,187560.00,0,18756,180.00,0.00,180.00,0,18,0.00,0.00,0,0
1432851969,s0,0.00,0.00,0.00,0,0,0.00,0.00,0.00,0,0,0.00,0.00,0,0
1432851969,eth0,0.00,0.00,0.00,0,0,0.00,0.00,0.00,0,0,0.00,0.00,0,0
1432851969,lo,0.00,0.00,0.00,0,0,0.00,0.00,0.00,0,0,0.00,0.00,0,0
1432851969,s1,0.00,0.00,0.00,0,0,0.00,0.00,0.00,0,0,0.00,0.00,0,0
1432851969,s0-eth1,187560.00,0.00,187560.00,0,18756,180.00,0.00,180.00,0,18,0.00,0.00,0,0
1432851969,s0-eth2,0.00,0.00,0.00,0,0,0.00,0.00,0.00,0,0,0.00,0.00,0,0
1432851969,s0-eth3,0.00,1886020.00,1886020.00,188602,0,0.00,1810.00,1810.00,181,0,0.00,0.00,0,0
1432851969,total,375120.00,2073580.00,2448700.00,207358,37512,360.00,1990.00,2350.00,199,36,0.00,0.00,0,0
1432851969,s1-eth1,0.00,187560.00,187560.00,18756,0,0.00,180.00,180.00,18,0,0.00,0.00,0,0
1432851969,s1-eth2,0.00,0.00,0.00,0,0,0.00,0.00,0.00,0,0,0.00,0.00,0,0
1432851969,s1-eth3,187560.00,0.00,187560.00,0,18756,180.00,0.00,180.00,0,18,0.00,0.00,0,0
1432851969,s0,0.00,0.00,0.00,0,0,0.00,0.00,0.00,0,0,0.00,0.00,0,0
1432851969,eth0,0.00,0.00,0.00,0,0,0.00,0.00,0.00,0,0,0.00,0.00,0,0
1432851969,lo,3440.00,3440.00,6880.00,344,344,60.00,60.00,120.00,6,6,0.00,0.00,0,0
1432851969,s1,0.00,0.00,0.00,0,0,0.00,0.00,0.00,0,0,0.00,0.00,0,0
1432851969,s0-eth1,187560.00,0.00,187560.00,0,18756,180.00,0.00,180.00,0,18,0.00,0.00,0,0
1432851969,s0-eth2,0.00,0.00,0.00,0,0,0.00,0.00,0.00,0,0,0.00,0.00,0,0
1432851969,s0-eth3,0.00,1875600.00,1875600.00,187560,0,0.00,1800.00,1800.00,180,0,0.00,0.00,0,0
1432851969,total,378560.00,2066600.00,2445160.00,206660,37856,420.00,2040.00,2460.00,204,42,0.00,0.00,0,0
1432851969,s1-eth1,0.00,197980.00,197980.00,19798,0,0.00,190.00,190.00,19,0,0.00,0.00,0,0
1432851969,s1-eth2,0.00,0.00,0.00,0,0,0.00,0.00,0.00,0,0,0.00,0.00,0,0
1432851969,s1-eth3,187560.00,0.00,187560.00,0,18756,180.00,0.00,180.00,0,18,0.00,0.00,0,0
1432851969,s0,0.00,0.00,0.00,0,0,0.00,0.00,0.00,0,0,0.00,0.00,0,0
1432851969,eth0,0.00,0.00,0.00,0,0,0.00,0.00,0.00,0,0,0.00,0.00,0,0
1432851969,lo,0.00,0.00,0.00,0,0,0.00,0.00,0.00,0,0,0.00,0.00,0,0
1432851969,s1,0.00,0.00,0.00,0,0,0.00,0.00,0.00,0,0,0.00,0.00,0,0
1432851969,s0-eth1,197980.00,0.00,197980.00,0,19798,190.00,0.00,190.00,0,19,0.00,0.00,0,0
1432851969,s0-eth2,0.00,0.00,0.00,0,0,0.00,0.00,0.00,0,0,0.00,0.00,0,0
1432851969,s0-eth3,0.00,1875600.00,1875600.00,187560,0,0.00,1800.00,1800.00,180,0,0.00,0.00,0,0
1432851969,total,385540.00,2073580.00,2459120.00,207358,38554,370.00,1990.00,2360.00,199,37,0.00,0.00,0,0
1432851969,s1-eth1,0.00,187560.00,187560.00,18756,0,0.00,180.00,180.00,18,0,0.00,0.00,0,0
1432851969,s1-eth2,0.00,0.00,0.00,0,0,0.00,0.00,0.00,0,0,0.00,0.00,0,0
1432851969,s1-eth3,187560.00,0.00,187560.00,0,18756,180.00,0.00,180.00,0,18,0.00,0.00,0,0
1432851969,s0,0.00,0.00,0.00,0,0,0.00,0.00,0.00,0,0,0.00,0.00,0,0
1432851969,eth0,0.00,0.00,0.00,0,0,0.00,0.00,0.00,0,0,0.00,0.00,0,0
1432851969,lo,0.00,0.00,0.00,0,0,0.00,0.00,0.00,0,0,0.00,0.00,0,0
1432851969,s1,0.00,0.00,0.00,0,0,0.00,0.00,0.00,0,0,0.00,0.00,0,0
1432851969,s0-eth1,187560.00,0.00,187560.00,0,18756,180.00,0.00,180.00,0,18,0.00,0.00,0,0
1432851969,s0-eth2,0.00,0.00,0.00,0,0,0.00,0.00,0.00,0,0,0.00,0.00,0,0
1432851969,s0-eth3,0.00,1271240.00,1271240.00,127124,0,0.00,1220.00,1220.00,122,0,0.00,0.00,0,0
1432851969,total,375120.00,1458800.00,1833920.00,145880,37512,360.00,1400.00,1760.00,140,36,0.00,0.00,0,0
1432851969,s1-eth1,0.00,187560.00,187560.00,18756,0,0.00,180.00,180.00,18,0,0.00,0.00,0,0
1432851969,s1-eth2,0.00,0.00,0.00,0,0,0.00,0.00,0.00,0,0,0.00,0.00,0,0
1432851969,s1-eth3,187560.00,0.00,187560.00,0,18756,180.00,0.00,180.00,0,18,0.00,0.00,0,0
1432851969,s0,0.00,0.00,0.00,0,0,0.00,0.00,0.00,0,0,0.00,0.00,0,0
1432851969,eth0,0.00,0.00,0.00,0,0,0.00,0.00,0.00,0,0,0.00,0.00,0,0
1432851969,lo,0.00,0.00,0.00,0,0,0.00,0.00,0.00,0,0,0.00,0.00,0,0
1432851969,s1,0.00,0.00,0.00,0,0,0.00,0.00,0.00,0,0,0.00,0.00,0,0
1432851969,s0-eth1,187560.00,0.00,187560.00,0,18756,180.00,0.00,180.00,0,18,0.00,0.00,0,0
1432851969,s0-eth2,0.00,0.00,0.00,0,0,0.00,0.00,0.00,0,0,0.00,0.00,0,0
1432851969,s0-eth3,0.00,420.00,420.00,42,0,0.00,10.00,10.00,1,0,0.00,0.00,0,0
1432851969,total,375120.00,187980.00,563100.00,18798,37512,360.00,190.00,550.00,19,36,0.00,0.00,0,0
1432851969,s1-eth1,420.00,420.00,840.00,42,42,10.00,10.00,20.00,1,1,0.00,0.00,0,0
1432851969,s1-eth2,0.00,0.00,0.00,0,0,0.00,0.00,0.00,0,0,0.00,0.00,0,0
1432851969,s1-eth3,10840.00,420.00,11260.00,42,1084,20.00,10.00,30.00,1,2,0.00,0.00,0,0
1432851969,s0,0.00,0.00,0.00,0,0,0.00,0.00,0.00,0,0,0.00,0.00,0,0
1432851969,eth0,0.00,0.00,0.00,0,0,0.00,0.00,0.00,0,0,0.00,0.00,0,0
1432851969,lo,0.00,0.00,0.00,0,0,0.00,0.00,0.00,0,0,0.00,0.00,0,0
1432851969,s1,0.00,0.00,0.00,0,0,0.00,0.00,0.00,0,0,0.00,0.00,0,0
1432851969,s0-eth1,420.00,420.00,840.00,42,42,10.00,10.00,20.00,1,1,0.00,0.00,0,0
1432851969,s0-eth2,0.00,0.00,0.00,0,0,0.00,0.00,0.00,0,0,0.00,0.00,0,0
1432851969,s0-eth3,420.00,0.00,420.00,0,42,10.00,0.00,10.00,0,1,0.00,0.00,0,0
1432851969,total,12100.00,1260.00,13360.00,126,1210,50.00,30.00,80.00,3,5,0.00,0.00,0,0
1432851969,s1-eth1,0.00,0.00,0.00,0,0,0.00,0.00,0.00,0,0,0.00,0.00,0,0
1432851969,s1-eth2,0.00,0.00,0.00,0,0,0.00,0.00,0.00,0,0,0.00,0.00,0,0
1432851969,s1-eth3,0.00,0.00,0.00,0,0,0.00,0.00,0.00,0,0,0.00,0.00,0,0
1432851969,s0,0.00,0.00,0.00,0,0,0.00,0.00,0.00,0,0,0.00,0.00,0,0
1432851969,eth0,0.00,0.00,0.00,0,0,0.00,0.00,0.00,0,0,0.00,0.00,0,0
1432851969,lo,0.00,0.00,0.00,0,0,0.00,0.00,0.00,0,0,0.00,0.00,0,0
1432851969,s1,0.00,0.00,0.00,0,0,0.00,0.00,0.00,0,0,0.00,0.00,0,0
1432851969,s0-eth1,0.00,0.00,0.00,0,0,0.00,0.00,0.00,0,0,0.00,0.00,0,0
1432851969,s0-eth2,0.00,0.00,0.00,0,0,0.00,0.00,0.00,0,0,0.00,0.00,0,0
1432851969,s0-eth3,0.00,0.00,0.00,0,0,0.00,0.00,0.00,0,0,0.00,0.00,0,0
1432851969,total,0.00,0.00,0.00,0,0,0.00,0.00,0.00,0,0,0.00,0.00,0,0
1432851969,s1-eth1,0.00,0.00,0.00,0,0,0.00,0.00,0.00,0,0,0.00,0.00,0,0
1432851969,s1-eth2,0.00,0.00,0.00,0,0,0.00,0.00,0.00,0,0,0.00,0.00,0,0
1432851969,s1-eth3,0.00,0.00,0.00,0,0,0.00,0.00,0.00,0,0,0.00,0.00,0,0
1432851969,s0,0.00,0.00,0.00,0,0,0.00,0.00,0.00,0,0,0.00,0.00,0,0
1432851969,eth0,0.00,0.00,0.00,0,0,0.00,0.00,0.00,0,0,0.00,0.00,0,0
1432851969,lo,0.00,0.00,0.00,0,0,0.00,0.00,0.00,0,0,0.00,0.00,0,0
1432851969,s1,0.00,0.00,0.00,0,0,0.00,0.00,0.00,0,0,0.00,0.00,0,0
1432851969,s0-eth1,0.00,0.00,0.00,0,0,0.00,0.00,0.00,0,0,0.00,0.00,0,0
1432851969,s0-eth2,0.00,0.00,0.00,0,0,0.00,0.00,0.00,0,0,0.00,0.00,0,0
1432851969,s0-eth3,0.00,0.00,0.00,0,0,0.00,0.00,0.00,0,0,0.00,0.00,0,0
1432851969,total,0.00,0.00,0.00,0,0,0.00,0.00,0.00,0,0,0.00,0.00,0,0
1432851969,s1-eth1,0.00,83360.00,83360.00,8336,0,0.00,80.00,80.00,8,0,0.00,0.00,0,0
1432851969,s1-eth2,0.00,0.00,0.00,0,0,0.00,0.00,0.00,0,0,0.00,0.00,0,0
1432851969,s0,0.00,0.00,0.00,0,0,0.00,0.00,0.00,0,0,0.00,0.00,0,0
1432851969,eth0,7940.00,0.00,7940.00,0,794,70.00,0.00,70.00,0,7,0.00,0.00,0,0
1432851969,lo,3120.00,3120.00,6240.00,312,312,60.00,60.00,120.00,6,6,0.00,0.00,0,0
1432851969,s1,0.00,0.00,0.00,0,0,0.00,0.00,0.00,0,0,0.00,0.00,0,0
1432851969,s0-eth1,83360.00,0.00,83360.00,0,8336,80.00,0.00,80.00,0,8,0.00,0.00,0,0
1432851969,s0-eth2,0.00,0.00,0.00,0,0,0.00,0.00,0.00,0,0,0.00,0.00,0,0
1432851969,s0-eth3,0.00,708560.00,708560.00,70856,0,0.00,680.00,680.00,68,0,0.00,0.00,0,0
1432851969,total,184467440737095516160.00,779740.00,184467440737095516160.00,77974,18446744073704506599,184467440737095483392.00,610.00,184467440737095483392.00,61,18446744073709546725,0.00,0.00,0,0
1432851970,s0,0.00,0.00,0.00,0,0,0.00,0.00,0.00,0,0,0.00,0.00,0,0
1432851970,eth0,4039.60,6534.65,10574.26,660,408,39.60,99.01,138.61,10,4,0.00,0.00,0,0
1432851970,lo,0.00,0.00,0.00,0,0,0.00,0.00,0.00,0,0,0.00,0.00,0,0
1432851970,s1,0.00,0.00,0.00,0,0,0.00,0.00,0.00,0,0,0.00,0.00,0,0
1432851970,total,182641037574150291456.00,182641037574150291456.00,182641037574150291456.00,18446744073663853263,18446744073704472409,182641037574150225920.00,182641037574149865472.00,182641037574149799936.00,18446744073709507625,18446744073709546478,0.00,0.00,0,0
1432851970,eth0,7240.00,4620.00,11860.00,462,724,60.00,70.00,130.00,7,6,0.00,0.00,0,0
1432851970,lo,0.00,0.00,0.00,0,0,0.00,0.00,0.00,0,0,0.00,0.00,0,0
1432851970,total,184467440737095516160.00,184467440737095516160.00,184467440737095516160.00,18446744073709545033,18446744073709551043,184467440737095516160.00,184467440737095516160.00,184467440737095516160.00,18446744073709551528,18446744073709551605,0.00,0.00,0,0
1432851970,eth0,0.00,0.00,0.00,0,0,0.00,0.00,0.00,0,0,0.00,0.00,0,0
1432851970,lo,0.00,0.00,0.00,0,0,0.00,0.00,0.00,0,0,0.00,0.00,0,0
1432851970,total,0.00,0.00,0.00,0,0,0.00,0.00,0.00,0,0,0.00,0.00,0,0
1432851970,eth0,0.00,0.00,0.00,0,0,0.00,0.00,0.00,0,0,0.00,0.00,0,0
1432851970,lo,0.00,0.00,0.00,0,0,0.00,0.00,0.00,0,0,0.00,0.00,0,0
1432851970,total,0.00,0.00,0.00,0,0,0.00,0.00,0.00,0,0,0.00,0.00,0,0
1432851970,eth0,0.00,0.00,0.00,0,0,0.00,0.00,0.00,0,0,0.00,0.00,0,0
1432851970,lo,0.00,0.00,0.00,0,0,0.00,0.00,0.00,0,0,0.00,0.00,0,0
1432851970,total,0.00,0.00,0.00,0,0,0.00,0.00,0.00,0,0,0.00,0.00,0,0
1432851970,eth0,0.00,0.00,0.00,0,0,0.00,0.00,0.00,0,0,0.00,0.00,0,0
1432851970,lo,0.00,0.00,0.00,0,0,0.00,0.00,0.00,0,0,0.00,0.00,0,0
1432851970,total,0.00,0.00,0.00,0,0,0.00,0.00,0.00,0,0,0.00,0.00,0,0
1432851970,eth0,0.00,0.00,0.00,0,0,0.00,0.00,0.00,0,0,0.00,0.00,0,0
1432851970,lo,0.00,0.00,0.00,0,0,0.00,0.00,0.00,0,0,0.00,0.00,0,0
1432851970,total,0.00,0.00,0.00,0,0,0.00,0.00,0.00,0,0,0.00,0.00,0,0
1432851970,eth0,0.00,0.00,0.00,0,0,0.00,0.00,0.00,0,0,0.00,0.00,0,0
1432851970,lo,0.00,0.00,0.00,0,0,0.00,0.00,0.00,0,0,0.00,0.00,0,0
1432851970,total,0.00,0.00,0.00,0,0,0.00,0.00,0.00,0,0,0.00,0.00,0,0
1432851970,eth0,0.00,0.00,0.00,0,0,0.00,0.00,0.00,0,0,0.00,0.00,0,0
1432851970,lo,0.00,0.00,0.00,0,0,0.00,0.00,0.00,0,0,0.00,0.00,0,0
1432851970,total,0.00,0.00,0.00,0,0,0.00,0.00,0.00,0,0,0.00,0.00,0,0
1432851970,eth0,0.00,0.00,0.00,0,0,0.00,0.00,0.00,0,0,0.00,0.00,0,0
1432851970,lo,0.00,0.00,0.00,0,0,0.00,0.00,0.00,0,0,0.00,0.00,0,0
1432851970,total,0.00,0.00,0.00,0,0,0.00,0.00,0.00,0,0,0.00,0.00,0,0
1432851971,eth0,0.00,0.00,0.00,0,0,0.00,0.00,0.00,0,0,0.00,0.00,0,0
1432851971,lo,0.00,0.00,0.00,0,0,0.00,0.00,0.00,0,0,0.00,0.00,0,0
1432851971,total,0.00,0.00,0.00,0,0,0.00,0.00,0.00,0,0,0.00,0.00,0,0
1432851971,eth0,0.00,0.00,0.00,0,0,0.00,0.00,0.00,0,0,0.00,0.00,0,0
1432851971,lo,0.00,0.00,0.00,0,0,0.00,0.00,0.00,0,0,0.00,0.00,0,0
1432851971,total,0.00,0.00,0.00,0,0,0.00,0.00,0.00,0,0,0.00,0.00,0,0
1432851971,eth0,0.00,0.00,0.00,0,0,0.00,0.00,0.00,0,0,0.00,0.00,0,0
1432851971,lo,0.00,0.00,0.00,0,0,0.00,0.00,0.00,0,0,0.00,0.00,0,0
1432851971,total,0.00,0.00,0.00,0,0,0.00,0.00,0.00,0,0,0.00,0.00,0,0
1432851971,eth0,0.00,0.00,0.00,0,0,0.00,0.00,0.00,0,0,0.00,0.00,0,0
1432851971,lo,0.00,0.00,0.00,0,0,0.00,0.00,0.00,0,0,0.00,0.00,0,0
1432851971,total,0.00,0.00,0.00,0,0,0.00,0.00,0.00,0,0,0.00,0.00,0,0
1432851971,eth0,0.00,0.00,0.00,0,0,0.00,0.00,0.00,0,0,0.00,0.00,0,0
1432851971,lo,0.00,0.00,0.00,0,0,0.00,0.00,0.00,0,0,0.00,0.00,0,0
1432851971,total,0.00,0.00,0.00,0,0,0.00,0.00,0.00,0,0,0.00,0.00,0,0
1432851971,eth0,0.00,0.00,0.00,0,0,0.00,0.00,0.00,0,0,0.00,0.00,0,0
1432851971,lo,0.00,0.00,0.00,0,0,0.00,0.00,0.00,0,0,0.00,0.00,0,0
1432851971,total,0.00,0.00,0.00,0,0,0.00,0.00,0.00,0,0,0.00,0.00,0,0
1432851971,eth0,0.00,0.00,0.00,0,0,0.00,0.00,0.00,0,0,0.00,0.00,0,0
1432851971,lo,0.00,0.00,0.00,0,0,0.00,0.00,0.00,0,0,0.00,0.00,0,0
1432851971,total,0.00,0.00,0.00,0,0,0.00,0.00,0.00,0,0,0.00,0.00,0,0
1432851971,eth0,0.00,0.00,0.00,0,0,0.00,0.00,0.00,0,0,0.00,0.00,0,0
1432851971,lo,0.00,0.00,0.00,0,0,0.00,0.00,0.00,0,0,0.00,0.00,0,0
1432851971,total,0.00,0.00,0.00,0,0,0.00,0.00,0.00,0,0,0.00,0.00,0,0
1432851971,eth0,0.00,0.00,0.00,0,0,0.00,0.00,0.00,0,0,0.00,0.00,0,0
1432851971,lo,0.00,0.00,0.00,0,0,0.00,0.00,0.00,0,0,0.00,0.00,0,0
1432851971,total,0.00,0.00,0.00,0,0,0.00,0.00,0.00,0,0,0.00,0.00,0,0
1432851971,eth0,0.00,0.00,0.00,0,0,0.00,0.00,0.00,0,0,0.00,0.00,0,0
1432851971,lo,0.00,0.00,0.00,0,0,0.00,0.00,0.00,0,0,0.00,0.00,0,0
1432851971,total,0.00,0.00,0.00,0,0,0.00,0.00,0.00,0,0,0.00,0.00,0,0
1432851972,eth0,0.00,0.00,0.00,0,0,0.00,0.00,0.00,0,0,0.00,0.00,0,0
1432851972,lo,0.00,0.00,0.00,0,0,0.00,0.00,0.00,0,0,0.00,0.00,0,0
1432851972,total,0.00,0.00,0.00,0,0,0.00,0.00,0.00,0,0,0.00,0.00,0,0
1432851972,eth0,0.00,0.00,0.00,0,0,0.00,0.00,0.00,0,0,0.00,0.00,0,0
1432851972,lo,0.00,0.00,0.00,0,0,0.00,0.00,0.00,0,0,0.00,0.00,0,0
1432851972,total,0.00,0.00,0.00,0,0,0.00,0.00,0.00,0,0,0.00,0.00,0,0
1432851972,eth0,0.00,0.00,0.00,0,0,0.00,0.00,0.00,0,0,0.00,0.00,0,0
1432851972,lo,0.00,0.00,0.00,0,0,0.00,0.00,0.00,0,0,0.00,0.00,0,0
1432851972,total,0.00,0.00,0.00,0,0,0.00,0.00,0.00,0,0,0.00,0.00,0,0
1432851972,eth0,0.00,0.00,0